/*--------------------------------*- C++ -*----------------------------------*\
| =========                 |                                                 |
| \\      /  F ield         | OpenFOAM: The Open Source CFD Toolbox           |
|  \\    /   O peration     | Version:  2506                                  |
|   \\  /    A nd           | Website:  www.openfoam.com                      |
|    \\/     M anipulation  |                                                 |
\*---------------------------------------------------------------------------*/
FoamFile
{
    version     2.0;
    format      ascii;
    arch        "LSB;label=32;scalar=64";
    class       volScalarField;
    location    "12000/water";
    object      epsilon;
}
// * * * * * * * * * * * * * * * * * * * * * * * * * * * * * * * * * * * * * //

dimensions      [0 2 -3 0 0 0 0];

internalField   nonuniform List<scalar> 
6000
(
0.00010005327
0.00010005311
0.00010005314
0.00010005327
0.00010005342
0.00010005363
0.0001000539
0.00010005427
0.00010005511
0.00010005982
0.00010010144
0.00010049509
0.00010424183
0.00014354191
0.00073980483
8.5785229e-05
8.5785556e-05
8.5786111e-05
8.5786982e-05
8.5788138e-05
8.5789633e-05
8.5791527e-05
8.5794043e-05
8.5798789e-05
8.581901e-05
8.5962524e-05
8.7071869e-05
9.5619929e-05
0.00016974081
0.0010520452
7.4267219e-05
7.4268013e-05
7.426896e-05
7.4270365e-05
7.4272213e-05
7.4274585e-05
7.4277581e-05
7.4281747e-05
7.4291154e-05
7.4336305e-05
7.4633748e-05
7.6634978e-05
9.0041817e-05
0.00019500629
0.0013270628
6.4852864e-05
6.485355e-05
6.4854661e-05
6.4856389e-05
6.4858676e-05
6.4861616e-05
6.4865387e-05
6.4871112e-05
6.4886838e-05
6.4967364e-05
6.5458677e-05
6.84101e-05
8.6285088e-05
0.00021715658
0.0015411415
5.7072087e-05
5.7072704e-05
5.7073918e-05
5.7075861e-05
5.7078448e-05
5.7081784e-05
5.7086167e-05
5.7093598e-05
5.7117581e-05
5.7242267e-05
5.7947685e-05
6.180797e-05
8.3505097e-05
0.0002348614
0.0016895689
5.0576692e-05
5.0577312e-05
5.0578592e-05
5.0580667e-05
5.0583434e-05
5.0587016e-05
5.0591882e-05
5.0601216e-05
5.0635234e-05
5.0810032e-05
5.1732149e-05
5.6406881e-05
8.1259069e-05
0.00024828861
0.0017792142
4.5104569e-05
4.5105188e-05
4.5106499e-05
4.5108638e-05
4.5111496e-05
4.5115213e-05
4.5120483e-05
4.5131961e-05
4.5177479e-05
4.5405527e-05
4.6535255e-05
5.1917397e-05
7.9376731e-05
0.00025838324
0.0018218943
4.0455895e-05
4.0456503e-05
4.045782e-05
4.0459977e-05
4.0462859e-05
4.0466628e-05
4.0472257e-05
4.0486117e-05
4.0544208e-05
4.0826355e-05
4.2148994e-05
4.8144563e-05
7.7837439e-05
0.00026629433
0.0018300463
3.6476506e-05
3.6477102e-05
3.6478406e-05
3.6480546e-05
3.6483399e-05
3.6487156e-05
3.6493116e-05
3.6509564e-05
3.6580944e-05
3.6916576e-05
3.8416896e-05
4.4958845e-05
7.6693461e-05
0.00027309124
0.0018145574
3.304611e-05
3.3046691e-05
3.304797e-05
3.3050065e-05
3.3052847e-05
3.3056537e-05
3.3062809e-05
3.3082024e-05
3.3167159e-05
3.3555102e-05
3.5220975e-05
4.2274823e-05
7.6025068e-05
0.00027965054
0.0017840405
3.0069857e-05
3.007042e-05
3.0071664e-05
3.0073692e-05
3.0076366e-05
3.0079941e-05
3.0086514e-05
3.0108667e-05
3.0207924e-05
3.0647227e-05
3.2471858e-05
4.0036357e-05
7.5917105e-05
0.00028663427
0.001744886
2.7472233e-05
2.7472777e-05
2.7473976e-05
2.7475917e-05
2.747845e-05
2.7481869e-05
2.7488744e-05
2.7514021e-05
2.7627825e-05
2.8118369e-05
3.010146e-05
3.820687e-05
7.6449192e-05
0.00029450875
0.0017016307
2.5192577e-05
2.5193098e-05
2.5194246e-05
2.5196082e-05
2.5198442e-05
2.520167e-05
2.520887e-05
2.5237507e-05
2.5366478e-05
2.5909414e-05
2.805763e-05
3.6763308e-05
7.7693097e-05
0.0003035735
0.00165739
2.3181748e-05
2.3182245e-05
2.3183333e-05
2.3185048e-05
2.3187207e-05
2.3190219e-05
2.3197794e-05
2.323011e-05
2.3375184e-05
2.3973213e-05
2.6300284e-05
3.5692527e-05
7.9712907e-05
0.00031398658
0.0016142425
2.1399629e-05
2.14001e-05
2.140112e-05
2.1402697e-05
2.140463e-05
2.1407412e-05
2.1415452e-05
2.1451882e-05
2.1614405e-05
2.2271964e-05
2.4798652e-05
3.4989203e-05
8.2565442e-05
0.00032578296
0.0015735325
1.9813231e-05
1.9813672e-05
1.9814616e-05
1.981604e-05
1.9817725e-05
1.9820279e-05
1.9828922e-05
1.9870043e-05
2.0051847e-05
2.0775227e-05
2.3529325e-05
3.4654636e-05
8.6299521e-05
0.00033888748
0.0015360911
1.8395236e-05
1.8395645e-05
1.8396506e-05
1.8397761e-05
1.8399183e-05
1.8401531e-05
1.8410972e-05
1.8457531e-05
1.8660989e-05
1.9458432e-05
2.2474895e-05
3.4695971e-05
9.095345e-05
0.00035312607
0.0015023901
1.7122886e-05
1.7123259e-05
1.7124028e-05
1.7125102e-05
1.712625e-05
1.7128438e-05
1.7138942e-05
1.7191872e-05
1.7419954e-05
1.8301752e-05
2.1622992e-05
3.5125546e-05
9.6550687e-05
0.00036823944
0.0014726449
1.5977101e-05
1.5977436e-05
1.5978105e-05
1.5978984e-05
1.5979859e-05
1.598196e-05
1.5993865e-05
1.6054312e-05
1.6310628e-05
1.7289248e-05
2.0965619e-05
3.5960111e-05
0.00010309413
0.00038390222
0.0014468811
1.4941799e-05
1.4942091e-05
1.4942652e-05
1.4943329e-05
1.494394e-05
1.4946058e-05
1.4959787e-05
1.5029124e-05
1.5317979e-05
1.6408225e-05
2.049868e-05
3.7219755e-05
0.00011055991
0.00039974861
0.00142498
1.4003348e-05
1.4003595e-05
1.4004041e-05
1.4004511e-05
1.400488e-05
1.4007153e-05
1.402322e-05
1.4103071e-05
1.442952e-05
1.5648751e-05
2.0221625e-05
3.8926414e-05
0.00011889194
0.00041540307
0.0014067117
1.3150142e-05
1.315034e-05
1.3150665e-05
1.3150927e-05
1.315109e-05
1.3153695e-05
1.3172714e-05
1.3264971e-05
1.3634892e-05
1.5003284e-05
2.0137155e-05
4.1101901e-05
0.00012799852
0.0004305123
0.0013917631
1.2372247e-05
1.2372393e-05
1.2372592e-05
1.237265e-05
1.2372659e-05
1.2375814e-05
1.2398506e-05
1.2505359e-05
1.2925534e-05
1.446641e-05
2.0250947e-05
4.3765469e-05
0.00013775238
0.00044477369
0.0013797649
1.1661123e-05
1.1661215e-05
1.1661286e-05
1.166115e-05
1.1661074e-05
1.1665043e-05
1.1692246e-05
1.1816209e-05
1.2294425e-05
1.4034634e-05
2.0571326e-05
4.6930996e-05
0.00014799478
0.00045795585
0.0013703185
1.1009401e-05
1.1009437e-05
1.1009378e-05
1.1009066e-05
1.1008994e-05
1.101409e-05
1.104677e-05
1.1190715e-05
1.1735881e-05
1.3706238e-05
2.1108871e-05
5.0604014e-05
0.00015854368
0.00046990849
0.0013630208
1.0410692e-05
1.041067e-05
1.0410485e-05
1.0410022e-05
1.0410062e-05
1.0416652e-05
1.0455917e-05
1.0623112e-05
1.1245399e-05
1.3481165e-05
2.1875889e-05
5.4778859e-05
0.00016920526
0.00048056142
0.0013574861
9.8594384e-06
9.8593586e-06
9.8590515e-06
9.8584721e-06
9.8587577e-06
9.8672657e-06
9.9143754e-06
1.0108535e-05
1.0819533e-05
1.3360938e-05
2.2885735e-05
5.9436317e-05
0.00017978706
0.00048991474
0.001353362
9.3507874e-06
9.3506504e-06
9.3502304e-06
9.3495787e-06
9.3502669e-06
9.3611826e-06
9.4175684e-06
9.6428999e-06
1.045581e-05
1.3348574e-05
2.4151946e-05
6.4542152e-05
0.00019011095
0.00049802341
0.0013503406
8.8804873e-06
8.8802951e-06
8.8797751e-06
8.879106e-06
8.8803818e-06
8.8942644e-06
8.9615474e-06
9.2228179e-06
1.0152655e-05
1.3448503e-05
2.5687206e-05
7.0046824e-05
0.00020002406
0.00050498001
0.0013481619
8.4448007e-06
8.4445568e-06
8.4439543e-06
8.4433345e-06
8.4454129e-06
8.4628989e-06
8.5429123e-06
8.8455163e-06
9.9093487e-06
1.3666457e-05
2.7502143e-05
7.5886621e-05
0.00020940613
0.0005108985
0.0013466143
8.0404324e-06
8.0401416e-06
8.0394792e-06
8.0389884e-06
8.0421174e-06
8.0639293e-06
8.1587433e-06
8.508784e-06
9.7259953e-06
1.4009323e-05
2.9604058e-05
8.1986182e-05
0.00021817297
0.000515901
0.00134553
7.664468e-06
7.6641372e-06
7.663443e-06
7.6631755e-06
7.6676392e-06
7.6945949e-06
7.8065457e-06
8.2109262e-06
9.6034999e-06
1.4484935e-05
3.1995646e-05
8.8262229e-05
0.00022627582
0.0005201082
0.0013447796
7.3143234e-06
7.3139614e-06
7.3132697e-06
7.3133352e-06
7.319458e-06
7.3524816e-06
7.4842048e-06
7.950732e-06
9.5435554e-06
1.5101802e-05
3.4673865e-05
9.4628078e-05
0.00023369766
0.00052363336
0.0013442658
6.9877006e-06
6.9873184e-06
6.9866703e-06
6.9871959e-06
6.9953468e-06
7.0354818e-06
7.1899496e-06
7.7274515e-06
9.5486283e-06
1.5868742e-05
3.7629068e-05
0.00010099842
0.00024044745
0.00052657911
0.0013439174
6.6825513e-06
6.6821625e-06
6.6816065e-06
6.6827386e-06
6.6933357e-06
6.741759e-06
6.9223234e-06
7.5407805e-06
9.6219392e-06
1.6794438e-05
4.0844541e-05
0.00010729381
0.00024655353
0.00052903629
0.0013436835
6.3970453e-06
6.396666e-06
6.3962591e-06
6.3981651e-06
6.411682e-06
6.4697206e-06
6.6801611e-06
7.3908531e-06
9.7674314e-06
1.7886905e-05
4.4296529e-05
0.00011344428
0.00025205715
0.0005310841
0.0013435288
6.1295436e-06
6.129193e-06
6.129001e-06
6.1318719e-06
6.1488438e-06
6.2179935e-06
6.4625723e-06
7.2782395e-06
9.9897187e-06
1.9152894e-05
4.7954808e-05
0.00011939198
0.0002570069
0.00053279086
0.0013434302
5.8785752e-06
5.8782757e-06
5.8783746e-06
5.8824275e-06
5.903459e-06
5.9854055e-06
6.2689287e-06
7.2039478e-06
1.0294006e-05
2.0597266e-05
5.1783773e-05
0.00012509231
0.00026145422
0.00053421506
0.001343373
5.6428172e-06
5.642595e-06
5.6430719e-06
5.6485531e-06
5.6743264e-06
5.7709695e-06
6.0988564e-06
7.1694287e-06
1.0685974e-05
2.2222385e-05
5.5743958e-05
0.00013051409
0.00026545026
0.00053540647
0.0013433493
5.4210776e-06
5.4209629e-06
5.4219174e-06
5.4291059e-06
5.4603909e-06
5.5738715e-06
5.9522322e-06
7.1765787e-06
1.1171622e-05
2.402758e-05
5.9793835e-05
0.00013563849
0.00026904378
0.00053640725
0.0013433553
5.2122808e-06
5.2123081e-06
5.2138535e-06
5.2230651e-06
5.26073e-06
5.3934608e-06
5.8291825e-06
7.2277422e-06
1.1757062e-05
2.6008735e-05
6.3891719e-05
0.00014045745
0.00027228005
0.00053725289
0.0013433902
5.0154542e-06
5.0156629e-06
5.0179281e-06
5.0295196e-06
5.0745437e-06
5.2292435e-06
5.7300867e-06
7.3257058e-06
1.2448271e-05
2.8158068e-05
6.7997575e-05
0.00014497164
0.00027520025
0.00053797313
0.0013434553
4.8297171e-06
4.8301524e-06
4.8332834e-06
4.847658e-06
4.9011459e-06
5.0808782e-06
5.6555823e-06
7.4736832e-06
1.3250796e-05
3.0464119e-05
7.2074575e-05
0.00014918835
0.00027784139
0.00053859274
0.0013435527
4.654271e-06
4.6549842e-06
4.6591465e-06
4.6767597e-06
4.739957e-06
4.9481738e-06
5.6065719e-06
7.675286e-06
1.4169424e-05
3.2911987e-05
7.6090277e-05
0.00015311953
0.00028023648
0.00053913229
0.0013436849
4.4883913e-06
4.4894404e-06
4.4948214e-06
4.5161875e-06
4.5904991e-06
4.8310889e-06
5.5842316e-06
7.9344756e-06
1.5207848e-05
3.5483783e-05
8.0017361e-05
0.00015678017
0.00028241474
0.00053960872
0.0013438547
4.3314193e-06
4.3328703e-06
4.3396818e-06
4.3653818e-06
4.452392e-06
4.7297343e-06
5.5900196e-06
8.2554924e-06
1.6368331e-05
3.8159287e-05
8.3833933e-05
0.00016018692
0.00028440196
0.00054003599
0.0013440645
4.1827562e-06
4.1846838e-06
4.1931653e-06
4.2238553e-06
4.3253508e-06
4.6443763e-06
5.6256833e-06
8.6427599e-06
1.7651409e-05
4.0916739e-05
8.7523434e-05
0.00016335711
0.00028622083
0.00054042551
0.0013443165
4.0418571e-06
4.0443457e-06
4.0547683e-06
4.0911891e-06
4.2091847e-06
4.5754417e-06
5.693263e-06
9.10076e-06
1.9055658e-05
4.3733691e-05
9.1074256e-05
0.00016630804
0.00028789123
0.00054078658
0.0013446125
3.9082261e-06
3.9113713e-06
3.9240414e-06
3.96703e-06
4.103797e-06
4.5235248e-06
5.7950909e-06
9.6338803e-06
2.0577552e-05
4.658786e-05
9.447915e-05
0.00016905655
0.0002894306
0.00054112679
0.0013449537
3.781412e-06
3.7853219e-06
3.8005859e-06
3.8510876e-06
4.0091864e-06
4.4893953e-06
5.9337827e-06
1.0246237e-05
2.2211424e-05
4.9457896e-05
9.7734538e-05
0.00017161867
0.00029085417
0.00054145227
0.001345341
3.6610043e-06
3.6658014e-06
3.6840513e-06
3.7431338e-06
3.9254494e-06
4.4740067e-06
6.1122181e-06
1.0941479e-05
2.3949551e-05
5.2324021e-05
0.00010083981
0.0001740095
0.00029217524
0.00054176798
0.0013457749
3.5466302e-06
3.5524531e-06
3.5741321e-06
3.6430016e-06
3.8527838e-06
4.4785051e-06
6.3335102e-06
1.172258e-05
2.5782348e-05
5.5168499e-05
0.00010379664
0.00017624311
0.00029340545
0.00054207791
0.0013462556
3.4379516e-06
3.4449572e-06
3.470567e-06
3.5505856e-06
3.7914931e-06
4.5042378e-06
6.600958e-06
1.2591637e-05
2.7698674e-05
5.7975926e-05
0.00010660842
0.00017833256
0.00029455494
0.00054238527
0.0013467828
3.3346627e-06
3.3430286e-06
3.373137e-06
3.4658429e-06
3.7419925e-06
4.5527599e-06
6.9179827e-06
1.3549688e-05
2.9686211e-05
6.0733357e-05
0.00010927977
0.00018028983
0.00029563258
0.00054269259
0.001347356
3.2364878e-06
3.2464154e-06
3.281665e-06
3.3887949e-06
3.7048152e-06
4.6258384e-06
7.2880455e-06
1.4596555e-05
3.1731891e-05
6.3430277e-05
0.00011181612
0.00018212593
0.00029664614
0.00054300189
0.0013479746
3.1431799e-06
3.1548974e-06
3.1960156e-06
3.3195298e-06
3.6806199e-06
4.7254524e-06
7.7145468e-06
1.5730746e-05
3.382234e-05
6.6058467e-05
0.0001142234
0.00018385092
0.00029760241
0.00054331477
0.0013486378
3.0545192e-06
3.0682854e-06
3.1160958e-06
3.2582055e-06
3.6701986e-06
4.8537869e-06
8.2007093e-06
1.6949409e-05
3.5944302e-05
6.8611787e-05
0.00011650785
0.00018547397
0.00029850735
0.00054363246
0.0013493444
2.9703119e-06
2.9864203e-06
3.0418551e-06
3.2050543e-06
3.6744852e-06
5.0132197e-06
8.7494483e-06
1.8248349e-05
3.8085015e-05
7.1085926e-05
0.00011867579
0.00018700343
0.00029936619
0.00054395589
0.0013500934
2.8903898e-06
2.9091733e-06
2.9732878e-06
3.1603869e-06
3.6945633e-06
5.2062984e-06
9.3632349e-06
1.9622123e-05
4.0232513e-05
7.3478132e-05
0.00012073351
0.00018844688
0.00030018354
0.00054428578
0.0013508836
2.8146096e-06
2.836446e-06
2.9104344e-06
3.1245986e-06
3.7316741e-06
5.4357063e-06
1.004396e-05
2.1064181e-05
4.2375859e-05
7.5786949e-05
0.00012268719
0.00018981121
0.00030096345
0.00054462266
0.0013517137
2.7428528e-06
2.7681709e-06
2.8533843e-06
3.098175e-06
3.7872216e-06
5.7042165e-06
1.079281e-05
2.256707e-05
4.4505285e-05
7.801198e-05
0.00012454279
0.00019110267
0.00030170949
0.00054496683
0.0013525823
2.6750262e-06
2.7043127e-06
2.8022791e-06
3.0816992e-06
3.862777e-06
6.0146317e-06
1.1610155e-05
2.4122665e-05
4.6612263e-05
8.0153674e-05
0.00012630606
0.00019232691
0.00030242477
0.00054531836
0.0013534882
2.6110622e-06
2.6448693e-06
2.7573159e-06
3.0758593e-06
3.9600781e-06
6.3697124e-06
1.2495478e-05
2.5722423e-05
4.8689514e-05
8.2213152e-05
0.00012798249
0.00019348922
0.00030311295
0.00054567958
0.0013544295
2.5509198e-06
2.5898742e-06
2.718752e-06
3.0814557e-06
4.0810247e-06
6.7720927e-06
1.3447327e-05
2.7357636e-05
5.0730962e-05
8.4192052e-05
0.00012957729
0.00019459431
0.00030377609
0.00054604532
0.0013554045
2.494586e-06
2.5393984e-06
2.6869098e-06
3.0994095e-06
4.2276673e-06
7.2241863e-06
1.4463315e-05
2.9019661e-05
5.2731649e-05
8.6092389e-05
0.00013109537
0.00019564635
0.00030441574
0.00054641397
0.001356411
2.4420772e-06
2.4935535e-06
2.6621824e-06
3.1307692e-06
4.4021887e-06
7.7280875e-06
1.5540154e-05
3.0700124e-05
5.468763e-05
8.7916448e-05
0.0001325413
0.00019664904
0.00030503329
0.00054678555
0.001357447
2.3934419e-06
2.4524951e-06
2.6450395e-06
3.1767179e-06
4.606876e-06
8.2854728e-06
1.6673738e-05
3.2391088e-05
5.6595867e-05
8.9666718e-05
0.00013391946
0.00019760628
0.00030563174
0.00054715702
0.0013585105
2.3487625e-06
2.4164266e-06
2.6360347e-06
3.2385776e-06
4.8440835e-06
8.897508e-06
1.7859256e-05
3.408518e-05
5.8454117e-05
9.1345824e-05
0.00013523396
0.00019852138
0.00030621175
0.00054752793
0.0013595997
2.3081594e-06
2.3856042e-06
2.6358124e-06
3.3178122e-06
5.1161851e-06
9.5647682e-06
1.9091327e-05
3.5775672e-05
6.0260821e-05
9.2956452e-05
0.00013648859
0.0001993969
0.00030677292
0.00054790012
0.0013607134
2.2717941e-06
2.3603414e-06
2.6451157e-06
3.4160263e-06
5.4255162e-06
1.0287176e-05
2.0364155e-05
3.7456524e-05
6.2015e-05
9.4501291e-05
0.00013768677
0.00020023506
0.00030731595
0.0005482748
0.0013618503
2.2398737e-06
2.3410154e-06
2.6647937e-06
3.5349598e-06
5.7743069e-06
1.1063963e-05
2.167169e-05
3.9122402e-05
6.3716164e-05
9.5983028e-05
0.0001388318
0.00020103833
0.00030784122
0.00054865322
0.0013630097
2.2126561e-06
2.3280734e-06
2.6958092e-06
3.6764764e-06
6.1646078e-06
1.189366e-05
2.3007781e-05
4.0768662e-05
6.5364246e-05
9.7404399e-05
0.00013992712
0.00020180982
0.00030834747
0.00054903725
0.0013641909
2.1904555e-06
2.32204e-06
2.7392452e-06
3.842546e-06
6.5982124e-06
1.2774116e-05
2.4366319e-05
4.2391323e-05
6.6959522e-05
9.8768019e-05
0.00014097539
0.00020254993
0.00030883711
0.00054942734
0.0013653934
2.1736491e-06
2.3235241e-06
2.7963109e-06
4.0352182e-06
7.0765794e-06
1.370254e-05
2.5741356e-05
4.398702e-05
6.8502524e-05
0.00010007635
0.0001419789
0.00020325984
0.00030931202
0.0005498234
0.0013666164
2.1626844e-06
2.3332282e-06
2.8683444e-06
4.2565876e-06
7.6007591e-06
1.4675575e-05
2.7127207e-05
4.5552949e-05
6.9993983e-05
0.00010133172
0.00014293979
0.00020394109
0.0003097737
0.00055022517
0.001367859
2.158087e-06
2.3519559e-06
2.9568139e-06
4.5087505e-06
8.1713301e-06
1.5689386e-05
2.8518525e-05
4.7086834e-05
7.1434898e-05
0.00010253684
0.00014386157
0.00020459275
0.00031022401
0.00055063281
0.0013691204
2.1604699e-06
2.3806209e-06
3.0633135e-06
4.7937524e-06
8.7883495e-06
1.6739762e-05
2.9910353e-05
4.8586858e-05
7.2826358e-05
0.00010369383
0.00014474502
0.00020521727
0.00031066403
0.00055104638
0.0013703998
2.1705425e-06
2.4202549e-06
3.1895554e-06
5.1135289e-06
9.4513215e-06
1.7822224e-05
3.1298154e-05
5.00516e-05
7.416948e-05
0.00010480453
0.00014559147
0.00020581672
0.00031109449
0.00055146583
0.0013716964
2.1891212e-06
2.472015e-06
3.3373545e-06
5.4698403e-06
1.0159186e-05
1.8932133e-05
3.2677818e-05
5.1479973e-05
7.5465397e-05
0.0001058707
0.00014640251
0.00020639288
0.00031151598
0.0005518909
0.0013730095
2.2171394e-06
2.5371894e-06
3.5086064e-06
5.8642047e-06
1.091033e-05
2.0064793e-05
3.4045679e-05
5.2871279e-05
7.6715685e-05
0.00010689531
0.0001471778
0.00020694761
0.00031192923
0.00055232138
0.0013743381
2.2556581e-06
2.6172001e-06
3.7052575e-06
6.2978309e-06
1.1702616e-05
2.1215542e-05
3.5398491e-05
5.4225043e-05
7.7921522e-05
0.00010787902
0.00014791972
0.00020748225
0.00031233485
0.00055275702
0.0013756814
2.3058756e-06
2.7136032e-06
3.9292659e-06
6.7715576e-06
1.2533434e-05
2.2379828e-05
3.6733396e-05
5.5540957e-05
7.908396e-05
0.00010882301
0.00014863031
0.00020799791
0.00031273333
0.00055319759
0.0013770387
2.3691364e-06
2.8280836e-06
4.1825542e-06
7.2858006e-06
1.3399764e-05
2.3553273e-05
3.8047917e-05
5.6818971e-05
8.0204411e-05
0.00010972814
0.00014931142
0.00020849561
0.00031312503
0.0005536428
0.0013784091
2.4469372e-06
2.9624436e-06
4.4669554e-06
7.8405129e-06
1.4298251e-05
2.4731722e-05
3.9339956e-05
5.8059301e-05
8.1284454e-05
0.00011059497
0.00014996474
0.00020897636
0.0003135103
0.00055409235
0.0013797918
2.5409304e-06
3.1185851e-06
4.7841518e-06
8.4351604e-06
1.5225285e-05
2.5911275e-05
4.0607688e-05
5.926202e-05
8.2324492e-05
0.00011142552
0.00015059167
0.00020944105
0.00031388942
0.00055454591
0.0013811859
2.6529218e-06
3.2984819e-06
5.1356114e-06
9.0687145e-06
1.6177077e-05
2.7088293e-05
4.1849524e-05
6.0427216e-05
8.3325312e-05
0.00011222155
0.00015119344
0.00020989046
0.00031426262
0.00055500317
0.0013825907
2.7848623e-06
3.5041438e-06
5.5225247e-06
9.7396637e-06
1.7149747e-05
2.8259462e-05
4.3064377e-05
6.1556063e-05
8.4286604e-05
0.00011298473
0.00015177128
0.00021032528
0.00031463009
0.0005554638
0.0013840054
2.9388309e-06
3.7375709e-06
5.9457436e-06
1.044604e-05
1.8139383e-05
2.9421735e-05
4.4251126e-05
6.2648238e-05
8.5209846e-05
0.00011371646
0.00015232628
0.00021074614
0.00031499199
0.00055592745
0.0013854292
3.1170067e-06
4.0006982e-06
6.4057298e-06
1.1185461e-05
1.9142099e-05
3.0572295e-05
4.5408721e-05
6.3703722e-05
8.609648e-05
0.00011441804
0.00015285945
0.00021115361
0.00031534843
0.00055639379
0.0013868613
3.3216292e-06
4.2953332e-06
6.9025132e-06
1.1955186e-05
2.0154122e-05
3.1708777e-05
4.6537129e-05
6.4721756e-05
8.6947831e-05
0.00011509069
0.00015337167
0.00021154817
0.0003156995
0.00055686247
0.0013883009
3.5549454e-06
4.6230874e-06
7.4356652e-06
1.2752174e-05
2.1171787e-05
3.2828884e-05
4.7635203e-05
6.5703015e-05
8.7765084e-05
0.00011573555
0.00015386379
0.00021193028
0.00031604524
0.00055733313
0.0013897473
3.8191435e-06
4.9853068e-06
8.0042869e-06
1.357315e-05
2.2191572e-05
3.393055e-05
4.8701864e-05
6.6648329e-05
8.8549332e-05
0.00011635365
0.00015433655
0.00021230032
0.0003163857
0.00055780542
0.0013911997
4.1162743e-06
5.3830034e-06
8.6070189e-06
1.4414691e-05
2.3210257e-05
3.5012495e-05
4.9735685e-05
6.7558463e-05
8.9301627e-05
0.00011694596
0.00015479064
0.00021265864
0.00031672087
0.00055827899
0.0013926572
4.4481636e-06
5.8167929e-06
9.2420587e-06
1.527325e-05
2.4224617e-05
3.607241e-05
5.0736632e-05
6.8434124e-05
9.0022949e-05
0.00011751337
0.00015522666
0.00021300553
0.00031705073
0.00055875345
0.0013941192
4.8163209e-06
6.2868463e-06
9.907215e-06
1.6145326e-05
2.5232155e-05
3.7107807e-05
5.1704679e-05
6.9276002e-05
9.0714209e-05
0.00011805667
0.00015564517
0.00021334124
0.00031737524
0.00055922844
0.0013955849
5.2218485e-06
6.7928506e-06
1.0599936e-05
1.7027337e-05
2.6229794e-05
3.8117151e-05
5.2639823e-05
7.008476e-05
9.1376253e-05
0.00011857661
0.00015604667
0.000213666
0.00031769433
0.00055970359
0.0013970535
5.6653622e-06
7.3340023e-06
1.1317445e-05
1.7916163e-05
2.7214022e-05
3.9099331e-05
5.3542101e-05
7.0861031e-05
9.2009863e-05
0.00011907386
0.00015643161
0.00021397998
0.0003180079
0.0005601785
0.0013985243
6.1469268e-06
7.9090066e-06
1.2056752e-05
1.880805e-05
2.8182134e-05
4.0053353e-05
5.4411584e-05
7.1605414e-05
9.2615758e-05
0.00011954903
0.00015680036
0.00021428332
0.00031831587
0.00056065279
0.0013999964
6.6660275e-06
8.5161465e-06
1.2814873e-05
1.9698972e-05
2.913184e-05
4.0978342e-05
5.5248369e-05
7.2318467e-05
9.3194598e-05
0.00012000266
0.00015715327
0.00021457612
0.00031861808
0.00056112607
0.0014014692
7.2216337e-06
9.1533921e-06
1.3587934e-05
2.0585549e-05
3.0061056e-05
4.1873534e-05
5.6052566e-05
7.3000713e-05
9.3746979e-05
0.00012043524
0.00015749064
0.00021485847
0.0003189144
0.00056159791
0.0014029417
7.8120133e-06
9.8178778e-06
1.4372271e-05
2.1464601e-05
3.0967892e-05
4.2738263e-05
5.6824296e-05
7.3652631e-05
9.4273444e-05
0.0001208472
0.0001578127
0.00021513039
0.00031920465
0.00056206792
0.0014044133
8.4347116e-06
1.0506399e-05
1.5164231e-05
2.2333161e-05
3.1850646e-05
4.3571951e-05
5.7563689e-05
7.4274663e-05
9.4774477e-05
0.00012123892
0.00015811967
0.0002153919
0.00031948864
0.00056253564
0.001405883
9.0867082e-06
1.1215456e-05
1.5960232e-05
2.3188488e-05
3.2707803e-05
4.4374105e-05
5.8270874e-05
7.4867212e-05
9.525051e-05
0.00012161073
0.00015841169
0.00021564297
0.00031976617
0.00056300066
0.0014073501
9.764507e-06
1.1941339e-05
1.6756801e-05
2.4028075e-05
3.3538023e-05
4.5144308e-05
5.8945988e-05
7.5430641e-05
9.5701923e-05
0.00012196291
0.0001586889
0.00021588355
0.000320037
0.0005634625
0.0014088137
1.0464242e-05
1.2680208e-05
1.7550618e-05
2.484965e-05
3.4340138e-05
4.5882223e-05
5.9589166e-05
7.596528e-05
9.6129048e-05
0.00012229567
0.00015895136
0.00021611356
0.00032030087
0.00056392069
0.0014102728
1.1181787e-05
1.3428172e-05
1.833854e-05
2.5651177e-05
3.5113152e-05
4.6587583e-05
6.0200554e-05
7.6471428e-05
9.6532173e-05
0.00012260921
0.00015919912
0.00021633288
0.00032055752
0.00056437476
0.0014117266
1.1912874e-05
1.4181366e-05
1.9117628e-05
2.6430858e-05
3.5856231e-05
4.72602e-05
6.0780305e-05
7.6949356e-05
9.6911543e-05
0.00012290366
0.00015943219
0.00021654137
0.00032080664
0.00056482419
0.0014131742
1.2653194e-05
1.4936016e-05
1.9885165e-05
2.7187124e-05
3.6568701e-05
4.7899959e-05
6.1328585e-05
7.7399314e-05
9.7267371e-05
0.00012317915
0.00015965054
0.00021673887
0.00032104792
0.00056526846
0.0014146144
1.3398501e-05
1.5688502e-05
2.0638668e-05
2.7918634e-05
3.7250044e-05
4.8506826e-05
6.1845579e-05
7.7821536e-05
9.7599834e-05
0.00012343573
0.00015985412
0.00021692518
0.00032128102
0.00056570704
0.0014160462
1.4144691e-05
1.64354e-05
2.1375893e-05
2.8624261e-05
3.7899895e-05
4.9080842e-05
6.2331495e-05
7.8216244e-05
9.7909088e-05
0.00012367345
0.00016004283
0.00021710008
0.00032150558
0.00056613935
0.0014174686
1.4887875e-05
1.7173527e-05
2.209484e-05
2.9303087e-05
3.8518031e-05
4.962213e-05
6.2786569e-05
7.858366e-05
9.8195269e-05
0.00012389233
0.00016021658
0.00021726335
0.00032172124
0.00056656482
0.0014188805
1.562443e-05
1.7899963e-05
2.2793754e-05
2.9954388e-05
3.9104368e-05
5.0130893e-05
6.3211075e-05
7.8924009e-05
9.8458499e-05
0.00012409237
0.00016037522
0.00021741472
0.00032192759
0.00056698285
0.0014202806
1.635104e-05
1.8612074e-05
2.3471115e-05
3.0577626e-05
3.9658951e-05
5.0607414e-05
6.3605321e-05
7.9237526e-05
9.8698894e-05
0.00012427356
0.00016051863
0.00021755393
0.00032212424
0.00056739282
0.0014216676
1.7064716e-05
1.930752e-05
2.4125638e-05
3.1172434e-05
4.0181947e-05
5.1052053e-05
6.3969662e-05
7.9524461e-05
9.8916574e-05
0.00012443587
0.00016064664
0.00021768069
0.00032231077
0.00056779412
0.0014230404
1.7762815e-05
1.9984257e-05
2.4756259e-05
3.1738602e-05
4.0673636e-05
5.1465248e-05
6.4304497e-05
7.9785092e-05
9.9111662e-05
0.00012457928
0.00016075911
0.00021779473
0.00032248676
0.00056818611
0.0014243975
1.8443032e-05
2.0640534e-05
2.5362127e-05
3.2276066e-05
4.11344e-05
5.1847512e-05
6.4610274e-05
8.001972e-05
9.92843e-05
0.00012470378
0.00016085586
0.00021789575
0.0003226518
0.00056856814
0.0014257377
1.9103403e-05
2.1274883e-05
2.5942588e-05
3.2784895e-05
4.1564716e-05
5.2199422e-05
6.488749e-05
8.0228682e-05
9.9434645e-05
0.00012480936
0.00016093676
0.00021798349
0.00032280545
0.00056893956
0.0014270594
1.9742286e-05
2.1886106e-05
2.6497177e-05
3.3265276e-05
4.1965142e-05
5.2521624e-05
6.5136692e-05
8.0412351e-05
9.9562883e-05
0.00012489603
0.00016100166
0.00021805766
0.00032294733
0.00056929975
0.0014283612
2.0358345e-05
2.2473255e-05
2.7025597e-05
3.3717503e-05
4.233631e-05
5.2814818e-05
6.5358477e-05
8.0571139e-05
9.9669231e-05
0.00012496384
0.00016105045
0.00021811801
0.00032307702
0.00056964806
0.0014296416
2.0950528e-05
2.3035622e-05
2.7527709e-05
3.4141963e-05
4.2678913e-05
5.3079759e-05
6.5553486e-05
8.0705499e-05
9.9753938e-05
0.00012501283
0.00016108304
0.00021816432
0.00032319415
0.00056998389
0.0014308991
2.1518044e-05
2.3572708e-05
2.8003515e-05
3.4539129e-05
4.2993701e-05
5.3317247e-05
6.5722405e-05
8.0815926e-05
9.9817292e-05
0.00012504313
0.00016109935
0.00021819637
0.00032329839
0.00057030664
0.0014321323
2.206034e-05
2.4084213e-05
2.8453145e-05
3.4909541e-05
4.3281467e-05
5.352812e-05
6.5865963e-05
8.0902956e-05
9.9859622e-05
0.00012505486
0.00016109937
0.00021821401
0.0003233894
0.00057061575
0.0014333396
2.2577075e-05
2.4570009e-05
2.8876842e-05
3.5253805e-05
4.3543042e-05
5.371325e-05
6.5984924e-05
8.0967167e-05
9.9881298e-05
0.00012504819
0.00016108311
0.0002182171
0.00032346693
0.00057091069
0.0014345195
2.3068096e-05
2.5030125e-05
2.9274948e-05
3.5572578e-05
4.3779283e-05
5.3873535e-05
6.6080083e-05
8.1009176e-05
9.9882735e-05
0.00012502336
0.00016105062
0.00021820555
0.00032353073
0.00057119099
0.0014356706
2.3533418e-05
2.5464723e-05
2.9647892e-05
3.586656e-05
4.3991073e-05
5.4009892e-05
6.6152267e-05
8.1029636e-05
9.9864388e-05
0.00012498062
0.00016100201
0.00021817933
0.00032358063
0.00057145621
0.0014367915
2.3973197e-05
2.5874085e-05
2.9996177e-05
3.6136485e-05
4.4179306e-05
5.4123255e-05
6.6202324e-05
8.1029236e-05
9.9826756e-05
0.00012492031
0.00016093743
0.00021813845
0.0003236165
0.00057170598
0.0014378807
2.4387717e-05
2.6258594e-05
3.0320367e-05
3.6383117e-05
4.4344888e-05
5.4214564e-05
6.6231122e-05
8.1008693e-05
9.9770378e-05
0.00012484277
0.00016085709
0.00021808299
0.00032363827
0.00057193997
0.001438937
2.4777365e-05
2.661872e-05
3.0621082e-05
3.6607239e-05
4.448873e-05
5.4284766e-05
6.6239544e-05
8.0968756e-05
9.9695831e-05
0.00012474841
0.00016076124
0.00021801307
0.00032364594
0.00057215794
0.0014399591
2.5142619e-05
2.6955002e-05
3.0898983e-05
3.6809653e-05
4.461174e-05
5.4334806e-05
6.622848e-05
8.0910192e-05
9.9603731e-05
0.0001246377
0.0001606502
0.00021792887
0.00032363955
0.00057235971
0.001440946
2.5484028e-05
2.7268041e-05
3.1154763e-05
3.6991166e-05
4.4714824e-05
5.4365625e-05
6.6198829e-05
8.0833794e-05
9.9494725e-05
0.00012451113
0.00016052434
0.00021783064
0.00032361923
0.00057254516
0.0014418966
2.5802204e-05
2.7558486e-05
3.1389147e-05
3.7152594e-05
4.4798881e-05
5.4378157e-05
6.6151493e-05
8.0740368e-05
9.9369491e-05
0.00012436924
0.00016038405
0.00021771869
0.00032358515
0.00057271425
0.0014428099
2.6097806e-05
2.7827023e-05
3.1602873e-05
3.7294751e-05
4.4864797e-05
5.4373323e-05
6.6087368e-05
8.0630732e-05
9.9228733e-05
0.00012421261
0.00016022982
0.00021759336
0.00032353757
0.00057286701
0.0014436852
2.6371529e-05
2.8074365e-05
3.1796698e-05
3.741845e-05
4.4913445e-05
5.4352034e-05
6.6007351e-05
8.0505715e-05
9.9073181e-05
0.00012404186
0.00016006215
0.00021745508
0.00032347678
0.00057300355
0.0014445219
2.66241e-05
2.8301251e-05
3.1971383e-05
3.7524497e-05
4.4945686e-05
5.4315182e-05
6.5912325e-05
8.036615e-05
9.8903581e-05
0.00012385764
0.00015988158
0.0002173043
0.00032340316
0.00057312403
0.0014453192
2.685626e-05
2.8508428e-05
3.2127694e-05
3.7613691e-05
4.4962361e-05
5.4263643e-05
6.5803168e-05
8.0212872e-05
9.8720699e-05
0.00012366063
0.00015968873
0.00021714155
0.00032331713
0.0005732287
0.0014460768
2.7068769e-05
2.8696655e-05
3.2266395e-05
3.7686817e-05
4.4964293e-05
5.4198274e-05
6.5680742e-05
8.0046715e-05
9.8525308e-05
0.00012345153
0.0001594842
0.00021696737
0.00032321915
0.00057331786
0.0014467945
2.726239e-05
2.8866694e-05
3.2388248e-05
3.774465e-05
4.4952287e-05
5.411991e-05
6.5545896e-05
7.9868509e-05
9.8318194e-05
0.00012323106
0.00015926867
0.00021678236
0.00032310975
0.00057339186
0.0014474721
2.7437888e-05
2.9019303e-05
3.2494004e-05
3.7787947e-05
4.4927125e-05
5.4029367e-05
6.5399461e-05
7.9679077e-05
9.8100146e-05
0.00012299996
0.00015904283
0.00021658716
0.00032298949
0.00057345114
0.0014481095
2.7596028e-05
2.9155238e-05
3.2584407e-05
3.7817451e-05
4.488957e-05
5.3927435e-05
6.524225e-05
7.9479232e-05
9.7871955e-05
0.000122759
0.00015880737
0.00021638243
0.00032285897
0.00057349616
0.0014487069
2.7737566e-05
2.9275244e-05
3.2660186e-05
3.7833889e-05
4.4840362e-05
5.3814884e-05
6.5075058e-05
7.9269775e-05
9.763441e-05
0.00012250892
0.00015856303
0.00021616886
0.00032271882
0.00057352742
0.0014492644
2.7863249e-05
2.9380056e-05
3.2722059e-05
3.7837967e-05
4.478022e-05
5.369246e-05
6.4898658e-05
7.9051495e-05
9.7388296e-05
0.0001222505
0.00015831055
0.00021594715
0.0003225697
0.00057354548
0.0014497826
2.7973814e-05
2.9470398e-05
3.2770726e-05
3.7830373e-05
4.470984e-05
5.3560885e-05
6.4713801e-05
7.8825164e-05
9.7134389e-05
0.0001219845
0.00015805068
0.00021571803
0.00032241228
0.00057355093
0.0014502617
2.8069982e-05
2.9546975e-05
3.2806873e-05
3.7811777e-05
4.4629896e-05
5.3420857e-05
6.4521218e-05
7.8591535e-05
9.6873456e-05
0.0001217117
0.00015778417
0.00021548223
0.00032224726
0.00057354438
0.0014507025
2.8152458e-05
2.9610481e-05
3.2831167e-05
3.7782828e-05
4.4541039e-05
5.3273051e-05
6.4321615e-05
7.8351346e-05
9.6606252e-05
0.00012143284
0.00015751179
0.00021524049
0.00032207534
0.00057352645
0.0014511055
2.8221933e-05
2.9661589e-05
3.2844255e-05
3.7744156e-05
4.44439e-05
5.3118117e-05
6.4115675e-05
7.8105312e-05
9.6333515e-05
0.00012114869
0.00015723427
0.00021499355
0.00032189723
0.0005734978
0.0014514716
2.8279076e-05
2.9700954e-05
3.284677e-05
3.7696371e-05
4.4339085e-05
5.2956681e-05
6.390406e-05
7.7854127e-05
9.6055967e-05
0.00012085998
0.00015695237
0.00021474215
0.00032171363
0.00057345908
0.0014518016
2.8324541e-05
2.9729215e-05
3.2839322e-05
3.7640062e-05
4.422718e-05
5.2789348e-05
6.3687404e-05
7.7598464e-05
9.5774311e-05
0.00012056743
0.00015666681
0.000214487
0.00032152525
0.00057341097
0.0014520964
2.835896e-05
2.974699e-05
3.2822504e-05
3.7575797e-05
4.4108748e-05
5.2616697e-05
6.346632e-05
7.7338973e-05
9.5489231e-05
0.00012027174
0.00015637831
0.00021422882
0.00032133277
0.00057335412
0.0014523571
2.8382948e-05
2.9754876e-05
3.2796888e-05
3.7504128e-05
4.3984333e-05
5.2439285e-05
6.3241396e-05
7.707628e-05
9.5201388e-05
0.00011997362
0.00015608758
0.00021396832
0.00032113687
0.00057328919
0.0014525847
2.8397097e-05
2.9753453e-05
3.2763028e-05
3.7425584e-05
4.3854455e-05
5.2257648e-05
6.3013198e-05
7.6810986e-05
9.4911419e-05
0.00011967372
0.00015579529
0.00021370616
0.00032093821
0.00057321685
0.0014527802
2.8401981e-05
2.9743282e-05
3.2721457e-05
3.7340675e-05
4.3719617e-05
5.2072295e-05
6.2782264e-05
7.6543671e-05
9.461994e-05
0.00011937269
0.00015550211
0.00021344302
0.00032073744
0.00057313773
0.0014529449
2.8398155e-05
2.97249e-05
3.2672692e-05
3.7249893e-05
4.3580297e-05
5.1883719e-05
6.2549113e-05
7.6274887e-05
9.4327541e-05
0.00011907114
0.00015520866
0.00021317952
0.00032053518
0.00057305245
0.0014530799
2.8386152e-05
2.969883e-05
3.2617227e-05
3.7153709e-05
4.3436958e-05
5.1692386e-05
6.2314237e-05
7.6005163e-05
9.4034786e-05
0.00011876967
0.00015491557
0.00021291627
0.00032033201
0.00057296164
0.0014531864
2.8366487e-05
2.9665573e-05
3.2555541e-05
3.7052578e-05
4.329004e-05
5.1498745e-05
6.2078108e-05
7.5735003e-05
9.3742213e-05
0.00011846885
0.00015462341
0.00021265386
0.00032012851
0.00057286589
0.0014532657
2.8339656e-05
2.9625611e-05
3.2488093e-05
3.6946935e-05
4.3139966e-05
5.1303223e-05
6.1841173e-05
7.5464885e-05
9.3450336e-05
0.00011816922
0.00015433273
0.00021239283
0.00031992521
0.00057276575
0.001453319
2.8306135e-05
2.9579408e-05
3.2415324e-05
3.6837197e-05
4.298714e-05
5.1106224e-05
6.1603858e-05
7.5195266e-05
9.3159642e-05
0.00011787128
0.00015404406
0.00021213371
0.00031972262
0.00057266178
0.0014533474
2.8266381e-05
2.9527409e-05
3.2337656e-05
3.6723763e-05
4.2831946e-05
5.0908136e-05
6.1366565e-05
7.4926576e-05
9.2870589e-05
0.00011757552
0.0001537579
0.00021187699
0.00031952122
0.0005725545
0.0014533523
2.8220834e-05
2.9470043e-05
3.2255497e-05
3.6607018e-05
4.2674753e-05
5.0709326e-05
6.1129676e-05
7.4659221e-05
9.2583612e-05
0.00011728241
0.00015347471
0.00021162312
0.00031932145
0.00057244441
0.0014533349
2.8169915e-05
2.9407719e-05
3.2169234e-05
3.6487327e-05
4.2515911e-05
5.0510143e-05
6.0893553e-05
7.4393584e-05
9.229912e-05
0.00011699236
0.00015319493
0.00021137254
0.00031912375
0.00057233198
0.0014532965
2.8114029e-05
2.9340831e-05
3.2079241e-05
3.6365039e-05
4.2355753e-05
5.0310915e-05
6.0658535e-05
7.4130026e-05
9.2017494e-05
0.00011670577
0.00015291896
0.00021112565
0.00031892848
0.00057221766
0.0014532381
2.8053563e-05
2.9269756e-05
3.1985873e-05
3.6240488e-05
4.2194596e-05
5.0111956e-05
6.0424942e-05
7.3868882e-05
9.173909e-05
0.00011642302
0.00015264718
0.00021088279
0.00031873601
0.00057210185
0.0014531611
2.7988886e-05
2.9194852e-05
3.1889472e-05
3.6113993e-05
4.2032741e-05
4.9913559e-05
6.0193075e-05
7.3610469e-05
9.1464242e-05
0.00011614445
0.00015237992
0.00021064432
0.00031854665
0.00057198497
0.0014530665
2.7920355e-05
2.9116465e-05
3.1790362e-05
3.5985856e-05
4.1870473e-05
4.9716002e-05
5.9963215e-05
7.3355079e-05
9.1193256e-05
0.00011587037
0.00015211751
0.00021041054
0.00031836071
0.00057186736
0.0014529556
2.7848306e-05
2.9034923e-05
3.1688853e-05
3.5856366e-05
4.1708064e-05
4.9519547e-05
5.9735624e-05
7.3102985e-05
9.0926415e-05
0.00011560109
0.00015186024
0.0002101817
0.00031817845
0.00057174938
0.0014528294
2.7773065e-05
2.8950541e-05
3.1585241e-05
3.5725797e-05
4.1545767e-05
4.9324438e-05
5.9510547e-05
7.2854438e-05
9.0663981e-05
0.00011533685
0.00015160836
0.00020995807
0.0003180001
0.00057163134
0.0014526891
2.7694939e-05
2.8863618e-05
3.1479808e-05
3.5594409e-05
4.1383825e-05
4.9130906e-05
5.9288213e-05
7.260967e-05
9.0406191e-05
0.00011507791
0.0001513621
0.00020973986
0.00031782588
0.00057151353
0.0014525357
2.7614222e-05
2.877444e-05
3.1372821e-05
3.5462449e-05
4.1222465e-05
4.8939166e-05
5.9068831e-05
7.2368894e-05
9.015326e-05
0.00011482447
0.00015112167
0.00020952725
0.00031765596
0.00057139622
0.0014523701
2.7531195e-05
2.8683277e-05
3.1264535e-05
3.5330149e-05
4.1061901e-05
4.8749417e-05
5.8852596e-05
7.2132303e-05
8.9905384e-05
0.00011457673
0.00015088725
0.00020932041
0.0003174905
0.00057127964
0.0014521935
2.7446126e-05
2.8590388e-05
3.1155192e-05
3.5197732e-05
4.0902334e-05
4.8561847e-05
5.8639686e-05
7.1900074e-05
8.9662737e-05
0.00011433485
0.00015065899
0.00020911947
0.00031732965
0.00057116405
0.0014520068
2.7359267e-05
2.849602e-05
3.1045021e-05
3.5065405e-05
4.0743952e-05
4.8376628e-05
5.8430265e-05
7.1672365e-05
8.9425473e-05
0.00011409899
0.00015043704
0.00020892458
0.00031717365
0.00057104997
0.0014518107
2.727086e-05
2.8400405e-05
3.0934238e-05
3.4933366e-05
4.0586933e-05
4.8193921e-05
5.8224483e-05
7.1449319e-05
8.919373e-05
0.00011386926
0.0001502215
0.00020873582
0.00031702249
0.00057093662
0.0014516062
2.7181134e-05
2.8303764e-05
3.082305e-05
3.48018e-05
4.0431441e-05
4.8013873e-05
5.8022475e-05
7.1231063e-05
8.8967624e-05
0.00011364579
0.00015001246
0.00020855324
0.00031687611
0.00057082383
0.0014513937
2.7090307e-05
2.8206307e-05
3.0711651e-05
3.4670881e-05
4.027763e-05
4.783662e-05
5.7824362e-05
7.1017707e-05
8.8747259e-05
0.00011342865
0.00014981001
0.00020837698
0.00031673488
0.00057071085
0.001451174
2.6998585e-05
2.8108233e-05
3.0600224e-05
3.4540773e-05
4.0125642e-05
4.7662286e-05
5.7630254e-05
7.0809349e-05
8.8532719e-05
0.00011321792
0.0001496142
0.00020820704
0.0003165984
0.00057059808
0.0014509477
2.6906162e-05
2.800973e-05
3.0488941e-05
3.4411629e-05
3.9975609e-05
4.7490984e-05
5.7440247e-05
7.0606072e-05
8.8324075e-05
0.00011301365
0.00014942505
0.00020804334
0.00031646642
0.000570486
0.0014507155
2.6813223e-05
2.7910973e-05
3.0377966e-05
3.4283591e-05
3.9827655e-05
4.7322816e-05
5.7254426e-05
7.0407946e-05
8.8121383e-05
0.0001128159
0.00014924263
0.00020788602
0.00031633846
0.00057037515
0.0014504783
2.6719942e-05
2.7812132e-05
3.0267452e-05
3.4156795e-05
3.968189e-05
4.7157874e-05
5.7072867e-05
7.021503e-05
8.7924689e-05
0.00011262468
0.00014906692
0.00020773492
0.00031621449
0.00057026591
0.0014502367
2.6626484e-05
2.7713363e-05
3.0157541e-05
3.4031364e-05
3.953842e-05
4.6996242e-05
5.6895632e-05
7.0027371e-05
8.7734019e-05
0.00011244
0.00014889784
0.00020758978
0.0003160947
0.00057015852
0.0014499915
2.6533003e-05
2.7614815e-05
3.0048369e-05
3.3907413e-05
3.9397338e-05
4.6837992e-05
5.6722775e-05
6.9845006e-05
8.7549398e-05
0.00011226189
0.00014873548
0.00020745024
0.00031597927
0.00057005319
0.0014497434
2.6439646e-05
2.7516627e-05
2.994006e-05
3.3785051e-05
3.925873e-05
4.6683189e-05
5.6554342e-05
6.9667961e-05
8.7370832e-05
0.0001120903
0.00014857968
0.00020731622
0.00031586829
0.0005699501
0.0014494931
2.6346549e-05
2.7418929e-05
2.9832733e-05
3.3664377e-05
3.9122675e-05
4.653189e-05
5.6390369e-05
6.949625e-05
8.7198307e-05
0.00011192518
0.00014843024
0.00020718776
0.00031576181
0.00056984939
0.0014492411
2.6253841e-05
2.7321844e-05
2.9726497e-05
3.354548e-05
3.8989242e-05
4.6384144e-05
5.6230883e-05
6.9329887e-05
8.7031838e-05
0.00011176658
0.00014828683
0.0002070649
0.00031565984
0.00056975117
0.001448988
2.6161644e-05
2.7225487e-05
2.9621453e-05
3.3428447e-05
3.8858495e-05
4.6239991e-05
5.6075904e-05
6.9168866e-05
8.6871373e-05
0.00011161431
0.00014814943
0.00020694761
0.0003155624
0.00056965553
0.0014487344
2.6070069e-05
2.7129965e-05
2.9517696e-05
3.3313352e-05
3.873049e-05
4.6099468e-05
5.5925447e-05
6.9013185e-05
8.6716898e-05
0.00011146816
0.00014801802
0.00020683585
0.00031546947
0.00056956255
0.0014484808
2.5979223e-05
2.7035377e-05
2.9415313e-05
3.3200267e-05
3.8605277e-05
4.5962601e-05
5.5779518e-05
6.8862824e-05
8.6568353e-05
0.00011132797
0.00014789256
0.00020672956
0.000315381
0.00056947227
0.0014482276
2.5889204e-05
2.6941816e-05
2.9314385e-05
3.3089255e-05
3.8482899e-05
4.5829412e-05
5.5638116e-05
6.8717756e-05
8.6425571e-05
0.0001111937
0.00014777297
0.0002066287
0.00031529697
0.00056938474
0.0014479753
2.5800103e-05
2.6849368e-05
2.9214986e-05
3.2980373e-05
3.8363395e-05
4.5699919e-05
5.5501239e-05
6.8577966e-05
8.6288384e-05
0.0001110653
0.00014765919
0.00020653317
0.0003152173
0.00056929997
0.0014477243
2.5712007e-05
2.6758113e-05
2.9117185e-05
3.2873674e-05
3.8246796e-05
4.5574134e-05
5.5368874e-05
6.8443318e-05
8.6156746e-05
0.00011094269
0.00014755112
0.00020644289
0.00031514193
0.00056921797
0.0014474749
2.5624994e-05
2.6668125e-05
2.9021043e-05
3.2769205e-05
3.8133131e-05
4.5452064e-05
5.524101e-05
6.8313686e-05
8.6030592e-05
0.00011082579
0.00014744868
0.00020635776
0.00031507078
0.00056913876
0.0014472276
2.5539137e-05
2.6579472e-05
2.8926619e-05
3.2667007e-05
3.8022426e-05
4.5333721e-05
5.5117538e-05
6.8189023e-05
8.5909852e-05
0.00011071451
0.00014735177
0.00020627769
0.00031500376
0.00056906231
0.0014469826
2.5454504e-05
2.6492216e-05
2.8833965e-05
3.256712e-05
3.7914701e-05
4.5219079e-05
5.4998391e-05
6.8069272e-05
8.5794449e-05
0.00011060876
0.00014726028
0.00020620256
0.0003149408
0.00056898862
0.0014467403
2.5371158e-05
2.6406416e-05
2.8743129e-05
3.2469577e-05
3.7809978e-05
4.5108069e-05
5.4883525e-05
6.7954369e-05
8.5684303e-05
0.00011050845
0.00014717409
0.00020613225
0.00031488178
0.00056891767
0.0014465009
2.5289157e-05
2.6322127e-05
2.8654158e-05
3.2374419e-05
3.7708217e-05
4.5000664e-05
5.4772897e-05
6.7844249e-05
8.5579328e-05
0.00011041347
0.0001470931
0.00020606665
0.0003148266
0.00056884942
0.0014462646
2.5208557e-05
2.6239401e-05
2.8567095e-05
3.2281639e-05
3.7609409e-05
4.4896838e-05
5.4666456e-05
6.7738843e-05
8.5479434e-05
0.00011032371
0.00014701718
0.00020600563
0.00031477518
0.00056878384
0.0014460318
2.5129409e-05
2.615828e-05
2.8481959e-05
3.2191243e-05
3.7513544e-05
4.4796558e-05
5.4564153e-05
6.7638078e-05
8.5384529e-05
0.00011023905
0.00014694621
0.00020594906
0.00031472739
0.0005687209
0.0014458026
2.5051751e-05
2.6078797e-05
2.839877e-05
3.2103237e-05
3.7420606e-05
4.4699791e-05
5.446593e-05
6.7541878e-05
8.5294515e-05
0.0001101594
0.00014688005
0.00020589682
0.00031468313
0.00056866055
0.0014455772
2.4975619e-05
2.6000979e-05
2.8317545e-05
3.2017621e-05
3.733058e-05
4.4606501e-05
5.4371733e-05
6.7450164e-05
8.5209292e-05
0.00011008461
0.00014681858
0.00020584877
0.00031464228
0.00056860276
0.0014453558
2.490104e-05
2.5924851e-05
2.8238297e-05
3.1934396e-05
3.7243447e-05
4.4516649e-05
5.42815e-05
6.7362855e-05
8.5128759e-05
0.00011001459
0.00014676167
0.00020580479
0.00031460475
0.00056854747
0.0014451385
2.4828042e-05
2.5850432e-05
2.8161036e-05
3.1853556e-05
3.7159187e-05
4.4430195e-05
5.4195171e-05
6.7279866e-05
8.5052811e-05
0.0001099492
0.00014670918
0.00020576473
0.00031457041
0.00056849463
0.0014449254
2.4756645e-05
2.5777741e-05
2.808577e-05
3.1775096e-05
3.7077775e-05
4.4347096e-05
5.4112679e-05
6.7201112e-05
8.498134e-05
0.00010988831
0.00014666097
0.00020572846
0.00031453915
0.00056844421
0.0014447168
2.4686868e-05
2.5706791e-05
2.8012504e-05
3.1699008e-05
3.6999186e-05
4.4267306e-05
5.4033959e-05
6.7126504e-05
8.4914238e-05
0.00010983181
0.00014661691
0.00020569585
0.00031451087
0.00056839615
0.0014445126
2.4618727e-05
2.5637593e-05
2.794124e-05
3.162528e-05
3.6923393e-05
4.4190778e-05
5.3958943e-05
6.7055953e-05
8.4851395e-05
0.00010977957
0.00014657686
0.00020566677
0.00031448545
0.00056835039
0.001444313
2.4552234e-05
2.5570157e-05
2.7871978e-05
3.1553899e-05
3.6850364e-05
4.4117462e-05
5.388756e-05
6.6989367e-05
8.47927e-05
0.00010973146
0.00014654069
0.00020564109
0.00031446278
0.00056830688
0.0014441181
2.44874e-05
2.5504488e-05
2.7804715e-05
3.1484849e-05
3.678007e-05
4.4047309e-05
5.3819739e-05
6.6926654e-05
8.473804e-05
0.00010968734
0.00014650827
0.00020561866
0.00031444276
0.00056826559
0.0014439279
2.4424231e-05
2.5440589e-05
2.7739446e-05
3.1418112e-05
3.6712475e-05
4.3980265e-05
5.3755407e-05
6.6867719e-05
8.4687302e-05
0.0001096471
0.00014647945
0.00020559937
0.00031442527
0.00056822643
0.0014437425
2.4362733e-05
2.5378462e-05
2.7676164e-05
3.135367e-05
3.6647544e-05
4.3916276e-05
5.3694489e-05
6.6812468e-05
8.4640373e-05
0.00010961061
0.00014645409
0.00020558307
0.00031441022
0.00056818938
0.001443562
2.4302908e-05
2.5318105e-05
2.7614859e-05
3.12915e-05
3.6585241e-05
4.3855287e-05
5.3636909e-05
6.6760805e-05
8.4597139e-05
0.00010957773
0.00014643208
0.00020556965
0.00031439749
0.00056815436
0.0014433863
2.4244757e-05
2.5259516e-05
2.755552e-05
3.123158e-05
3.6525525e-05
4.379724e-05
5.3582591e-05
6.6712633e-05
8.4557485e-05
0.00010954835
0.00014641327
0.00020555897
0.00031438698
0.00056812132
0.0014432155
2.4188278e-05
2.5202689e-05
2.7498135e-05
3.1173884e-05
3.6468357e-05
4.3742077e-05
5.3531457e-05
6.6667856e-05
8.4521299e-05
0.00010952233
0.00014639753
0.00020555092
0.00031437859
0.00056809021
0.0014430497
2.4133468e-05
2.5147617e-05
2.7442687e-05
3.1118385e-05
3.6413696e-05
4.368974e-05
5.3483429e-05
6.6626377e-05
8.4488464e-05
0.00010949954
0.00014638474
0.00020554537
0.00031437222
0.00056806096
0.0014428888
2.4080321e-05
2.509429e-05
2.7389161e-05
3.1065056e-05
3.6361498e-05
4.3640167e-05
5.3438428e-05
6.6588097e-05
8.445887e-05
0.00010947987
0.00014637476
0.00020554219
0.00031436778
0.00056803353
0.0014427328
2.4028829e-05
2.5042699e-05
2.7337537e-05
3.1013867e-05
3.631172e-05
4.3593298e-05
5.3396375e-05
6.6552921e-05
8.4432402e-05
0.00010946319
0.00014636747
0.00020554127
0.00031436515
0.00056800784
0.0014425817
2.3978985e-05
2.499283e-05
2.7287797e-05
3.0964787e-05
3.6264315e-05
4.3549071e-05
5.335719e-05
6.652075e-05
8.4408948e-05
0.00010944938
0.00014636275
0.0002055425
0.00031436426
0.00056798385
0.0014424355
2.3930777e-05
2.494467e-05
2.7239919e-05
3.0917784e-05
3.6219239e-05
4.3507424e-05
5.3320792e-05
6.6491488e-05
8.4388399e-05
0.00010943831
0.00014636047
0.00020554577
0.00031436501
0.00056796149
0.0014422942
2.3884193e-05
2.4898204e-05
2.719388e-05
3.0872825e-05
3.6176444e-05
4.3468293e-05
5.3287103e-05
6.6465039e-05
8.4370642e-05
0.00010942988
0.00014636051
0.00020555095
0.00031436731
0.00056794071
0.0014421577
2.3839219e-05
2.4853414e-05
2.7149657e-05
3.0829875e-05
3.6135882e-05
4.3431615e-05
5.3256042e-05
6.6441306e-05
8.435557e-05
0.00010942396
0.00014636276
0.00020555795
0.00031437107
0.00056792146
0.001442026
2.3795842e-05
2.4810283e-05
2.7107225e-05
3.07889e-05
3.6097505e-05
4.3397326e-05
5.3227528e-05
6.6420194e-05
8.4343075e-05
0.00010942043
0.0001463671
0.00020556667
0.00031437622
0.00056790369
0.001441899
2.3754043e-05
2.4768792e-05
2.7066558e-05
3.0749863e-05
3.6061264e-05
4.3365363e-05
5.3201483e-05
6.640161e-05
8.4333052e-05
0.0001094192
0.00014637343
0.00020557699
0.00031438267
0.00056788734
0.0014417767
2.3713807e-05
2.4728919e-05
2.7027628e-05
3.0712727e-05
3.602711e-05
4.3335661e-05
5.3177827e-05
6.6385459e-05
8.4325395e-05
0.00010942013
0.00014638163
0.00020558884
0.00031439035
0.00056787238
0.001441659
2.3675115e-05
2.4690643e-05
2.6990408e-05
3.0677454e-05
3.5994991e-05
4.3308156e-05
5.3156481e-05
6.6371649e-05
8.4320002e-05
0.00010942314
0.00014639161
0.0002056021
0.00031439919
0.00056785876
0.0014415459
2.3637946e-05
2.4653943e-05
2.6954869e-05
3.0644007e-05
3.5964859e-05
4.3282783e-05
5.3137367e-05
6.636009e-05
8.4316772e-05
0.00010942811
0.00014640324
0.00020561669
0.00031440911
0.00056784643
0.0014414373
2.360228e-05
2.4618793e-05
2.692098e-05
3.0612346e-05
3.5936662e-05
4.325948e-05
5.3120407e-05
6.6350689e-05
8.4315605e-05
0.00010943494
0.00014641645
0.00020563253
0.00031442005
0.00056783536
0.0014413331
2.3568096e-05
2.458517e-05
2.6888712e-05
3.0582432e-05
3.5910349e-05
4.3238181e-05
5.3105523e-05
6.6343359e-05
8.4316404e-05
0.00010944353
0.00014643112
0.00020564952
0.00031443194
0.00056782552
0.0014412333
2.3535371e-05
2.4553049e-05
2.6858033e-05
3.0554225e-05
3.5885869e-05
4.3218824e-05
5.309264e-05
6.6338012e-05
8.4319074e-05
0.00010945378
0.00014644717
0.00020566758
0.00031444473
0.00056781686
0.0014411378
2.3504081e-05
2.4522403e-05
2.6828912e-05
3.0527684e-05
3.5863172e-05
4.3201344e-05
5.3081681e-05
6.6334561e-05
8.432352e-05
0.00010946559
0.0001464645
0.00020568664
0.00031445835
0.00056780934
0.0014410465
2.3474202e-05
2.4493205e-05
2.6801315e-05
3.0502769e-05
3.5842205e-05
4.3185679e-05
5.3072571e-05
6.6332921e-05
8.4329649e-05
0.00010947887
0.00014648303
0.00020570662
0.00031447273
0.00056780293
0.0014409595
2.344571e-05
2.4465429e-05
2.6775211e-05
3.0479438e-05
3.5822917e-05
4.3171765e-05
5.3065237e-05
6.6333008e-05
8.4337373e-05
0.00010949353
0.00014650266
0.00020572744
0.00031448782
0.00056779759
0.0014408767
2.3418579e-05
2.4439046e-05
2.6750565e-05
3.0457651e-05
3.5805257e-05
4.315954e-05
5.3059604e-05
6.6334739e-05
8.4346602e-05
0.00010950948
0.00014652332
0.00020574902
0.00031450357
0.00056779327
0.0014407979
2.3392783e-05
2.4414028e-05
2.6727344e-05
3.0437365e-05
3.5789174e-05
4.3148943e-05
5.3055601e-05
6.6338034e-05
8.4357251e-05
0.00010952663
0.00014654491
0.00020577129
0.00031451991
0.00056778993
0.0014407232
2.3368295e-05
2.4390346e-05
2.6705514e-05
3.0418539e-05
3.5774617e-05
4.3139912e-05
5.3053155e-05
6.6342812e-05
8.4369233e-05
0.0001095449
0.00014656737
0.00020579419
0.00031453678
0.00056778753
0.0014406525
2.3345088e-05
2.436797e-05
2.668504e-05
3.0401132e-05
3.5761535e-05
4.3132386e-05
5.3052198e-05
6.6348996e-05
8.4382467e-05
0.00010956421
0.0001465906
0.00020581764
0.00031455412
0.000567786
0.0014405857
2.3323134e-05
2.434687e-05
2.6665887e-05
3.0385101e-05
3.5749877e-05
4.3126305e-05
5.3052658e-05
6.6356508e-05
8.4396871e-05
0.00010958446
0.00014661454
0.00020584158
0.00031457189
0.0005677853
0.0014405227
2.3302407e-05
2.4327017e-05
2.6648022e-05
3.0370404e-05
3.5739593e-05
4.3121609e-05
5.3054469e-05
6.6365274e-05
8.4412368e-05
0.00010960559
0.00014663912
0.00020586595
0.00031459002
0.00056778537
0.0014404634
2.3282877e-05
2.4308379e-05
2.6631408e-05
3.0357001e-05
3.5730634e-05
4.3118241e-05
5.3057563e-05
6.637522e-05
8.442888e-05
0.00010962753
0.00014666425
0.00020589067
0.00031460847
0.00056778617
0.0014404078
2.3264517e-05
2.4290928e-05
2.6616011e-05
3.034485e-05
3.5722949e-05
4.3116142e-05
5.3061875e-05
6.6386275e-05
8.4446333e-05
0.00010965018
0.00014668989
0.0002059157
0.00031462718
0.00056778764
0.0014403557
2.3247297e-05
2.4274631e-05
2.6601796e-05
3.0333909e-05
3.5716492e-05
4.3115255e-05
5.306734e-05
6.6398369e-05
8.4464655e-05
0.0001096735
0.00014671595
0.00020594098
0.0003146461
0.00056778972
0.001440307
2.3231189e-05
2.4259459e-05
2.6588728e-05
3.0324138e-05
3.5711212e-05
4.3115525e-05
5.3073895e-05
6.6411434e-05
8.4483776e-05
0.0001096974
0.00014674238
0.00020596644
0.00031466519
0.00056779238
0.0014402616
2.3216165e-05
2.4245381e-05
2.6576773e-05
3.0315496e-05
3.5707062e-05
4.3116896e-05
5.3081479e-05
6.6425404e-05
8.4503629e-05
0.00010972182
0.00014676911
0.00020599206
0.00031468441
0.00056779557
0.0014402193
2.3202195e-05
2.4232365e-05
2.6565895e-05
3.0307943e-05
3.5703997e-05
4.3119315e-05
5.3090032e-05
6.6440215e-05
8.4524148e-05
0.00010974671
0.00014679611
0.00020601777
0.00031470373
0.00056779925
0.0014401801
2.318925e-05
2.4220381e-05
2.655606e-05
3.0301439e-05
3.5701969e-05
4.3122729e-05
5.3099496e-05
6.6455805e-05
8.454527e-05
0.00010977199
0.0001468233
0.00020604354
0.0003147231
0.00056780339
0.0014401438
2.3177301e-05
2.4209399e-05
2.6547234e-05
3.0295944e-05
3.5700933e-05
4.3127087e-05
5.3109813e-05
6.6472114e-05
8.4566937e-05
0.00010979762
0.00014685065
0.00020606932
0.00031474251
0.00056780796
0.0014401102
2.316632e-05
2.4199387e-05
2.6539383e-05
3.0291421e-05
3.5700844e-05
4.3132338e-05
5.312093e-05
6.6489084e-05
8.458909e-05
0.00010982354
0.0001468781
0.00020609509
0.00031476193
0.00056781294
0.0014400793
2.3156277e-05
2.4190316e-05
2.6532473e-05
3.028783e-05
3.5701659e-05
4.3138432e-05
5.3132791e-05
6.6506659e-05
8.4611673e-05
0.0001098497
0.00014690561
0.0002061208
0.00031478133
0.00056781833
0.0014400509
2.3147144e-05
2.4182155e-05
2.6526471e-05
3.0285134e-05
3.5703335e-05
4.3145323e-05
5.3145346e-05
6.6524785e-05
8.4634633e-05
0.00010987605
0.00014693314
0.00020614643
0.0003148007
0.00056782411
0.001440025
2.3138891e-05
2.4174873e-05
2.6521343e-05
3.0283295e-05
3.570583e-05
4.3152963e-05
5.3158543e-05
6.654341e-05
8.465792e-05
0.00010990254
0.00014696065
0.00020617195
0.00031482003
0.00056783027
0.0014400014
2.313149e-05
2.4168441e-05
2.6517057e-05
3.0282277e-05
3.5709102e-05
4.3161306e-05
5.3172333e-05
6.6562484e-05
8.4681485e-05
0.00010992914
0.00014698811
0.00020619734
0.00031483929
0.00056783681
0.0014399802
2.3124912e-05
2.4162829e-05
2.651358e-05
3.0282042e-05
3.571311e-05
4.3170307e-05
5.318667e-05
6.6581958e-05
8.4705282e-05
0.00010995579
0.00014701548
0.00020622256
0.00031485849
0.00056784374
0.0014399611
2.3119128e-05
2.4158007e-05
2.6510879e-05
3.0282556e-05
3.5717816e-05
4.3179924e-05
5.3201506e-05
6.6601786e-05
8.4729264e-05
0.00010998246
0.00014704272
0.0002062476
0.0003148776
0.00056785105
0.0014399442
2.311411e-05
2.4153945e-05
2.6508923e-05
3.0283783e-05
3.5723178e-05
4.3190114e-05
5.3216798e-05
6.6621922e-05
8.4753389e-05
0.0001100091
0.00014706982
0.00020627243
0.00031489661
0.00056785874
0.0014399295
2.3109829e-05
2.4150614e-05
2.650768e-05
3.0285687e-05
3.572916e-05
4.3200834e-05
5.3232501e-05
6.6642323e-05
8.4777616e-05
0.00011003569
0.00014709673
0.00020629703
0.00031491551
0.00056786678
0.0014399169
2.3106257e-05
2.4147984e-05
2.6507118e-05
3.0288236e-05
3.5735724e-05
4.3212045e-05
5.3248573e-05
6.6662946e-05
8.4801905e-05
0.00011006218
0.00014712342
0.00020632138
0.00031493428
0.00056787519
0.0014399064
2.3103367e-05
2.4146027e-05
2.6507207e-05
3.0291394e-05
3.5742833e-05
4.3223707e-05
5.3264974e-05
6.668375e-05
8.4826216e-05
0.00011008855
0.00014714987
0.00020634545
0.0003149529
0.00056788393
0.001439898
2.310113e-05
2.4144714e-05
2.6507916e-05
3.0295129e-05
3.5750451e-05
4.3235782e-05
5.3281663e-05
6.6704697e-05
8.4850512e-05
0.00011011476
0.00014717605
0.00020636922
0.00031497135
0.00056789298
0.0014398916
2.3099518e-05
2.4144016e-05
2.6509214e-05
3.0299408e-05
3.5758542e-05
4.3248232e-05
5.3298602e-05
6.6725747e-05
8.4874759e-05
0.00011014077
0.00014720194
0.00020639267
0.0003149896
0.00056790231
0.0014398872
2.3098505e-05
2.4143905e-05
2.6511072e-05
3.0304198e-05
3.5767071e-05
4.3261021e-05
5.3315753e-05
6.6746864e-05
8.489892e-05
0.00011016655
0.00014722749
0.00020641577
0.00031500763
0.00056791188
0.0014398849
2.3098064e-05
2.4144354e-05
2.6513461e-05
3.0309469e-05
3.5776007e-05
4.3274113e-05
5.3333081e-05
6.6768013e-05
8.4922963e-05
0.00011019209
0.0001472527
0.0002064385
0.00031502542
0.00056792165
0.0014398844
2.3098168e-05
2.4145336e-05
2.6516351e-05
3.031519e-05
3.5785314e-05
4.3287473e-05
5.3350549e-05
6.6789159e-05
8.4946857e-05
0.00011021734
0.00014727753
0.00020646084
0.00031504293
0.00056793157
0.0014398858
2.309879e-05
2.4146823e-05
2.6519714e-05
3.0321329e-05
3.5794962e-05
4.3301069e-05
5.3368125e-05
6.6810269e-05
8.497057e-05
0.00011024228
0.00014730197
0.00020648276
0.00031506013
0.00056794158
0.001439889
2.3099907e-05
2.4148789e-05
2.6523523e-05
3.0327859e-05
3.5804919e-05
4.3314867e-05
5.3385775e-05
6.6831313e-05
8.4994074e-05
0.00011026689
0.00014732598
0.00020650424
0.000315077
0.00056795164
0.0014398939
2.3101493e-05
2.4151209e-05
2.6527751e-05
3.033475e-05
3.5815155e-05
4.3328838e-05
5.340347e-05
6.6852259e-05
8.5017341e-05
0.00011029114
0.00014734955
0.00020652527
0.00031509351
0.00056796169
0.0014399004
2.3103523e-05
2.4154058e-05
2.6532371e-05
3.0341975e-05
3.5825641e-05
4.3342951e-05
5.3421179e-05
6.6873081e-05
8.5040347e-05
0.00011031501
0.00014737267
0.00020654582
0.00031510965
0.00056797169
0.0014399083
2.3105973e-05
2.4157312e-05
2.6537359e-05
3.0349507e-05
3.583635e-05
4.3357178e-05
5.3438873e-05
6.6893752e-05
8.5063068e-05
0.00011033847
0.0001473953
0.00020656588
0.00031512538
0.0005679816
0.0014399175
2.3108822e-05
2.4160946e-05
2.6542689e-05
3.035732e-05
3.5847254e-05
4.3371491e-05
5.3456528e-05
6.6914247e-05
8.5085481e-05
0.00011036153
0.00014741745
0.00020658545
0.00031514071
0.00056799137
0.0014399278
2.3112045e-05
2.4164937e-05
2.6548337e-05
3.0365389e-05
3.5858328e-05
4.3385864e-05
5.3474116e-05
6.6934542e-05
8.5107567e-05
0.00011038414
0.0001474391
0.00020660451
0.00031515561
0.00056800098
0.0014399392
2.3115622e-05
2.4169264e-05
2.6554281e-05
3.0373691e-05
3.5869546e-05
4.3400274e-05
5.3491616e-05
6.6954617e-05
8.5129308e-05
0.00011040632
0.00014746024
0.00020662306
0.00031517009
0.00056801041
0.0014399514
2.3119531e-05
2.4173905e-05
2.6560497e-05
3.0382201e-05
3.5880887e-05
4.3414696e-05
5.3509004e-05
6.6974451e-05
8.5150687e-05
0.00011042803
0.00014748087
0.0002066411
0.00031518415
0.00056801966
0.0014399644
2.3123751e-05
2.4178838e-05
2.6566965e-05
3.0390899e-05
3.5892327e-05
4.342911e-05
5.3526261e-05
6.6994028e-05
8.5171692e-05
0.00011044927
0.00014750097
0.00020665862
0.00031519778
0.00056802872
0.0014399779
2.3128264e-05
2.4184044e-05
2.6573664e-05
3.0399763e-05
3.5903845e-05
4.3443494e-05
5.3543367e-05
6.701333e-05
8.5192308e-05
0.00011047004
0.00014752056
0.00020667564
0.00031521101
0.0005680376
0.0014399919
2.3133048e-05
2.4189503e-05
2.6580574e-05
3.0408772e-05
3.5915421e-05
4.3457829e-05
5.3560305e-05
6.7032343e-05
8.5212527e-05
0.00011049033
0.00014753962
0.00020669217
0.00031522385
0.00056804632
0.0014400063
2.3138085e-05
2.4195196e-05
2.6587676e-05
3.0417908e-05
3.5927036e-05
4.3472096e-05
5.3577059e-05
6.7051054e-05
8.5232337e-05
0.00011051013
0.00014755817
0.0002067082
0.00031523632
0.00056805491
0.001440021
2.3143358e-05
2.4201104e-05
2.659495e-05
3.0427151e-05
3.5938671e-05
4.348628e-05
5.3593613e-05
6.7069451e-05
8.5251732e-05
0.00011052945
0.0001475762
0.00020672376
0.00031524842
0.00056806338
0.001440036
2.3148847e-05
2.420721e-05
2.660238e-05
3.0436485e-05
3.595031e-05
4.3500363e-05
5.3609954e-05
6.7087522e-05
8.5270705e-05
0.00011054827
0.00014759372
0.00020673885
0.00031526021
0.00056807182
0.0014400512
2.3154536e-05
2.4213496e-05
2.6609947e-05
3.0445891e-05
3.5961936e-05
4.3514332e-05
5.3626069e-05
6.7105259e-05
8.5289251e-05
0.00011056661
0.00014761073
0.00020675348
0.00031527167
0.00056808019
0.0014400667
2.3160407e-05
2.4219945e-05
2.6617635e-05
3.0455354e-05
3.5973534e-05
4.352817e-05
5.3641946e-05
6.7122653e-05
8.5307364e-05
0.00011058445
0.00014762724
0.00020676766
0.00031528283
0.00056808847
0.0014400823
2.3166444e-05
2.4226541e-05
2.6625427e-05
3.0464857e-05
3.5985088e-05
4.3541866e-05
5.3657574e-05
6.7139695e-05
8.532504e-05
0.0001106018
0.00014764325
0.0002067814
0.0003152937
0.00056809667
0.0014400983
2.3172629e-05
2.4233267e-05
2.6633309e-05
3.0474385e-05
3.5996583e-05
4.3555406e-05
5.3672942e-05
6.7156378e-05
8.5342275e-05
0.00011061866
0.00014765877
0.00020679472
0.00031530429
0.00056810472
0.0014401145
2.3178948e-05
2.4240108e-05
2.6641263e-05
3.0483923e-05
3.6008007e-05
4.3568777e-05
5.368804e-05
6.7172696e-05
8.5359067e-05
0.00011063504
0.00014767379
0.00020680761
0.00031531457
0.00056811268
0.001440131
2.3185384e-05
2.4247047e-05
2.6649275e-05
3.0493457e-05
3.6019345e-05
4.358197e-05
5.370286e-05
6.7188642e-05
8.5375413e-05
0.00011065092
0.00014768833
0.00020682006
0.00031532452
0.00056812057
0.001440148
2.3191922e-05
2.4254071e-05
2.665733e-05
3.0502972e-05
3.6030585e-05
4.3594971e-05
5.3717392e-05
6.7204211e-05
8.539131e-05
0.00011066631
0.00014770239
0.0002068321
0.00031533408
0.00056812842
0.0014401653
2.3198547e-05
2.4261164e-05
2.6665415e-05
3.0512456e-05
3.6041715e-05
4.3607772e-05
5.3731629e-05
6.7219396e-05
8.5406755e-05
0.00011068121
0.00014771596
0.00020684368
0.00031534328
0.00056813622
0.0014401831
2.3205245e-05
2.4268311e-05
2.6673515e-05
3.0521895e-05
3.6052722e-05
4.3620361e-05
5.3745563e-05
6.7234194e-05
8.5421746e-05
0.00011069563
0.00014772904
0.00020685478
0.00031535213
0.00056814398
0.0014402013
2.3212001e-05
2.42755e-05
2.6681616e-05
3.0531276e-05
3.6063596e-05
4.363273e-05
5.3759186e-05
6.72486e-05
8.5436282e-05
0.00011070955
0.00014774163
0.00020686539
0.00031536063
0.00056815167
0.00144022
2.3218801e-05
2.4282716e-05
2.6689706e-05
3.0540588e-05
3.6074326e-05
4.3644869e-05
5.3772492e-05
6.7262608e-05
8.545036e-05
0.00011072298
0.00014775372
0.00020687551
0.00031536879
0.00056815928
0.0014402391
2.3225633e-05
2.4289946e-05
2.6697773e-05
3.0549819e-05
3.6084901e-05
4.365677e-05
5.3785476e-05
6.7276218e-05
8.5463982e-05
0.00011073593
0.00014776527
0.00020688516
0.00031537659
0.00056816678
0.0014402587
2.3232485e-05
2.4297179e-05
2.6705804e-05
3.0558957e-05
3.6095312e-05
4.3668426e-05
5.379813e-05
6.7289424e-05
8.5477143e-05
0.00011074838
0.00014777631
0.00020689435
0.00031538404
0.00056817414
0.0014402787
2.3239343e-05
2.4304402e-05
2.6713787e-05
3.0567994e-05
3.6105551e-05
4.3679829e-05
5.3810452e-05
6.7302226e-05
8.5489847e-05
0.00011076032
0.00014778683
0.00020690306
0.00031539113
0.00056818134
0.001440299
2.3246196e-05
2.4311604e-05
2.6721714e-05
3.0576918e-05
3.6115608e-05
4.3690973e-05
5.3822437e-05
6.7314622e-05
8.5502093e-05
0.00011077175
0.00014779684
0.00020691132
0.00031539785
0.00056818834
0.0014403195
2.3253035e-05
2.4318774e-05
2.6729573e-05
3.0585721e-05
3.6125476e-05
4.3701853e-05
5.3834083e-05
6.7326613e-05
8.5513871e-05
0.00011078267
0.00014780636
0.00020691913
0.00031540421
0.00056819513
0.0014403402
2.3259848e-05
2.4325903e-05
2.6737354e-05
3.0594394e-05
3.6135149e-05
4.3712464e-05
5.3845386e-05
6.7338198e-05
8.5525179e-05
0.0001107931
0.0001478154
0.00020692649
0.0003154102
0.00056820167
0.001440361
2.3266627e-05
2.4332981e-05
2.674505e-05
3.060293e-05
3.6144621e-05
4.3722802e-05
5.3856347e-05
6.7349374e-05
8.5536021e-05
0.00011080304
0.00014782395
0.00020693341
0.00031541583
0.00056820796
0.0014403818
2.3273362e-05
2.434e-05
2.6752653e-05
3.0611323e-05
3.6153886e-05
4.3732866e-05
5.3866966e-05
6.7360135e-05
8.5546403e-05
0.0001108125
0.00014783203
0.0002069399
0.0003154211
0.00056821398
0.0014404025
2.3280046e-05
2.4346952e-05
2.6760154e-05
3.0619566e-05
3.6162941e-05
4.3742652e-05
5.3877239e-05
6.7370486e-05
8.5556331e-05
0.00011082149
0.00014783965
0.00020694598
0.00031542602
0.00056821973
0.001440423
2.3286672e-05
2.4353829e-05
2.6767549e-05
3.0627654e-05
3.6171782e-05
4.3752162e-05
5.3887163e-05
6.7380428e-05
8.5565811e-05
0.00011083002
0.00014784683
0.00020695166
0.0003154306
0.00056822521
0.0014404432
2.3293232e-05
2.4360626e-05
2.6774831e-05
3.0635583e-05
3.6180408e-05
4.376139e-05
5.3896738e-05
6.7389968e-05
8.5574852e-05
0.00011083809
0.00014785357
0.00020695694
0.00031543485
0.00056823041
0.001440463
2.329972e-05
2.4367336e-05
2.6781994e-05
3.0643348e-05
3.6188815e-05
4.3770333e-05
5.3905967e-05
6.7399109e-05
8.5583462e-05
0.00011084573
0.0001478599
0.00020696186
0.0003154388
0.00056823536
0.0014404824
2.3306131e-05
2.4373955e-05
2.6789036e-05
3.0650949e-05
3.6197e-05
4.3778992e-05
5.3914852e-05
6.7407857e-05
8.5591649e-05
0.00011085294
0.00014786582
0.00020696642
0.00031544246
0.00056824007
0.0014405014
2.331246e-05
2.4380477e-05
2.6795952e-05
3.065838e-05
3.620496e-05
4.3787367e-05
5.3923396e-05
6.7416219e-05
8.5599422e-05
0.00011085973
0.00014787134
0.00020697063
0.00031544584
0.00056824454
0.0014405198
2.3318702e-05
2.4386898e-05
2.6802738e-05
3.0665638e-05
3.6212694e-05
4.3795459e-05
5.3931603e-05
6.7424202e-05
8.5606791e-05
0.00011086612
0.00014787649
0.00020697453
0.00031544896
0.00056824882
0.0014405377
2.3324854e-05
2.4393216e-05
2.6809391e-05
3.067272e-05
3.6220202e-05
4.3803269e-05
5.3939478e-05
6.7431812e-05
8.5613766e-05
0.00011087212
0.00014788128
0.00020697811
0.00031545185
0.0005682529
0.0014405551
2.3330911e-05
2.4399424e-05
2.6815906e-05
3.0679625e-05
3.6227482e-05
4.38108e-05
5.3947025e-05
6.7439057e-05
8.5620358e-05
0.00011087773
0.00014788571
0.0002069814
0.00031545452
0.00056825683
0.001440572
2.3336868e-05
2.440552e-05
2.6822281e-05
3.068635e-05
3.6234536e-05
4.3818055e-05
5.3954249e-05
6.7445945e-05
8.5626574e-05
0.00011088298
0.00014788981
0.00020698441
0.00031545699
0.00056826061
0.0014405883
2.3342721e-05
2.44115e-05
2.6828514e-05
3.0692895e-05
3.6241364e-05
4.3825035e-05
5.3961156e-05
6.7452483e-05
8.5632427e-05
0.00011088787
0.00014789359
0.00020698716
0.00031545926
0.00056826427
0.0014406042
2.3348468e-05
2.441736e-05
2.6834602e-05
3.0699258e-05
3.6247966e-05
4.3831744e-05
5.396775e-05
6.745868e-05
8.5637925e-05
0.00011089242
0.00014789706
0.00020698965
0.00031546137
0.00056826782
0.0014406195
2.3354105e-05
2.4423099e-05
2.6840543e-05
3.0705439e-05
3.6254344e-05
4.3838186e-05
5.3974038e-05
6.7464542e-05
8.5643079e-05
0.00011089663
0.00014790022
0.00020699191
0.00031546331
0.00056827128
0.0014406345
2.3359628e-05
2.4428713e-05
2.6846336e-05
3.0711438e-05
3.62605e-05
4.3844363e-05
5.3980026e-05
6.7470077e-05
8.5647897e-05
0.00011090052
0.0001479031
0.00020699393
0.00031546509
0.00056827466
0.0014406491
2.3365035e-05
2.44342e-05
2.6851978e-05
3.0717254e-05
3.6266434e-05
4.385028e-05
5.3985718e-05
6.7475295e-05
8.565239e-05
0.0001109041
0.0001479057
0.00020699573
0.00031546673
0.00056827796
0.0014406634
2.3370323e-05
2.4439557e-05
2.6857469e-05
3.0722887e-05
3.6272149e-05
4.385594e-05
5.3991121e-05
6.7480201e-05
8.5656566e-05
0.00011090737
0.00014790803
0.00020699732
0.00031546823
0.00056828119
0.0014406773
2.3375489e-05
2.4444783e-05
2.6862808e-05
3.0728339e-05
3.6277647e-05
4.3861347e-05
5.3996241e-05
6.7484805e-05
8.5660435e-05
0.00011091035
0.0001479101
0.0002069987
0.00031546959
0.00056828436
0.001440691
2.3380531e-05
2.4449876e-05
2.6867993e-05
3.0733608e-05
3.6282929e-05
4.3866505e-05
5.4001083e-05
6.7489113e-05
8.5664005e-05
0.00011091304
0.00014791192
0.00020699988
0.00031547081
0.00056828746
0.0014407044
2.3385447e-05
2.4454834e-05
2.6873024e-05
3.0738696e-05
3.6287998e-05
4.3871418e-05
5.4005653e-05
6.7493133e-05
8.5667285e-05
0.00011091546
0.0001479135
0.00020700086
0.0003154719
0.00056829048
0.0014407176
2.3390235e-05
2.4459655e-05
2.68779e-05
3.0743602e-05
3.6292856e-05
4.387609e-05
5.4009958e-05
6.7496873e-05
8.5670284e-05
0.00011091762
0.00014791484
0.00020700166
0.00031547286
0.00056829343
0.0014407306
2.3394893e-05
2.4464339e-05
2.688262e-05
3.074833e-05
3.6297506e-05
4.3880525e-05
5.4014003e-05
6.750034e-05
8.567301e-05
0.00011091951
0.00014791595
0.00020700227
0.00031547368
0.00056829629
0.0014407434
2.339942e-05
2.4468883e-05
2.6887186e-05
3.0752878e-05
3.6301949e-05
4.3884728e-05
5.4017795e-05
6.7503541e-05
8.5675472e-05
0.00011092116
0.00014791684
0.0002070027
0.00031547437
0.00056829906
0.0014407561
2.3403814e-05
2.4473288e-05
2.6891595e-05
3.0757248e-05
3.6306189e-05
4.3888702e-05
5.4021338e-05
6.7506485e-05
8.5677678e-05
0.00011092257
0.00014791753
0.00020700295
0.00031547493
0.00056830173
0.0014407685
2.3408074e-05
2.4477552e-05
2.6895849e-05
3.0761442e-05
3.6310229e-05
4.3892453e-05
5.402464e-05
6.7509178e-05
8.5679635e-05
0.00011092374
0.000147918
0.00020700304
0.00031547535
0.00056830428
0.0014407808
2.34122e-05
2.4481676e-05
2.6899948e-05
3.0765461e-05
3.6314071e-05
4.3895986e-05
5.4027707e-05
6.7511627e-05
8.5681353e-05
0.00011092469
0.00014791828
0.00020700296
0.00031547563
0.00056830671
0.0014407928
2.3416191e-05
2.4485658e-05
2.6903893e-05
3.0769306e-05
3.6317719e-05
4.3899303e-05
5.4030544e-05
6.7513841e-05
8.568284e-05
0.00011092543
0.00014791837
0.00020700272
0.00031547578
0.00056830901
0.0014408046
2.3420047e-05
2.4489499e-05
2.6907683e-05
3.0772981e-05
3.6321176e-05
4.3902411e-05
5.4033158e-05
6.7515827e-05
8.5684104e-05
0.00011092595
0.00014791827
0.00020700232
0.0003154758
0.00056831118
0.0014408162
2.3423768e-05
2.44932e-05
2.6911321e-05
3.0776486e-05
3.6324445e-05
4.3905315e-05
5.4035556e-05
6.7517592e-05
8.5685153e-05
0.00011092628
0.000147918
0.00020700178
0.00031547569
0.0005683132
0.0014408274
2.3427354e-05
2.449676e-05
2.6914808e-05
3.0779824e-05
3.632753e-05
4.3908018e-05
5.4037743e-05
6.7519143e-05
8.5685996e-05
0.00011092642
0.00014791756
0.00020700109
0.00031547545
0.00056831507
0.0014408384
2.3430806e-05
2.4500181e-05
2.6918144e-05
3.0782997e-05
3.6330435e-05
4.3910527e-05
5.4039726e-05
6.7520489e-05
8.5686641e-05
0.00011092638
0.00014791697
0.00020700027
0.00031547508
0.00056831679
0.0014408491
2.3434124e-05
2.4503465e-05
2.6921332e-05
3.0786009e-05
3.6333163e-05
4.3912847e-05
5.4041512e-05
6.7521637e-05
8.5687095e-05
0.00011092616
0.00014791622
0.00020699932
0.0003154746
0.00056831836
0.0014408594
2.3437311e-05
2.4506611e-05
2.6924375e-05
3.0788862e-05
3.6335719e-05
4.3914983e-05
5.4043107e-05
6.7522595e-05
8.5687369e-05
0.00011092579
0.00014791534
0.00020699825
0.00031547401
0.00056831978
0.0014408693
2.3440367e-05
2.4509622e-05
2.6927272e-05
3.0791559e-05
3.6338107e-05
4.391694e-05
5.4044518e-05
6.752337e-05
8.568747e-05
0.00011092525
0.00014791432
0.00020699707
0.00031547331
0.00056832106
0.0014408788
2.3443293e-05
2.4512499e-05
2.6930029e-05
3.0794104e-05
3.634033e-05
4.3918725e-05
5.4045751e-05
6.752397e-05
8.5687406e-05
0.00011092457
0.00014791318
0.00020699579
0.00031547251
0.00056832219
0.0014408879
2.3446092e-05
2.4515246e-05
2.6932646e-05
3.07965e-05
3.6342395e-05
4.3920341e-05
5.4046814e-05
6.7524403e-05
8.5687185e-05
0.00011092375
0.00014791192
0.00020699441
0.00031547163
0.00056832319
0.0014408966
2.3448766e-05
2.4517863e-05
2.6935127e-05
3.079875e-05
3.6344305e-05
4.3921796e-05
5.4047712e-05
6.7524676e-05
8.5686817e-05
0.0001109228
0.00014791055
0.00020699295
0.00031547066
0.00056832407
0.0014409048
2.3451316e-05
2.4520353e-05
2.6937474e-05
3.0800858e-05
3.6346064e-05
4.3923095e-05
5.4048454e-05
6.7524797e-05
8.5686308e-05
0.00011092173
0.00014790909
0.00020699141
0.00031546963
0.00056832483
0.0014409126
2.3453745e-05
2.4522719e-05
2.693969e-05
3.0802827e-05
3.6347678e-05
4.3924244e-05
5.4049044e-05
6.7524772e-05
8.5685667e-05
0.00011092054
0.00014790753
0.0002069898
0.00031546853
0.00056832549
0.00144092
2.3456056e-05
2.4524964e-05
2.694178e-05
3.0804663e-05
3.6349151e-05
4.3925248e-05
5.4049491e-05
6.752461e-05
8.5684902e-05
0.00011091925
0.00014790589
0.00020698813
0.00031546738
0.00056832606
0.001440927
2.3458251e-05
2.4527089e-05
2.6943745e-05
3.0806368e-05
3.6350488e-05
4.3926113e-05
5.4049799e-05
6.7524318e-05
8.568402e-05
0.00011091787
0.00014790418
0.0002069864
0.00031546618
0.00056832654
0.0014409335
2.3460332e-05
2.4529098e-05
2.6945589e-05
3.0807947e-05
3.6351694e-05
4.3926844e-05
5.4049977e-05
6.7523902e-05
8.5683028e-05
0.00011091639
0.0001479024
0.00020698462
0.00031546494
0.00056832694
0.0014409396
2.3462303e-05
2.4530994e-05
2.6947316e-05
3.0809403e-05
3.6352773e-05
4.3927447e-05
5.4050029e-05
6.7523369e-05
8.5681933e-05
0.00011091483
0.00014790056
0.00020698281
0.00031546367
0.00056832728
0.0014409454
2.3464166e-05
2.453278e-05
2.6948929e-05
3.0810741e-05
3.6353731e-05
4.3927928e-05
5.4049962e-05
6.7522727e-05
8.5680743e-05
0.00011091319
0.00014789866
0.00020698095
0.00031546237
0.00056832755
0.0014409508
2.3465923e-05
2.4534459e-05
2.6950431e-05
3.0811964e-05
3.6354571e-05
4.3928292e-05
5.4049783e-05
6.752198e-05
8.5679463e-05
0.00011091148
0.00014789671
0.00020697907
0.00031546104
0.00056832777
0.0014409559
2.3467578e-05
2.4536033e-05
2.6951825e-05
3.0813076e-05
3.6355298e-05
4.3928544e-05
5.4049496e-05
6.7521136e-05
8.5678101e-05
0.00011090971
0.00014789472
0.00020697716
0.0003154597
0.00056832794
0.0014409606
2.3469133e-05
2.4537506e-05
2.6953115e-05
3.0814082e-05
3.6355918e-05
4.3928689e-05
5.4049108e-05
6.7520201e-05
8.5676661e-05
0.00011090787
0.00014789268
0.00020697522
0.00031545833
0.00056832807
0.0014409651
2.347059e-05
2.453888e-05
2.6954305e-05
3.0814984e-05
3.6356434e-05
4.3928732e-05
5.4048624e-05
6.7519179e-05
8.5675149e-05
0.00011090599
0.00014789062
0.00020697327
0.00031545695
0.00056832814
0.0014409693
2.3471954e-05
2.4540159e-05
2.6955397e-05
3.0815788e-05
3.635685e-05
4.3928678e-05
5.4048049e-05
6.7518078e-05
8.5673572e-05
0.00011090405
0.00014788852
0.0002069713
0.00031545556
0.00056832817
0.0014409732
2.3473226e-05
2.4541346e-05
2.6956395e-05
3.0816497e-05
3.6357172e-05
4.3928533e-05
5.4047389e-05
6.7516901e-05
8.5671934e-05
0.00011090207
0.00014788639
0.00020696931
0.00031545415
0.00056832815
0.0014409768
2.3474409e-05
2.4542443e-05
2.6957303e-05
3.0817113e-05
3.6357402e-05
4.39283e-05
5.4046649e-05
6.7515655e-05
8.5670241e-05
0.00011090005
0.00014788424
0.00020696731
0.00031545273
0.00056832807
0.0014409802
2.3475506e-05
2.4543453e-05
2.6958122e-05
3.0817642e-05
3.6357547e-05
4.3927985e-05
5.4045833e-05
6.7514345e-05
8.5668497e-05
0.000110898
0.00014788207
0.0002069653
0.00031545129
0.00056832795
0.0014409834
2.347652e-05
2.4544378e-05
2.6958857e-05
3.0818087e-05
3.6357608e-05
4.3927592e-05
5.4044947e-05
6.7512976e-05
8.5666708e-05
0.00011089592
0.00014787988
0.00020696329
0.00031544985
0.00056832779
0.0014409863
2.3477452e-05
2.4545223e-05
2.6959511e-05
3.0818451e-05
3.6357592e-05
4.3927125e-05
5.4043996e-05
6.7511552e-05
8.5664878e-05
0.00011089381
0.00014787768
0.00020696127
0.00031544839
0.00056832757
0.001440989
2.3478306e-05
2.4545989e-05
2.6960086e-05
3.0818737e-05
3.6357501e-05
4.3926589e-05
5.4042984e-05
6.7510079e-05
8.5663013e-05
0.00011089168
0.00014787548
0.00020695925
0.00031544693
0.00056832731
0.0014409915
2.3479084e-05
2.454668e-05
2.6960586e-05
3.081895e-05
3.6357339e-05
4.3925989e-05
5.4041916e-05
6.7508561e-05
8.5661116e-05
0.00011088953
0.00014787326
0.00020695723
0.00031544547
0.000568327
0.0014409937
2.3479788e-05
2.4547296e-05
2.6961014e-05
3.0819092e-05
3.635711e-05
4.3925327e-05
5.4040796e-05
6.7507003e-05
8.5659193e-05
0.00011088737
0.00014787105
0.00020695522
0.00031544401
0.00056832666
0.0014409957
2.348042e-05
2.4547843e-05
2.6961371e-05
3.0819166e-05
3.6356818e-05
4.3924609e-05
5.4039629e-05
6.750541e-05
8.5657248e-05
0.0001108852
0.00014786884
0.00020695322
0.00031544255
0.00056832629
0.0014409975
2.3480984e-05
2.454832e-05
2.6961662e-05
3.0819177e-05
3.6356466e-05
4.3923839e-05
5.4038419e-05
6.7503786e-05
8.5655286e-05
0.00011088303
0.00014786664
0.00020695123
0.0003154411
0.00056832589
0.0014409991
2.3481481e-05
2.4548732e-05
2.6961889e-05
3.0819126e-05
3.6356059e-05
4.3923019e-05
5.403717e-05
6.7502135e-05
8.565331e-05
0.00011088085
0.00014786446
0.00020694926
0.00031543966
0.00056832547
0.0014410005
2.3481913e-05
2.454908e-05
2.6962054e-05
3.0819017e-05
3.6355598e-05
4.3922155e-05
5.4035886e-05
6.7500461e-05
8.5651325e-05
0.00011087869
0.00014786228
0.00020694732
0.00031543825
0.00056832504
0.0014410017
2.3482282e-05
2.4549367e-05
2.696216e-05
3.0818852e-05
3.6355088e-05
4.3921249e-05
5.4034571e-05
6.7498769e-05
8.5649335e-05
0.00011087653
0.00014786013
0.00020694539
0.00031543685
0.00056832461
0.0014410028
2.3482591e-05
2.4549595e-05
2.6962209e-05
3.0818635e-05
3.6354531e-05
4.3920305e-05
5.4033229e-05
6.7497062e-05
8.5647344e-05
0.00011087438
0.00014785799
0.0002069435
0.00031543548
0.00056832418
0.0014410036
2.3482842e-05
2.4549766e-05
2.6962204e-05
3.0818368e-05
3.6353931e-05
4.3919326e-05
5.4031862e-05
6.7495343e-05
8.5645353e-05
0.00011087224
0.00014785588
0.00020694163
0.00031543413
0.00056832375
0.0014410044
2.3483036e-05
2.4549881e-05
2.6962147e-05
3.0818054e-05
3.635329e-05
4.3918315e-05
5.4030475e-05
6.7493616e-05
8.5643368e-05
0.00011087012
0.0001478538
0.00020693979
0.00031543281
0.00056832333
0.0014410051
2.3483176e-05
2.4549944e-05
2.696204e-05
3.0817694e-05
3.6352611e-05
4.3917275e-05
5.402907e-05
6.7491883e-05
8.564139e-05
0.00011086802
0.00014785174
0.00020693798
0.00031543151
0.00056832293
0.0014410056
2.3483263e-05
2.4549956e-05
2.6961885e-05
3.0817292e-05
3.6351896e-05
4.3916209e-05
5.4027649e-05
6.7490148e-05
8.5639423e-05
0.00011086595
0.00014784972
0.00020693621
0.00031543025
0.00056832252
0.0014410061
2.34833e-05
2.4549919e-05
2.6961685e-05
3.081685e-05
3.6351148e-05
4.3915119e-05
5.4026216e-05
6.7488413e-05
8.5637467e-05
0.00011086389
0.00014784772
0.00020693447
0.000315429
0.00056832212
0.0014410066
2.3483288e-05
2.4549835e-05
2.6961441e-05
3.0816369e-05
3.635037e-05
4.3914008e-05
5.4024774e-05
6.7486679e-05
8.5635525e-05
0.00011086186
0.00014784576
0.00020693276
0.00031542778
0.00056832172
0.001441007
2.348323e-05
2.4549707e-05
2.6961156e-05
3.0815853e-05
3.6349563e-05
4.3912877e-05
5.4023323e-05
6.748495e-05
8.5633599e-05
0.00011085986
0.00014784382
0.00020693107
0.00031542657
0.00056832131
0.0014410073
2.3483129e-05
2.4549536e-05
2.6960832e-05
3.0815303e-05
3.6348729e-05
4.3911731e-05
5.4021866e-05
6.7483226e-05
8.563169e-05
0.00011085788
0.00014784192
0.00020692942
0.00031542538
0.00056832088
0.0014410077
2.3482985e-05
2.4549324e-05
2.6960471e-05
3.0814721e-05
3.6347872e-05
4.3910569e-05
5.4020406e-05
6.748151e-05
8.56298e-05
0.00011085593
0.00014784005
0.00020692779
0.0003154242
0.00056832042
0.0014410079
2.3482801e-05
2.4549074e-05
2.6960075e-05
3.0814109e-05
3.6346993e-05
4.3909395e-05
5.4018943e-05
6.7479804e-05
8.5627929e-05
0.000110854
0.00014783821
0.00020692619
0.00031542302
0.00056831993
0.0014410081
2.348258e-05
2.4548788e-05
2.6959646e-05
3.081347e-05
3.6346094e-05
4.390821e-05
5.4017481e-05
6.7478108e-05
8.5626079e-05
0.00011085211
0.0001478364
0.00020692462
0.00031542185
0.0005683194
0.0014410083
2.3482324e-05
2.4548468e-05
2.6959186e-05
3.0812807e-05
3.6345177e-05
4.3907017e-05
5.401602e-05
6.7476425e-05
8.5624251e-05
0.00011085024
0.00014783462
0.00020692307
0.00031542068
0.00056831881
0.0014410083
2.3482034e-05
2.4548116e-05
2.6958698e-05
3.081212e-05
3.6344245e-05
4.3905817e-05
5.4014563e-05
6.7474755e-05
8.5622446e-05
0.0001108484
0.00014783287
0.00020692154
0.00031541951
0.00056831818
0.0014410083
2.3481715e-05
2.4547735e-05
2.6958184e-05
3.0811412e-05
3.6343299e-05
4.3904613e-05
5.4013112e-05
6.7473101e-05
8.5620666e-05
0.0001108466
0.00014783116
0.00020692004
0.00031541835
0.00056831749
0.0014410081
2.3481367e-05
2.4547327e-05
2.6957646e-05
3.0810686e-05
3.6342342e-05
4.3903407e-05
5.4011668e-05
6.7471464e-05
8.5618911e-05
0.00011084482
0.00014782947
0.00020691856
0.00031541718
0.00056831675
0.0014410077
2.3480994e-05
2.4546894e-05
2.6957086e-05
3.0809943e-05
3.6341375e-05
4.3902199e-05
5.4010233e-05
6.7469846e-05
8.5617184e-05
0.00011084308
0.00014782783
0.00020691711
0.00031541603
0.00056831596
0.0014410072
2.3480597e-05
2.4546439e-05
2.6956508e-05
3.0809187e-05
3.6340402e-05
4.3900994e-05
5.4008809e-05
6.7468249e-05
8.5615485e-05
0.00011084138
0.00014782622
0.0002069157
0.00031541488
0.00056831511
0.0014410065
2.3480179e-05
2.4545964e-05
2.6955912e-05
3.0808418e-05
3.6339424e-05
4.3899792e-05
5.4007398e-05
6.7466673e-05
8.5613817e-05
0.00011083971
0.00014782464
0.00020691431
0.00031541375
0.00056831422
0.0014410055
2.3479742e-05
2.4545471e-05
2.6955302e-05
3.080764e-05
3.6338444e-05
4.3898596e-05
5.4006002e-05
6.7465122e-05
8.561218e-05
0.00011083807
0.00014782311
0.00020691296
0.00031541264
0.00056831331
0.0014410044
2.3479288e-05
2.4544962e-05
2.6954679e-05
3.0806855e-05
3.6337462e-05
4.3897408e-05
5.4004623e-05
6.7463596e-05
8.5610577e-05
0.00011083648
0.00014782162
0.00020691165
0.00031541155
0.00056831236
0.0014410031
2.3478819e-05
2.4544439e-05
2.6954045e-05
3.0806064e-05
3.6336483e-05
4.389623e-05
5.4003262e-05
6.7462098e-05
8.5609009e-05
0.00011083493
0.00014782017
0.00020691039
0.0003154105
0.0005683114
0.0014410015
2.3478337e-05
2.4543905e-05
2.6953403e-05
3.080527e-05
3.6335506e-05
4.3895063e-05
5.4001922e-05
6.7460628e-05
8.5607478e-05
0.00011083342
0.00014781877
0.00020690917
0.00031540949
0.00056831044
0.0014409998
2.3477843e-05
2.4543361e-05
2.6952755e-05
3.0804474e-05
3.6334535e-05
4.3893909e-05
5.4000604e-05
6.745919e-05
8.5605985e-05
0.00011083195
0.00014781742
0.000206908
0.00031540852
0.00056830951
0.0014409979
2.3477339e-05
2.4542808e-05
2.6952101e-05
3.0803678e-05
3.6333571e-05
4.389277e-05
5.3999309e-05
6.7457783e-05
8.5604532e-05
0.00011083053
0.00014781611
0.00020690689
0.00031540759
0.00056830863
0.0014409959
2.3476827e-05
2.4542248e-05
2.6951444e-05
3.0802884e-05
3.6332615e-05
4.3891647e-05
5.3998039e-05
6.745641e-05
8.5603119e-05
0.00011082916
0.00014781486
0.00020690582
0.00031540672
0.0005683078
0.0014409938
2.3476307e-05
2.4541682e-05
2.6950784e-05
3.0802093e-05
3.6331668e-05
4.3890542e-05
5.3996795e-05
6.745507e-05
8.5601747e-05
0.00011082783
0.00014781365
0.00020690481
0.00031540591
0.00056830705
0.0014409916
2.347578e-05
2.4541112e-05
2.6950123e-05
3.0801306e-05
3.6330733e-05
4.3889456e-05
5.3995578e-05
6.7453766e-05
8.5600417e-05
0.00011082655
0.0001478125
0.00020690384
0.00031540516
0.00056830637
0.0014409894
2.3475248e-05
2.4540538e-05
2.6949463e-05
3.0800524e-05
3.6329809e-05
4.3888389e-05
5.3994389e-05
6.7452497e-05
8.5599129e-05
0.00011082531
0.00014781139
0.00020690293
0.00031540446
0.00056830577
0.0014409873
2.3474712e-05
2.4539961e-05
2.6948803e-05
3.0799748e-05
3.6328898e-05
4.3887343e-05
5.3993229e-05
6.7451264e-05
8.5597884e-05
0.00011082413
0.00014781034
0.00020690207
0.00031540383
0.00056830526
0.0014409852
2.3474171e-05
2.4539382e-05
2.6948144e-05
3.0798979e-05
3.6328001e-05
4.3886317e-05
5.3992097e-05
6.7450067e-05
8.559668e-05
0.00011082298
0.00014780933
0.00020690126
0.00031540325
0.00056830482
0.0014409832
2.3473626e-05
2.4538802e-05
2.6947488e-05
3.0798217e-05
3.6327117e-05
4.3885313e-05
5.3990993e-05
6.7448907e-05
8.5595519e-05
0.00011082189
0.00014780837
0.0002069005
0.00031540272
0.00056830445
0.0014409814
2.3473078e-05
2.453822e-05
2.6946834e-05
3.0797463e-05
3.6326247e-05
4.388433e-05
5.3989919e-05
6.7447782e-05
8.5594399e-05
0.00011082084
0.00014780745
0.00020689977
0.00031540223
0.00056830413
0.0014409797
2.3472528e-05
2.4537638e-05
2.6946184e-05
3.0796717e-05
3.6325392e-05
4.3883369e-05
5.3988874e-05
6.7446692e-05
8.5593319e-05
0.00011081983
0.00014780658
0.00020689909
0.00031540177
0.00056830387
0.0014409781
2.3471975e-05
2.4537055e-05
2.6945536e-05
3.0795979e-05
3.6324552e-05
4.3882429e-05
5.3987857e-05
6.7445637e-05
8.5592278e-05
0.00011081886
0.00014780574
0.00020689844
0.00031540135
0.00056830364
0.0014409768
2.3471421e-05
2.4536473e-05
2.6944892e-05
3.079525e-05
3.6323726e-05
4.3881511e-05
5.3986868e-05
6.7444617e-05
8.5591276e-05
0.00011081793
0.00014780494
0.00020689782
0.00031540094
0.00056830343
0.0014409756
2.3470865e-05
2.4535891e-05
2.6944252e-05
3.079453e-05
3.6322914e-05
4.3880614e-05
5.3985907e-05
6.7443629e-05
8.559031e-05
0.00011081704
0.00014780418
0.00020689722
0.00031540054
0.00056830322
0.0014409745
2.3470309e-05
2.4535309e-05
2.6943617e-05
3.0793819e-05
3.6322118e-05
4.3879738e-05
5.3984974e-05
6.7442674e-05
8.558938e-05
0.00011081619
0.00014780345
0.00020689664
0.00031540014
0.00056830299
0.0014409736
2.3469753e-05
2.453473e-05
2.6942986e-05
3.0793116e-05
3.6321336e-05
4.3878883e-05
5.3984067e-05
6.7441751e-05
8.5588484e-05
0.00011081537
0.00014780274
0.00020689608
0.00031539973
0.00056830273
0.0014409728
2.3469197e-05
2.4534152e-05
2.6942359e-05
3.0792424e-05
3.632057e-05
4.3878049e-05
5.3983187e-05
6.7440858e-05
8.5587621e-05
0.00011081457
0.00014780205
0.00020689552
0.00031539931
0.00056830242
0.0014409721
2.3468643e-05
2.4533577e-05
2.6941739e-05
3.079174e-05
3.6319818e-05
4.3877235e-05
5.3982332e-05
6.7439995e-05
8.5586788e-05
0.00011081381
0.00014780139
0.00020689498
0.00031539888
0.00056830204
0.0014409714
2.346809e-05
2.4533005e-05
2.6941124e-05
3.0791067e-05
3.6319081e-05
4.3876442e-05
5.3981502e-05
6.743916e-05
8.5585986e-05
0.00011081308
0.00014780075
0.00020689444
0.00031539842
0.00056830159
0.0014409707
2.3467541e-05
2.4532437e-05
2.6940516e-05
3.0790405e-05
3.6318359e-05
4.3875669e-05
5.3980698e-05
6.7438354e-05
8.5585212e-05
0.00011081237
0.00014780013
0.00020689391
0.00031539794
0.00056830107
0.00144097
2.3466995e-05
2.4531874e-05
2.6939915e-05
3.0789753e-05
3.6317654e-05
4.3874916e-05
5.3979918e-05
6.7437574e-05
8.5584466e-05
0.00011081169
0.00014779953
0.00020689338
0.00031539744
0.00056830047
0.0014409692
2.3466454e-05
2.4531316e-05
2.6939322e-05
3.0789113e-05
3.6316964e-05
4.3874184e-05
5.3979162e-05
6.7436822e-05
8.5583748e-05
0.00011081103
0.00014779895
0.00020689287
0.00031539693
0.00056829981
0.0014409682
2.3465919e-05
2.4530765e-05
2.6938738e-05
3.0788486e-05
3.631629e-05
4.3873472e-05
5.397843e-05
6.7436096e-05
8.5583058e-05
0.0001108104
0.0001477984
0.00020689237
0.00031539642
0.00056829909
0.0014409671
2.3465391e-05
2.4530221e-05
2.6938163e-05
3.078787e-05
3.6315632e-05
4.387278e-05
5.3977721e-05
6.7435395e-05
8.5582393e-05
0.0001108098
0.00014779786
0.00020689188
0.00031539589
0.00056829832
0.0014409659
2.3464873e-05
2.4529689e-05
2.6937602e-05
3.0787272e-05
3.6314995e-05
4.3872112e-05
5.3977038e-05
6.7434721e-05
8.5581754e-05
0.00011080921
0.00014779734
0.0002068914
0.00031539536
0.00056829754
0.0014409644
)
;

boundaryField
{
    water_inlet
    {
        type            turbulentMixingLengthDissipationRateInlet;
        mixingLength    0.005;
        phi             phi;
        k               k;
        value           uniform 0.00011791765;
    }
    water_outlet
    {
        type            inletOutlet;
        inletValue      uniform 0.0001;
        value           nonuniform List<scalar> 
15
(
2.3464873e-05
2.4529689e-05
2.6937602e-05
3.0787272e-05
3.6314995e-05
4.3872112e-05
5.3977038e-05
6.7434721e-05
8.5581754e-05
0.00011080921
0.00014779734
0.0002068914
0.00031539536
0.00056829754
0.0014409644
)
;
    }
    water_wedge1
    {
        type            wedge;
    }
    water_wedge2
    {
        type            wedge;
    }
    water_to_rock
    {
        type            epsilonWallFunction;
        blending        stepwise;
        value           nonuniform List<scalar> 
400
(
0.00073980483
0.0010520452
0.0013270628
0.0015411415
0.0016895689
0.0017792142
0.0018218943
0.0018300463
0.0018145574
0.0017840405
0.001744886
0.0017016307
0.00165739
0.0016142425
0.0015735325
0.0015360911
0.0015023901
0.0014726449
0.0014468811
0.00142498
0.0014067117
0.0013917631
0.0013797649
0.0013703185
0.0013630208
0.0013574861
0.001353362
0.0013503406
0.0013481619
0.0013466143
0.00134553
0.0013447796
0.0013442658
0.0013439174
0.0013436835
0.0013435288
0.0013434302
0.001343373
0.0013433493
0.0013433553
0.0013433902
0.0013434553
0.0013435527
0.0013436849
0.0013438547
0.0013440645
0.0013443165
0.0013446125
0.0013449537
0.001345341
0.0013457749
0.0013462556
0.0013467828
0.001347356
0.0013479746
0.0013486378
0.0013493444
0.0013500934
0.0013508836
0.0013517137
0.0013525823
0.0013534882
0.0013544295
0.0013554045
0.001356411
0.001357447
0.0013585105
0.0013595997
0.0013607134
0.0013618503
0.0013630097
0.0013641909
0.0013653934
0.0013666164
0.001367859
0.0013691204
0.0013703998
0.0013716964
0.0013730095
0.0013743381
0.0013756814
0.0013770387
0.0013784091
0.0013797918
0.0013811859
0.0013825907
0.0013840054
0.0013854292
0.0013868613
0.0013883009
0.0013897473
0.0013911997
0.0013926572
0.0013941192
0.0013955849
0.0013970535
0.0013985243
0.0013999964
0.0014014692
0.0014029417
0.0014044133
0.001405883
0.0014073501
0.0014088137
0.0014102728
0.0014117266
0.0014131742
0.0014146144
0.0014160462
0.0014174686
0.0014188805
0.0014202806
0.0014216676
0.0014230404
0.0014243975
0.0014257377
0.0014270594
0.0014283612
0.0014296416
0.0014308991
0.0014321323
0.0014333396
0.0014345195
0.0014356706
0.0014367915
0.0014378807
0.001438937
0.0014399591
0.001440946
0.0014418966
0.0014428099
0.0014436852
0.0014445219
0.0014453192
0.0014460768
0.0014467945
0.0014474721
0.0014481095
0.0014487069
0.0014492644
0.0014497826
0.0014502617
0.0014507025
0.0014511055
0.0014514716
0.0014518016
0.0014520964
0.0014523571
0.0014525847
0.0014527802
0.0014529449
0.0014530799
0.0014531864
0.0014532657
0.001453319
0.0014533474
0.0014533523
0.0014533349
0.0014532965
0.0014532381
0.0014531611
0.0014530665
0.0014529556
0.0014528294
0.0014526891
0.0014525357
0.0014523701
0.0014521935
0.0014520068
0.0014518107
0.0014516062
0.0014513937
0.001451174
0.0014509477
0.0014507155
0.0014504783
0.0014502367
0.0014499915
0.0014497434
0.0014494931
0.0014492411
0.001448988
0.0014487344
0.0014484808
0.0014482276
0.0014479753
0.0014477243
0.0014474749
0.0014472276
0.0014469826
0.0014467403
0.0014465009
0.0014462646
0.0014460318
0.0014458026
0.0014455772
0.0014453558
0.0014451385
0.0014449254
0.0014447168
0.0014445126
0.001444313
0.0014441181
0.0014439279
0.0014437425
0.001443562
0.0014433863
0.0014432155
0.0014430497
0.0014428888
0.0014427328
0.0014425817
0.0014424355
0.0014422942
0.0014421577
0.001442026
0.001441899
0.0014417767
0.001441659
0.0014415459
0.0014414373
0.0014413331
0.0014412333
0.0014411378
0.0014410465
0.0014409595
0.0014408767
0.0014407979
0.0014407232
0.0014406525
0.0014405857
0.0014405227
0.0014404634
0.0014404078
0.0014403557
0.001440307
0.0014402616
0.0014402193
0.0014401801
0.0014401438
0.0014401102
0.0014400793
0.0014400509
0.001440025
0.0014400014
0.0014399802
0.0014399611
0.0014399442
0.0014399295
0.0014399169
0.0014399064
0.001439898
0.0014398916
0.0014398872
0.0014398849
0.0014398844
0.0014398858
0.001439889
0.0014398939
0.0014399004
0.0014399083
0.0014399175
0.0014399278
0.0014399392
0.0014399514
0.0014399644
0.0014399779
0.0014399919
0.0014400063
0.001440021
0.001440036
0.0014400512
0.0014400667
0.0014400823
0.0014400983
0.0014401145
0.001440131
0.001440148
0.0014401653
0.0014401831
0.0014402013
0.00144022
0.0014402391
0.0014402587
0.0014402787
0.001440299
0.0014403195
0.0014403402
0.001440361
0.0014403818
0.0014404025
0.001440423
0.0014404432
0.001440463
0.0014404824
0.0014405014
0.0014405198
0.0014405377
0.0014405551
0.001440572
0.0014405883
0.0014406042
0.0014406195
0.0014406345
0.0014406491
0.0014406634
0.0014406773
0.001440691
0.0014407044
0.0014407176
0.0014407306
0.0014407434
0.0014407561
0.0014407685
0.0014407808
0.0014407928
0.0014408046
0.0014408162
0.0014408274
0.0014408384
0.0014408491
0.0014408594
0.0014408693
0.0014408788
0.0014408879
0.0014408966
0.0014409048
0.0014409126
0.00144092
0.001440927
0.0014409335
0.0014409396
0.0014409454
0.0014409508
0.0014409559
0.0014409606
0.0014409651
0.0014409693
0.0014409732
0.0014409768
0.0014409802
0.0014409834
0.0014409863
0.001440989
0.0014409915
0.0014409937
0.0014409957
0.0014409975
0.0014409991
0.0014410005
0.0014410017
0.0014410028
0.0014410036
0.0014410044
0.0014410051
0.0014410056
0.0014410061
0.0014410066
0.001441007
0.0014410073
0.0014410077
0.0014410079
0.0014410081
0.0014410083
0.0014410083
0.0014410083
0.0014410081
0.0014410077
0.0014410072
0.0014410065
0.0014410055
0.0014410044
0.0014410031
0.0014410015
0.0014409998
0.0014409979
0.0014409959
0.0014409938
0.0014409916
0.0014409894
0.0014409873
0.0014409852
0.0014409832
0.0014409814
0.0014409797
0.0014409781
0.0014409768
0.0014409756
0.0014409745
0.0014409736
0.0014409728
0.0014409721
0.0014409714
0.0014409707
0.00144097
0.0014409692
0.0014409682
0.0014409671
0.0014409659
0.0014409644
)
;
    }
}


// ************************************************************************* //
