/*--------------------------------*- C++ -*----------------------------------*\
| =========                 |                                                 |
| \\      /  F ield         | OpenFOAM: The Open Source CFD Toolbox           |
|  \\    /   O peration     | Version:  2506                                  |
|   \\  /    A nd           | Website:  www.openfoam.com                      |
|    \\/     M anipulation  |                                                 |
\*---------------------------------------------------------------------------*/
FoamFile
{
    version     2.0;
    format      ascii;
    arch        "LSB;label=32;scalar=64";
    class       volScalarField;
    location    "12000/water";
    object      nut;
}
// * * * * * * * * * * * * * * * * * * * * * * * * * * * * * * * * * * * * * //

dimensions      [0 2 -1 0 0 0 0];

internalField   nonuniform List<scalar> 
6000
(
4.1367308e-05
4.1367285e-05
4.1367292e-05
4.1367317e-05
4.136735e-05
4.1367394e-05
4.1367445e-05
4.1367477e-05
4.1367269e-05
4.1365028e-05
4.1345959e-05
4.1185428e-05
3.984402e-05
3.0619188e-05
1.3489073e-05
4.0862094e-05
4.0862089e-05
4.0862128e-05
4.0862206e-05
4.086231e-05
4.0862441e-05
4.0862573e-05
4.0862525e-05
4.0861044e-05
4.0849566e-05
4.0769767e-05
4.0233638e-05
3.6930279e-05
2.3809326e-05
1.5168915e-05
4.0408426e-05
4.0408431e-05
4.0408496e-05
4.0408619e-05
4.040878e-05
4.0408965e-05
4.0409066e-05
4.0408421e-05
4.0403049e-05
4.0369314e-05
4.0169922e-05
3.9053519e-05
3.3674827e-05
1.9530254e-05
1.6389796e-05
3.9998212e-05
3.9998216e-05
3.9998298e-05
3.9998456e-05
3.9998657e-05
3.9998846e-05
3.9998699e-05
3.999645e-05
3.9982628e-05
3.9907469e-05
3.9519874e-05
3.7665236e-05
3.0439418e-05
1.6813321e-05
1.7227565e-05
3.9625122e-05
3.9625133e-05
3.9625231e-05
3.9625419e-05
3.9625638e-05
3.9625739e-05
3.9624947e-05
3.9619415e-05
3.959045e-05
3.9450123e-05
3.8807695e-05
3.6131535e-05
2.7477322e-05
1.5090355e-05
1.7763765e-05
3.9283984e-05
3.9284007e-05
3.9284119e-05
3.9284324e-05
3.9284521e-05
3.9284369e-05
3.9282279e-05
3.9270986e-05
3.9218236e-05
3.8986823e-05
3.8033859e-05
3.4524992e-05
2.4897642e-05
1.400968e-05
1.8072537e-05
3.8970512e-05
3.8970546e-05
3.8970668e-05
3.8970871e-05
3.8970973e-05
3.8970306e-05
3.8965958e-05
3.8945612e-05
3.8858945e-05
3.8510812e-05
3.7207229e-05
3.2908964e-05
2.2716803e-05
1.3360893e-05
1.8215906e-05
3.8681158e-05
3.8681199e-05
3.8681323e-05
3.8681493e-05
3.8681392e-05
3.8679823e-05
3.8671916e-05
3.8638477e-05
3.8506919e-05
3.801881e-05
3.6341286e-05
3.1331233e-05
2.0908463e-05
1.30184e-05
1.8243034e-05
3.841296e-05
3.8413006e-05
3.8413119e-05
3.8413209e-05
3.8412743e-05
3.8409742e-05
3.8396631e-05
3.8345462e-05
3.8157885e-05
3.7510375e-05
3.5450851e-05
2.9823717e-05
1.9431977e-05
1.2906145e-05
1.8191421e-05
3.816343e-05
3.8163474e-05
3.8163556e-05
3.8163497e-05
3.8162446e-05
3.8157327e-05
3.8137042e-05
3.8063106e-05
3.7808869e-05
3.6987081e-05
3.454982e-05
2.8405299e-05
1.8246291e-05
1.2977275e-05
1.8088864e-05
3.7930458e-05
3.7930491e-05
3.7930513e-05
3.793021e-05
3.7928279e-05
3.7920197e-05
3.7890497e-05
3.7788579e-05
3.7458031e-05
3.6451747e-05
3.3649968e-05
2.7085594e-05
1.7315649e-05
1.3202297e-05
1.7955551e-05
3.7712242e-05
3.7712253e-05
3.7712173e-05
3.7711499e-05
3.7708322e-05
3.7696279e-05
3.7654711e-05
3.7519641e-05
3.7104472e-05
3.5907781e-05
3.2760531e-05
2.58684e-05
1.6611172e-05
1.3561911e-05
1.7805936e-05
3.7507239e-05
3.7507212e-05
3.7506973e-05
3.7505765e-05
3.7500895e-05
3.7483757e-05
3.7427744e-05
3.725459e-05
3.6748014e-05
3.5358688e-05
3.188827e-05
2.4754408e-05
1.6110613e-05
1.4042468e-05
1.7650267e-05
3.7314115e-05
3.7314026e-05
3.7313557e-05
3.7311613e-05
3.7304527e-05
3.7281048e-05
3.7207963e-05
3.6992195e-05
3.6389e-05
3.4807726e-05
3.1037799e-05
2.3743174e-05
1.5797412e-05
1.4632945e-05
1.7495753e-05
3.7131708e-05
3.713153e-05
3.7130739e-05
3.7127817e-05
3.7117921e-05
3.7086772e-05
3.6994026e-05
3.6731629e-05
3.6028109e-05
3.4257704e-05
3.0212055e-05
2.2834479e-05
1.5659519e-05
1.5322866e-05
1.7347422e-05
3.6959006e-05
3.6958703e-05
3.6957478e-05
3.6953298e-05
3.6939934e-05
3.6899735e-05
3.6784847e-05
3.64724e-05
3.5666203e-05
3.3710866e-05
2.9412801e-05
2.2029191e-05
1.5688155e-05
1.6100896e-05
1.7208725e-05
3.6795116e-05
3.6794645e-05
3.6792855e-05
3.6787094e-05
3.6769555e-05
3.6718912e-05
3.6579574e-05
3.6214282e-05
3.5304204e-05
3.3168861e-05
2.8641157e-05
2.132974e-05
1.587657e-05
1.6954009e-05
1.7081944e-05
3.6639251e-05
3.6638559e-05
3.6636051e-05
3.6628355e-05
3.6605895e-05
3.6543431e-05
3.637756e-05
3.5957252e-05
3.4942996e-05
3.2632763e-05
2.789813e-05
2.0740252e-05
1.6218811e-05
1.7867211e-05
1.6968459e-05
3.6490711e-05
3.6489738e-05
3.6486338e-05
3.6476321e-05
3.6448171e-05
3.6372563e-05
3.6178336e-05
3.5701433e-05
3.458336e-05
3.2103134e-05
2.7185145e-05
2.0266398e-05
1.6708562e-05
1.8823777e-05
1.6868922e-05
3.6348869e-05
3.6347546e-05
3.6343063e-05
3.6330312e-05
3.62957e-05
3.6205706e-05
3.5981587e-05
3.5447046e-05
3.4225914e-05
3.1580129e-05
2.6504571e-05
1.991497e-05
1.7338099e-05
1.9805967e-05
1.6783375e-05
3.6213165e-05
3.6211415e-05
3.6205638e-05
3.6189726e-05
3.6147887e-05
3.6042373e-05
3.5787125e-05
3.5194368e-05
3.3871092e-05
3.1063631e-05
2.5860194e-05
1.9693245e-05
1.8097487e-05
2.0796033e-05
1.6711346e-05
3.6083093e-05
3.6080831e-05
3.6073537e-05
3.6054024e-05
3.6004223e-05
3.5882185e-05
3.5594869e-05
3.4943693e-05
3.3519118e-05
3.0553441e-05
2.5257605e-05
1.96082e-05
1.8974102e-05
2.1777346e-05
1.6651939e-05
3.5958194e-05
3.5955329e-05
3.5946284e-05
3.592273e-05
3.5864274e-05
3.5724854e-05
3.5404824e-05
3.4695304e-05
3.3170007e-05
3.0049498e-05
2.4704419e-05
1.9665646e-05
1.9952579e-05
2.2735414e-05
1.660395e-05
3.5838054e-05
3.5834489e-05
3.582345e-05
3.5795422e-05
3.5727676e-05
3.5570179e-05
3.521706e-05
3.444945e-05
3.2823581e-05
2.9552162e-05
2.4210265e-05
1.9869402e-05
2.1015194e-05
2.3658589e-05
1.6565971e-05
3.5722292e-05
3.5717927e-05
3.5704651e-05
3.5671733e-05
3.5594133e-05
3.5418031e-05
3.50317e-05
3.4206321e-05
3.2479493e-05
2.9062524e-05
2.3786503e-05
2.022057e-05
2.2142641e-05
2.4538397e-05
1.6536511e-05
3.5610563e-05
3.5605296e-05
3.558954e-05
3.5551342e-05
3.5463408e-05
3.5268352e-05
3.48489e-05
3.3966035e-05
3.2137286e-05
2.858275e-05
2.3445668e-05
2.0717024e-05
2.3315071e-05
2.5369467e-05
1.6514097e-05
3.5502551e-05
3.549628e-05
3.5477808e-05
3.5433974e-05
3.5335321e-05
3.5121137e-05
3.466884e-05
3.3728621e-05
3.1796463e-05
2.8116417e-05
2.3200676e-05
2.1353141e-05
2.4513224e-05
2.6149157e-05
1.6497357e-05
3.5397967e-05
3.539059e-05
3.536918e-05
3.5319398e-05
3.5209747e-05
3.4976437e-05
3.4491706e-05
3.3494016e-05
3.14566e-05
2.7668794e-05
2.3063903e-05
2.2119832e-05
2.5719465e-05
2.6877012e-05
1.6485071e-05
3.5296546e-05
3.5287966e-05
3.5263414e-05
3.5207424e-05
3.5086609e-05
3.4834344e-05
3.4317681e-05
3.3262058e-05
3.1117487e-05
2.7247026e-05
2.3046253e-05
2.3004861e-05
2.6918581e-05
2.7554165e-05
1.6476201e-05
3.5198047e-05
3.5188175e-05
3.5160297e-05
3.5097901e-05
3.4965875e-05
3.4694991e-05
3.4146934e-05
3.3032492e-05
3.0779305e-05
2.6860148e-05
2.3156315e-05
2.3993438e-05
2.8098247e-05
2.8182808e-05
1.6469894e-05
3.5102251e-05
3.5091004e-05
3.5059649e-05
3.4990715e-05
3.4847558e-05
3.4558539e-05
3.3979609e-05
3.2804987e-05
3.0442844e-05
2.6518902e-05
2.3399716e-05
2.5069007e-05
2.9249139e-05
2.8765761e-05
1.6465472e-05
3.5008959e-05
3.4996268e-05
3.4961317e-05
3.488579e-05
3.4731711e-05
3.4425177e-05
3.3815813e-05
3.2579164e-05
3.0109732e-05
2.6235323e-05
2.3778717e-05
2.6214168e-05
3.0364755e-05
2.9306158e-05
1.646241e-05
3.4917993e-05
3.4903801e-05
3.4865175e-05
3.4783085e-05
3.4618425e-05
3.4295113e-05
3.3655609e-05
3.235464e-05
2.9782687e-05
2.6022142e-05
2.429206e-05
2.7411591e-05
3.1441033e-05
2.9807247e-05
1.6460314e-05
3.4829195e-05
3.4813462e-05
3.4771128e-05
3.4682592e-05
3.4507829e-05
3.416857e-05
3.3499011e-05
3.2131095e-05
2.9465731e-05
2.589204e-05
2.4935073e-05
2.8644859e-05
3.2475855e-05
3.0272255e-05
1.6458891e-05
3.4742423e-05
3.4725129e-05
3.4679107e-05
3.4584339e-05
3.4400083e-05
3.4045774e-05
3.3345975e-05
3.1908364e-05
2.9164363e-05
2.5856856e-05
2.5699991e-05
2.9899124e-05
3.3468558e-05
3.0704314e-05
1.6457936e-05
3.465756e-05
3.4638706e-05
3.4589068e-05
3.4488387e-05
3.4295378e-05
3.3926957e-05
3.3196403e-05
3.1686556e-05
2.8885627e-05
2.5926838e-05
2.6576457e-05
3.1161549e-05
3.4419484e-05
3.1106401e-05
1.6457305e-05
3.4574503e-05
3.4554114e-05
3.4500999e-05
3.4394828e-05
3.4193938e-05
3.381234e-05
3.3050148e-05
3.1466195e-05
2.8638063e-05
2.6110008e-05
2.7552148e-05
3.2421503e-05
3.5329635e-05
3.1481314e-05
1.6456902e-05
3.4493171e-05
3.4471301e-05
3.4414911e-05
3.4303789e-05
3.409601e-05
3.3702133e-05
3.2907027e-05
3.1248389e-05
2.8431492e-05
2.6411717e-05
2.8613483e-05
3.3670555e-05
3.6200409e-05
3.1831643e-05
1.6456669e-05
3.4413502e-05
3.4390234e-05
3.4330848e-05
3.4215429e-05
3.4001867e-05
3.3596524e-05
3.2766849e-05
3.1035013e-05
2.8276657e-05
2.6834392e-05
2.9746332e-05
3.4902297e-05
3.703343e-05
3.2159762e-05
1.6456572e-05
3.4335456e-05
3.4310905e-05
3.4248878e-05
3.4129939e-05
3.3911801e-05
3.3495676e-05
3.2629453e-05
3.0828885e-05
2.818473e-05
2.73775e-05
3.0936679e-05
3.6112069e-05
3.7830438e-05
3.2467823e-05
1.6456596e-05
3.4259011e-05
3.423333e-05
3.4169102e-05
3.4047543e-05
3.3826124e-05
3.3399718e-05
3.2494766e-05
3.0633923e-05
2.8166733e-05
2.8037692e-05
3.2171193e-05
3.7296637e-05
3.8593223e-05
3.2757763e-05
1.6456739e-05
3.4184168e-05
3.4157548e-05
3.409165e-05
3.3968498e-05
3.3745158e-05
3.3308744e-05
3.236288e-05
3.0455255e-05
2.8232927e-05
2.8809107e-05
3.3437648e-05
3.8453879e-05
3.9323576e-05
3.3031311e-05
1.6457005e-05
3.4110952e-05
3.4083626e-05
3.4016682e-05
3.3893092e-05
3.3669236e-05
3.3222814e-05
3.2234152e-05
3.0299253e-05
2.8392247e-05
2.968379e-05
3.4725213e-05
3.9582514e-05
4.0023269e-05
3.3290008e-05
1.6457402e-05
3.4039411e-05
3.4011658e-05
3.3944392e-05
3.3821645e-05
3.3598692e-05
3.3141955e-05
3.210932e-05
3.0173467e-05
2.8651821e-05
3.0652196e-05
3.6024572e-05
4.0681868e-05
4.0694026e-05
3.353522e-05
1.6457942e-05
3.3969616e-05
3.3941763e-05
3.3875008e-05
3.3754507e-05
3.3533858e-05
3.306618e-05
3.1989642e-05
3.0086446e-05
2.9016627e-05
3.1703719e-05
3.7327935e-05
4.1751711e-05
4.1337507e-05
3.3768155e-05
1.6458635e-05
3.3901667e-05
3.3874095e-05
3.3808792e-05
3.369206e-05
3.3475059e-05
3.2995507e-05
3.187704e-05
3.0047455e-05
2.9489292e-05
3.2827219e-05
3.8628938e-05
4.2792134e-05
4.1955299e-05
3.3989887e-05
1.6459492e-05
3.3835691e-05
3.3808835e-05
3.3746042e-05
3.3634709e-05
3.3422602e-05
3.2929991e-05
3.1774238e-05
3.0066081e-05
3.007006e-05
3.4011505e-05
3.9922489e-05
4.3803458e-05
4.2548902e-05
3.4201364e-05
1.6460521e-05
3.3771846e-05
3.3746203e-05
3.3687095e-05
3.358289e-05
3.3376777e-05
3.286978e-05
3.1684886e-05
3.0151793e-05
3.0756886e-05
3.5245744e-05
4.1204584e-05
4.4786179e-05
4.3119729e-05
3.4403428e-05
1.6461728e-05
3.3710322e-05
3.3686449e-05
3.3632325e-05
3.3537056e-05
3.3337852e-05
3.281518e-05
3.1613639e-05
3.0313468e-05
3.1545661e-05
3.651978e-05
4.2472113e-05
4.574092e-05
4.3669102e-05
3.4596827e-05
1.6463121e-05
3.3651343e-05
3.3629867e-05
3.3582146e-05
3.3497682e-05
3.3306071e-05
3.2766736e-05
3.1566176e-05
3.0558945e-05
3.2430519e-05
3.782435e-05
4.3722695e-05
4.6668398e-05
4.4198256e-05
3.4782226e-05
1.6464701e-05
3.359517e-05
3.3576787e-05
3.3537014e-05
3.3465257e-05
3.328166e-05
3.2725338e-05
3.1549147e-05
3.0894638e-05
3.3404215e-05
3.9151207e-05
4.4954529e-05
4.7569394e-05
4.4708339e-05
3.4960217e-05
1.6466471e-05
3.3542106e-05
3.3527584e-05
3.3497423e-05
3.3440275e-05
3.3264838e-05
3.2692337e-05
3.1570023e-05
3.1325251e-05
3.4458517e-05
4.0493152e-05
4.6166274e-05
4.8444733e-05
4.520042e-05
3.5131333e-05
1.6468431e-05
3.3492497e-05
3.3482682e-05
3.346391e-05
3.3423238e-05
3.3255838e-05
3.2669661e-05
3.1636869e-05
3.1853601e-05
3.5584607e-05
4.1844008e-05
4.7356959e-05
4.9295261e-05
4.5675492e-05
3.5296047e-05
1.647058e-05
3.3446735e-05
3.3442548e-05
3.3437051e-05
3.3414644e-05
3.3254936e-05
3.2659938e-05
3.1758036e-05
3.2480556e-05
3.6773448e-05
4.3198545e-05
4.8525909e-05
5.0121833e-05
4.6134479e-05
3.5454787e-05
1.6472917e-05
3.3405264e-05
3.3407707e-05
3.3417461e-05
3.3414983e-05
3.32625e-05
3.2666592e-05
3.1941802e-05
3.3205087e-05
3.8016104e-05
4.4552375e-05
4.9672692e-05
5.0925298e-05
4.6578238e-05
3.5607939e-05
1.6475438e-05
3.3368581e-05
3.3378733e-05
3.3405791e-05
3.3424736e-05
3.3279045e-05
3.269391e-05
3.2195994e-05
3.4024422e-05
3.9303998e-05
4.5901845e-05
5.0797073e-05
5.1706493e-05
4.7007565e-05
3.575585e-05
1.6478139e-05
3.3337244e-05
3.3356261e-05
3.3402726e-05
3.3444374e-05
3.3305312e-05
3.2747054e-05
3.2527619e-05
3.4934263e-05
4.06291e-05
4.7243931e-05
5.1898978e-05
5.2466234e-05
4.7423201e-05
3.5898837e-05
1.6481016e-05
3.3311875e-05
3.3340983e-05
3.3408981e-05
3.347436e-05
3.3342361e-05
3.2832014e-05
3.2942542e-05
3.5929071e-05
4.1984043e-05
4.8576138e-05
5.2978462e-05
5.3205317e-05
4.7825835e-05
3.6037187e-05
1.6484065e-05
3.3293163e-05
3.3333652e-05
3.3425294e-05
3.3515162e-05
3.3391667e-05
3.2955484e-05
3.3445234e-05
3.7002363e-05
4.3362193e-05
4.9896418e-05
5.4035684e-05
5.3924506e-05
4.8216107e-05
3.6171161e-05
1.6487281e-05
3.3281869e-05
3.3335085e-05
3.3452425e-05
3.3567272e-05
3.3455235e-05
3.3124674e-05
3.4038603e-05
3.8147028e-05
4.4757649e-05
5.12031e-05
5.5070885e-05
5.4624543e-05
4.8594615e-05
3.6301e-05
1.6490657e-05
3.3278836e-05
3.3346162e-05
3.3491148e-05
3.3631232e-05
3.3535695e-05
3.3347045e-05
3.4723923e-05
3.9355618e-05
4.6165228e-05
5.2494832e-05
5.608437e-05
5.5306137e-05
4.8961914e-05
3.6426925e-05
1.6494188e-05
3.3284986e-05
3.3367825e-05
3.3542247e-05
3.3707682e-05
3.363639e-05
3.3630017e-05
3.5500852e-05
4.0620608e-05
4.7580407e-05
5.3770532e-05
5.7076492e-05
5.5969972e-05
4.9318529e-05
3.6549143e-05
1.649787e-05
3.3301328e-05
3.3401077e-05
3.3606513e-05
3.3797413e-05
3.376143e-05
3.3980641e-05
3.6367527e-05
4.1934619e-05
4.8999267e-05
5.5029345e-05
5.8047636e-05
5.6616678e-05
4.9664839e-05
3.6667084e-05
1.6501693e-05
3.3328964e-05
3.3446985e-05
3.3684745e-05
3.3901443e-05
3.3915699e-05
3.4405291e-05
3.7320734e-05
4.329058e-05
5.0418425e-05
5.627061e-05
5.8998205e-05
5.7246851e-05
5.0001244e-05
3.6781085e-05
1.6505652e-05
3.3369088e-05
3.3506667e-05
3.3777753e-05
3.4021098e-05
3.4104808e-05
3.4909374e-05
3.8356116e-05
4.4681851e-05
5.183497e-05
5.7493828e-05
5.9928617e-05
5.7861061e-05
5.0328147e-05
3.689145e-05
1.6509737e-05
3.3422991e-05
3.3581299e-05
3.3886372e-05
3.4158112e-05
3.4334984e-05
3.5497112e-05
3.9468417e-05
4.6102298e-05
5.3246402e-05
5.8698636e-05
6.0839302e-05
5.8459863e-05
5.0645959e-05
3.6998448e-05
1.6513939e-05
3.3492061e-05
3.3672101e-05
3.4011478e-05
3.431472e-05
3.4612894e-05
3.6171381e-05
4.0651731e-05
4.7546322e-05
5.4650583e-05
5.9884785e-05
6.173069e-05
5.9043733e-05
5.0954642e-05
3.7102365e-05
1.6518251e-05
3.3577784e-05
3.3780338e-05
3.4154026e-05
3.4493754e-05
3.4945417e-05
3.6933634e-05
4.1899742e-05
4.9008866e-05
5.6045689e-05
6.1052122e-05
6.2603202e-05
5.9613115e-05
5.1254409e-05
3.7203362e-05
1.6522664e-05
3.3681742e-05
3.3907316e-05
3.4315091e-05
3.4698708e-05
3.5339377e-05
3.7783895e-05
4.320595e-05
5.0485401e-05
5.7430168e-05
6.2200568e-05
6.3457259e-05
6.0168467e-05
5.1545764e-05
3.7301527e-05
1.6527174e-05
3.3805608e-05
3.4054378e-05
3.4495928e-05
3.4933788e-05
3.5801256e-05
3.8720836e-05
4.4563855e-05
5.1971888e-05
5.8802704e-05
6.3330109e-05
6.429328e-05
6.0710252e-05
5.1829143e-05
3.7396968e-05
1.6531776e-05
3.3951147e-05
3.4222911e-05
3.4698049e-05
3.5203901e-05
3.6336912e-05
3.9741896e-05
4.5967111e-05
5.3464744e-05
6.0162192e-05
6.4440789e-05
6.5111673e-05
6.1238802e-05
5.2104951e-05
3.7489812e-05
1.6536466e-05
3.4120204e-05
3.4414352e-05
3.4923304e-05
3.5514599e-05
3.695133e-05
4.084346e-05
4.7409646e-05
5.49608e-05
6.1507704e-05
6.5532686e-05
6.5912786e-05
6.1754105e-05
5.2373577e-05
3.7580207e-05
1.6541241e-05
3.4314705e-05
3.4630208e-05
3.5173979e-05
3.5871963e-05
3.7648416e-05
4.2021049e-05
4.8885733e-05
5.6457263e-05
6.2838466e-05
6.6605909e-05
6.6696984e-05
6.225673e-05
5.2635226e-05
3.7668256e-05
1.65461e-05
3.4536648e-05
3.4872085e-05
3.5452882e-05
3.6282425e-05
3.843085e-05
4.3269541e-05
5.0390041e-05
5.7951669e-05
6.4153834e-05
6.7660594e-05
6.746465e-05
6.2747189e-05
5.2890119e-05
3.7754045e-05
1.6551039e-05
3.4788109e-05
3.5141732e-05
3.5763427e-05
3.6752548e-05
3.9300017e-05
4.4583369e-05
5.1917658e-05
5.9441855e-05
6.5453278e-05
6.8696906e-05
6.8216185e-05
6.3225944e-05
5.3138485e-05
3.7837654e-05
1.6556054e-05
3.5071241e-05
3.5441096e-05
3.6109683e-05
3.7288769e-05
4.0255998e-05
4.5956717e-05
5.3464088e-05
6.0925925e-05
6.6736372e-05
6.971499e-05
6.8951484e-05
6.3693456e-05
5.3380575e-05
3.7919178e-05
1.6561141e-05
3.538829e-05
3.5772402e-05
3.6496393e-05
3.7897129e-05
4.1297626e-05
4.7383686e-05
5.5025245e-05
6.2402217e-05
6.8002757e-05
7.0714997e-05
6.9671028e-05
6.4150036e-05
5.3616598e-05
3.7998704e-05
1.6566298e-05
3.5741623e-05
3.6138227e-05
3.6928939e-05
3.8583017e-05
4.2422598e-05
4.8858436e-05
5.6597428e-05
6.3869272e-05
6.9252145e-05
7.1697118e-05
7.037529e-05
6.4595982e-05
5.3846739e-05
3.8076308e-05
1.6571522e-05
3.6133765e-05
3.65416e-05
3.7413252e-05
3.9350935e-05
4.3627623e-05
5.0375289e-05
5.8177292e-05
6.5325814e-05
7.0484307e-05
7.2661578e-05
7.1064705e-05
6.5031593e-05
5.4071179e-05
3.8152054e-05
1.6576808e-05
3.6567453e-05
3.6986083e-05
3.7955664e-05
4.0204323e-05
4.4908597e-05
5.1928814e-05
5.9761834e-05
6.6770737e-05
7.169906e-05
7.3608224e-05
7.1739656e-05
6.5457164e-05
5.4290106e-05
3.8226003e-05
1.6582153e-05
3.7045709e-05
3.7475845e-05
3.8562703e-05
4.1145429e-05
4.6260789e-05
5.3513874e-05
6.1348348e-05
6.8203061e-05
7.289623e-05
7.4537357e-05
7.2400493e-05
6.5872962e-05
5.4503698e-05
3.8298218e-05
1.6587554e-05
3.7571918e-05
3.8015701e-05
3.9240856e-05
4.217526e-05
4.7679024e-05
5.5125657e-05
6.2934401e-05
6.9621918e-05
7.4075703e-05
7.5449304e-05
7.3047534e-05
6.6279232e-05
5.4712113e-05
3.8368751e-05
1.6593007e-05
3.8149913e-05
3.8611111e-05
3.9996297e-05
4.3293578e-05
4.9157854e-05
5.6759689e-05
6.4517813e-05
7.1026552e-05
7.5237339e-05
7.6344345e-05
7.3681076e-05
6.6676218e-05
5.49155e-05
3.8437654e-05
1.659851e-05
3.8784049e-05
3.9268115e-05
4.083463e-05
4.4498974e-05
5.0691706e-05
5.8411838e-05
6.6096631e-05
7.2416296e-05
7.6380926e-05
7.7222728e-05
7.4301396e-05
6.7064161e-05
5.5113999e-05
3.8504972e-05
1.6604058e-05
3.9479255e-05
3.9993216e-05
4.1760639e-05
4.578897e-05
5.2275011e-05
6.0078293e-05
6.7669084e-05
7.3790526e-05
7.7506487e-05
7.8084758e-05
7.4908758e-05
6.7443287e-05
5.5307743e-05
3.8570746e-05
1.6609648e-05
4.0241035e-05
4.0793182e-05
4.2778089e-05
4.7160169e-05
5.39023e-05
6.1755551e-05
6.9233568e-05
7.5148709e-05
7.8614111e-05
7.8930691e-05
7.5503414e-05
6.78138e-05
5.5496857e-05
3.8635016e-05
1.6615277e-05
4.1075419e-05
4.1674811e-05
4.3889574e-05
4.8608417e-05
5.5568283e-05
6.3440418e-05
7.0788679e-05
7.6490243e-05
7.9703726e-05
7.976073e-05
7.6085615e-05
6.8175899e-05
5.5681455e-05
3.8697817e-05
1.6620943e-05
4.1988835e-05
4.2644635e-05
4.5096432e-05
5.0128977e-05
5.7267898e-05
6.5129951e-05
7.233307e-05
7.7814663e-05
8.0775526e-05
8.057508e-05
7.6655598e-05
6.852977e-05
5.5861644e-05
3.8759181e-05
1.662664e-05
4.2987907e-05
4.3708622e-05
4.6398723e-05
5.1716692e-05
5.8996334e-05
6.6821439e-05
7.3865521e-05
7.9121659e-05
8.1829643e-05
8.1373941e-05
7.721358e-05
6.8875588e-05
5.6037525e-05
3.8819138e-05
1.6632367e-05
4.4079172e-05
4.4871869e-05
4.7795262e-05
5.3366144e-05
6.0749071e-05
6.8512442e-05
7.5384889e-05
8.0410758e-05
8.2866126e-05
8.215751e-05
7.7759768e-05
6.9213514e-05
5.620919e-05
3.8877714e-05
1.663812e-05
4.5268748e-05
4.6138336e-05
4.9283709e-05
5.5071779e-05
6.2521854e-05
7.0200641e-05
7.6890076e-05
8.1681866e-05
8.3885036e-05
8.292597e-05
7.8294356e-05
6.9543699e-05
5.6376723e-05
3.8934933e-05
1.6643896e-05
4.6561962e-05
4.7510612e-05
5.0860686e-05
5.6828017e-05
6.4310687e-05
7.1883885e-05
7.8380137e-05
8.2934856e-05
8.4886441e-05
8.367949e-05
7.8817522e-05
6.9866282e-05
5.6540202e-05
3.8990817e-05
1.6649692e-05
4.796298e-05
4.8989765e-05
5.2521929e-05
5.8629353e-05
6.6111882e-05
7.3560204e-05
7.985405e-05
8.4169506e-05
8.5870404e-05
8.4418224e-05
7.9329432e-05
7.0181391e-05
5.6699699e-05
3.9045384e-05
1.6655505e-05
4.9474469e-05
5.0575248e-05
5.4262431e-05
6.0470378e-05
6.7921885e-05
7.5227637e-05
8.1311325e-05
8.5385632e-05
8.6836976e-05
8.5142314e-05
7.9830237e-05
7.0489144e-05
5.6855277e-05
3.9098651e-05
1.6661331e-05
5.1097329e-05
5.2264886e-05
5.6076606e-05
6.2345884e-05
6.9737433e-05
7.688423e-05
8.2751339e-05
8.658306e-05
8.7786198e-05
8.5851886e-05
8.0320075e-05
7.0789647e-05
5.7006994e-05
3.9150632e-05
1.6667168e-05
5.283051e-05
5.4054924e-05
5.7958404e-05
6.4250768e-05
7.1555295e-05
7.8528588e-05
8.417348e-05
8.7761614e-05
8.8718096e-05
8.6547049e-05
8.0799067e-05
7.1082994e-05
5.7154902e-05
3.9201338e-05
1.6673012e-05
5.4670956e-05
5.5940149e-05
5.9901467e-05
6.6180139e-05
7.3372236e-05
8.0159419e-05
8.5577173e-05
8.8921113e-05
8.9632685e-05
8.7227897e-05
8.126732e-05
7.136927e-05
5.7299045e-05
3.9250778e-05
1.6678861e-05
5.6613636e-05
5.7914025e-05
6.1899132e-05
6.8129068e-05
7.5185679e-05
8.1775461e-05
8.6961859e-05
9.0061369e-05
9.0529959e-05
8.7894504e-05
8.1724927e-05
7.1648548e-05
5.7439461e-05
3.929896e-05
1.6684711e-05
5.8651706e-05
5.9968884e-05
6.3944518e-05
7.0092754e-05
7.6993249e-05
8.3375513e-05
8.8326992e-05
9.1182183e-05
9.1409896e-05
8.8546928e-05
8.2171965e-05
7.1920889e-05
5.7576183e-05
3.9345888e-05
1.669056e-05
6.0776688e-05
6.2096e-05
6.6030473e-05
7.206703e-05
7.8792689e-05
8.4958427e-05
8.967203e-05
9.2283341e-05
9.2272455e-05
8.9185205e-05
8.2608493e-05
7.2186345e-05
5.7709236e-05
3.9391564e-05
1.6696403e-05
6.2978673e-05
6.428596e-05
6.8150155e-05
7.4047878e-05
8.0581844e-05
8.6523095e-05
9.0996435e-05
9.3364615e-05
9.3117573e-05
8.9809353e-05
8.3034557e-05
7.2444955e-05
5.7838639e-05
3.9435988e-05
1.6702239e-05
6.5246788e-05
6.6528954e-05
7.0296771e-05
7.6031422e-05
8.2358653e-05
8.8068442e-05
9.2299668e-05
9.4425761e-05
9.3945165e-05
9.041937e-05
8.3450185e-05
7.2696747e-05
5.7964405e-05
3.9479158e-05
1.6708063e-05
6.7569577e-05
6.8814955e-05
7.2463615e-05
7.8013913e-05
8.412113e-05
8.9593422e-05
9.3581184e-05
9.5466512e-05
9.4755125e-05
9.1015231e-05
8.3855388e-05
7.2941737e-05
5.8086541e-05
3.9521069e-05
1.6713873e-05
6.9935358e-05
7.1133925e-05
7.4644104e-05
7.9991719e-05
8.5867358e-05
9.109701e-05
9.4840433e-05
9.6486586e-05
9.5547323e-05
9.1596893e-05
8.4250162e-05
7.3179931e-05
5.8205045e-05
3.9561713e-05
1.6719665e-05
7.2332531e-05
7.347599e-05
7.6831817e-05
8.1961317e-05
8.7595478e-05
9.2578201e-05
9.6076859e-05
9.7485682e-05
9.6321607e-05
9.216429e-05
8.4634485e-05
7.3411322e-05
5.8319912e-05
3.9601082e-05
1.6725435e-05
7.4749843e-05
7.5831599e-05
7.9020533e-05
8.3919289e-05
8.9303685e-05
9.4036007e-05
9.7289901e-05
9.8463478e-05
9.7077805e-05
9.2717337e-05
8.5008319e-05
7.3635892e-05
5.8431128e-05
3.9639163e-05
1.6731181e-05
7.7176595e-05
7.8191655e-05
8.1204267e-05
8.5862324e-05
9.0990221e-05
9.5469456e-05
9.8478991e-05
9.9419641e-05
9.7815722e-05
9.3255927e-05
8.537161e-05
7.3853611e-05
5.8538672e-05
3.9675941e-05
1.6736897e-05
7.9602793e-05
8.0547612e-05
8.3377312e-05
8.7787221e-05
9.2653376e-05
9.6877595e-05
9.9643564e-05
0.00010035382
9.8535146e-05
9.3779939e-05
8.5724287e-05
7.4064439e-05
5.8642519e-05
3.9711399e-05
1.6742581e-05
8.2019249e-05
8.2891549e-05
8.5534267e-05
8.9690902e-05
9.4291489e-05
9.8259487e-05
0.00010078305
0.00010126566
9.923585e-05
9.4289231e-05
8.6066266e-05
7.4268325e-05
5.8742637e-05
3.9745519e-05
1.6748228e-05
8.4417636e-05
8.5216216e-05
8.7670072e-05
9.1570417e-05
9.5902952e-05
9.9614222e-05
0.00010189689
0.00010215478
9.9917593e-05
9.4783647e-05
8.6397451e-05
7.4465207e-05
5.8838986e-05
3.9778277e-05
1.6753834e-05
8.679051e-05
8.7515059e-05
8.9780031e-05
9.342296e-05
9.7486215e-05
0.00010094091
0.00010298453
0.00010302083
0.00010058012
9.526302e-05
8.6717729e-05
7.4655015e-05
5.8931523e-05
3.9809652e-05
1.6759394e-05
8.9131296e-05
8.9782223e-05
9.1859828e-05
9.5245885e-05
9.9039791e-05
0.00010223871
0.00010404544
0.00010386344
0.00010122319
9.5727172e-05
8.7026983e-05
7.4837671e-05
5.90202e-05
3.9839616e-05
1.6764905e-05
9.143426e-05
9.2012539e-05
9.3905542e-05
9.7036713e-05
0.00010056227
0.00010350678
0.00010507909
0.00010468225
0.00010184653
9.6175919e-05
8.7325084e-05
7.501309e-05
5.9104962e-05
3.9868142e-05
1.6770361e-05
9.3694463e-05
9.4201496e-05
9.5913645e-05
9.8793148e-05
0.00010205231
0.00010474437
0.000106085
0.00010547692
0.00010244989
9.6609075e-05
8.76119e-05
7.518118e-05
5.9185754e-05
3.9895202e-05
1.6775757e-05
9.5907704e-05
9.6345213e-05
9.7881009e-05
0.00010051309
0.00010350867
0.00010595075
0.00010706271
0.00010624712
0.00010303302
9.7026454e-05
8.7887293e-05
7.5341848e-05
5.9262515e-05
3.9920765e-05
1.6781088e-05
9.8070463e-05
9.8440394e-05
9.9804886e-05
0.00010219462
0.0001049302
0.00010712523
0.00010801179
0.00010699255
0.0001035957
9.7427875e-05
8.8151128e-05
7.5494996e-05
5.9335184e-05
3.9944801e-05
1.6786349e-05
0.00010017983
0.00010048428
0.00010168291
0.00010383604
0.00010631585
0.00010826722
0.00010893186
0.00010771293
0.00010413771
9.7813166e-05
8.8403272e-05
7.564053e-05
5.9403701e-05
3.9967279e-05
1.6791535e-05
0.00010223347
0.00010247462
0.00010351306
0.00010543586
0.00010766469
0.00010937616
0.00010982258
0.00010840802
0.00010465885
9.8182169e-05
8.8643599e-05
7.5778355e-05
5.9468003e-05
3.998817e-05
1.6796639e-05
0.00010422952
0.00010440961
0.00010529367
0.00010699277
0.00010897587
0.00011045158
0.00011068366
0.00010907762
0.00010515897
9.853474e-05
8.8871991e-05
7.5908383e-05
5.9528032e-05
4.0007443e-05
1.6801657e-05
0.00010616656
0.00010628783
0.00010702338
0.00010850567
0.0001102487
0.00011149305
0.00011151486
0.00010972157
0.00010563791
9.8870758e-05
8.9088343e-05
7.603053e-05
5.9583732e-05
4.002507e-05
1.6806582e-05
0.00010804359
0.00010810826
0.00010870111
0.00010997367
0.00011148256
0.00011250026
0.000112316
0.00011033974
0.00010609558
9.9190125e-05
8.9292565e-05
7.6144725e-05
5.9635054e-05
4.0041027e-05
1.6811408e-05
0.00010985992
0.00010987018
0.00011032608
0.00011139605
0.00011267699
0.00011347295
0.00011308696
0.00011093205
0.00010653191
9.9492769e-05
8.9484587e-05
7.6250904e-05
5.9681953e-05
4.005529e-05
1.6816131e-05
0.00011161518
0.00011157317
0.00011189773
0.00011277227
0.0001138316
0.00011441092
0.00011382766
0.00011149849
0.00010694688
9.9778648e-05
8.9664357e-05
7.6349019e-05
5.9724391e-05
4.006784e-05
1.6820744e-05
0.00011330925
0.00011321704
0.00011341575
0.00011410196
0.00011494615
0.00011531408
0.00011453811
0.00011203907
0.00010734048
0.00010004775
8.9831846e-05
7.6439035e-05
5.976234e-05
4.0078661e-05
1.6825242e-05
0.00011494226
0.00011480185
0.00011488
0.00011538491
0.00011602049
0.00011618239
0.00011521833
0.00011255386
0.00010771279
0.0001003001
8.9987052e-05
7.6520936e-05
5.9795783e-05
4.0087742e-05
1.6829619e-05
0.0001165145
0.00011632785
0.00011629055
0.00011662106
0.00011705457
0.00011701591
0.00011586845
0.00011304299
0.00010806388
0.00010053575
9.0129996e-05
7.6594723e-05
5.9824712e-05
4.0095078e-05
1.6833871e-05
0.00011802647
0.00011779544
0.00011764763
0.00011781047
0.00011804846
0.00011781474
0.00011648863
0.00011350661
0.0001083939
0.0001007548
9.0260729e-05
7.6660414e-05
5.9849132e-05
4.0100666e-05
1.6837992e-05
0.0001194788
0.00011920519
0.00011895159
0.00011895335
0.0001190023
0.00011857907
0.00011707908
0.00011394494
0.00010870302
0.00010095736
9.0379328e-05
7.6718051e-05
5.986906e-05
4.0104514e-05
1.6841978e-05
0.00012087224
0.00012055779
0.00012020294
0.00012005
0.00011991635
0.00011930916
0.00011764007
0.00011435824
0.00010899147
0.00010114361
9.0485898e-05
7.6767694e-05
5.9884524e-05
4.0106631e-05
1.6845825e-05
0.00012220767
0.00012185403
0.00012140229
0.00012110085
0.00012079091
0.00012000533
0.00011817194
0.00011474681
0.0001092595
0.00010131374
9.0580573e-05
7.6809424e-05
5.989557e-05
4.0107034e-05
1.6849529e-05
0.00012348605
0.0001230948
0.00012255034
0.00012210639
0.0001216264
0.00012066793
0.00011867504
0.00011511101
0.0001095074
0.00010146798
9.0663515e-05
7.6843344e-05
5.9902253e-05
4.0105748e-05
1.6853086e-05
0.0001247084
0.00012428109
0.00012364789
0.00012306722
0.00012242328
0.00012129742
0.00011914979
0.00011545121
0.0001097355
0.00010160658
9.0734913e-05
7.6869577e-05
5.9904644e-05
4.0102801e-05
1.6856493e-05
0.00012587584
0.00012541393
0.0001246958
0.00012398401
0.00012318209
0.00012189426
0.00011959664
0.00011576784
0.00010994418
0.00010172985
9.0794981e-05
7.6888267e-05
5.9902826e-05
4.0098229e-05
1.6859748e-05
0.00012698952
0.00012649443
0.00012569501
0.00012485748
0.00012390343
0.00012245899
0.0001200161
0.00011606135
0.00011013383
0.0001018381
9.084396e-05
7.6899576e-05
5.9896895e-05
4.0092074e-05
1.686285e-05
0.00012805064
0.00012752371
0.00012664651
0.00012568844
0.00012458793
0.00012299218
0.0001204087
0.00011633222
0.00011030487
0.00010193168
9.0882111e-05
7.6903685e-05
5.9886959e-05
4.0084383e-05
1.6865796e-05
0.00012906045
0.00012850298
0.00012755133
0.00012647772
0.0001252363
0.00012349443
0.00012077499
0.00011658098
0.00011045775
0.00010201096
9.090972e-05
7.6900792e-05
5.9873138e-05
4.0075207e-05
1.6868586e-05
0.0001300202
0.00012943345
0.00012841054
0.0001272262
0.00012584927
0.00012396641
0.00012111556
0.00011680817
0.00011059295
0.00010207633
9.0927093e-05
7.6891113e-05
5.9855563e-05
4.0064605e-05
1.6871218e-05
0.0001309312
0.00013031636
0.00012922525
0.00012793481
0.0001264276
0.00012440877
0.00012143105
0.00011701434
0.00011071097
0.00010212822
9.093455e-05
7.6874877e-05
5.9834373e-05
4.0052637e-05
1.6873695e-05
0.00013179473
0.00013115296
0.00012999659
0.00012860451
0.00012697211
0.00012482224
0.00012172207
0.00011720008
0.00011081232
0.00010216705
9.0932433e-05
7.6852325e-05
5.9809717e-05
4.0039368e-05
1.6876014e-05
0.00013261213
0.00013194453
0.00013072571
0.00012923626
0.00012748362
0.00012520752
0.00012198931
0.000117366
0.00011089753
0.00010219328
9.0921093e-05
7.6823713e-05
5.9781753e-05
4.0024869e-05
1.6878179e-05
0.00013338472
0.00013269236
0.00013141376
0.00012983109
0.00012796299
0.00012556538
0.00012223342
0.00011751269
0.00011096714
0.00010220735
9.0900897e-05
7.6789303e-05
5.9750644e-05
4.0009209e-05
1.688019e-05
0.00013411381
0.00013339773
0.00013206194
0.00013038999
0.00012841108
0.00012589658
0.00012245511
0.0001176408
0.00011102172
0.00010220975
9.0872219e-05
7.674937e-05
5.9716559e-05
3.9992464e-05
1.688205e-05
0.00013480075
0.00013406192
0.00013267141
0.000130914
0.00012882878
0.00012620189
0.00012265507
0.00011775095
0.00011106182
0.00010220095
9.0835444e-05
7.6704191e-05
5.9679671e-05
3.9974709e-05
1.688376e-05
0.00013544685
0.00013468622
0.00013324337
0.00013140417
0.00012921699
0.0001264821
0.000122834
0.00011784378
0.00011108801
0.00010218143
9.0790961e-05
7.6654053e-05
5.9640159e-05
3.9956021e-05
1.6885323e-05
0.00013605342
0.00013527191
0.00013377899
0.00013186153
0.00012957661
0.000126738
0.00012299264
0.00011791995
0.00011110087
0.0001021517
9.0739166e-05
7.6599244e-05
5.9598201e-05
3.9936477e-05
1.6886743e-05
0.00013662177
0.00013582027
0.00013427946
0.00013228712
0.00012990855
0.00012697041
0.00012313168
0.00011798009
0.00011110097
0.00010211224
9.0680454e-05
7.6540055e-05
5.9553979e-05
3.9916156e-05
1.6888023e-05
0.00013715319
0.00013633254
0.00013474594
0.000132682
0.00013021373
0.00012718011
0.00012325186
0.00011802486
0.0001110889
0.00010206354
9.0615224e-05
7.6476778e-05
5.9507673e-05
3.9895136e-05
1.6889166e-05
0.00013764897
0.00013680998
0.0001351796
0.00013304719
0.00013049304
0.00012736792
0.00012335389
0.00011805491
0.00011106521
0.00010200611
9.0543875e-05
7.6409705e-05
5.9459464e-05
3.9873493e-05
1.6890177e-05
0.00013811035
0.00013725382
0.0001355816
0.00013338375
0.00013074741
0.00012753463
0.00012343849
0.00011807088
0.0001110305
0.00010194042
9.04668e-05
7.6339126e-05
5.9409532e-05
3.9851303e-05
1.6891059e-05
0.0001385386
0.00013766527
0.00013595308
0.00013369269
0.00013097774
0.00012768104
0.00012350637
0.00011807341
0.00011098531
0.00010186696
9.0384393e-05
7.6265328e-05
5.9358053e-05
3.9828641e-05
1.6891817e-05
0.00013893494
0.00013804555
0.00013629515
0.00013397502
0.00013118491
0.00012780795
0.00012355824
0.00011806313
0.00011093022
0.00010178622
9.0297042e-05
7.6188594e-05
5.9305202e-05
3.980558e-05
1.6892455e-05
0.00013930056
0.00013839581
0.00013660893
0.00013423176
0.00013136983
0.00012791614
0.0001235948
0.00011804067
0.00011086578
0.00010169866
9.0205128e-05
7.6109205e-05
5.925115e-05
3.9782191e-05
1.6892978e-05
0.00013963667
0.00013871724
0.00013689552
0.00013446389
0.00013153337
0.00012800639
0.00012361674
0.00011800665
0.00011079253
0.00010160476
9.0109026e-05
7.6027433e-05
5.9196062e-05
3.9758542e-05
1.6893391e-05
0.00013994442
0.00013901095
0.00013715598
0.00013467239
0.0001316764
0.00012807946
0.00012362474
0.00011796168
0.00011071101
0.00010150497
9.0009103e-05
7.5943545e-05
5.91401e-05
3.9734699e-05
1.6893698e-05
0.00014022495
0.00013927808
0.00013739138
0.00013485822
0.00013179976
0.00012813611
0.00012361949
0.00011790635
0.00011062175
0.00010139974
8.990572e-05
7.5857801e-05
5.9083422e-05
3.9710725e-05
1.6893904e-05
0.00014047938
0.0001395197
0.00013760274
0.00013502232
0.00013190431
0.00012817709
0.00012360162
0.00011784125
0.00011052525
0.0001012895
8.9799225e-05
7.5770454e-05
5.9026177e-05
3.9686681e-05
1.6894015e-05
0.0001407088
0.0001397369
0.00013779108
0.00013516562
0.00013199087
0.00012820312
0.00012357181
0.00011776697
0.00011042203
0.00010117469
8.9689959e-05
7.5681747e-05
5.8968512e-05
3.9662624e-05
1.6894034e-05
0.00014091429
0.00013993072
0.00013795738
0.00013528903
0.00013206024
0.00012821492
0.00012353068
0.00011768405
0.00011031258
0.00010105572
8.9578251e-05
7.5591915e-05
5.8910565e-05
3.9638609e-05
1.6893966e-05
0.00014109688
0.00014010218
0.00013810263
0.00013539344
0.00013211323
0.0001282132
0.00012347885
0.00011759306
0.00011019737
0.00010093298
8.946442e-05
7.5501187e-05
5.8852469e-05
3.9614687e-05
1.6893817e-05
0.00014125758
0.00014025227
0.00013822776
0.0001354797
0.00013215061
0.00012819865
0.00012341693
0.00011749452
0.00011007688
0.00010080688
8.9348773e-05
7.5409778e-05
5.879435e-05
3.9590906e-05
1.6893591e-05
0.0001413974
0.00014038198
0.0001383337
0.00013554868
0.00013217314
0.00012817194
0.00012334552
0.00011738896
0.00010995154
0.00010067778
8.9231607e-05
7.5317897e-05
5.8736328e-05
3.9567312e-05
1.6893293e-05
0.0001415173
0.00014049223
0.00013842135
0.0001356012
0.00013218157
0.00012813372
0.0001232652
0.00011727689
0.0001098218
0.00010054606
8.9113207e-05
7.5225743e-05
5.8678516e-05
3.9543945e-05
1.6892926e-05
0.00014161822
0.00014058397
0.00013849158
0.00013563807
0.00013217661
0.00012808464
0.00012317653
0.0001171588
0.00010968809
0.00010041206
8.8993844e-05
7.5133504e-05
5.8621021e-05
3.9520846e-05
1.6892496e-05
0.00014170107
0.00014065808
0.00013854525
0.00013566007
0.00013215898
0.00012802532
0.00012308005
0.00011703517
0.00010955081
0.00010027613
8.887378e-05
7.5041359e-05
5.8563942e-05
3.949805e-05
1.6892007e-05
0.00014176674
0.00014071544
0.00013858318
0.00013566797
0.00013212936
0.00012795638
0.00012297631
0.00011690646
0.00010941036
0.00010013858
8.8753264e-05
7.4949478e-05
5.8507373e-05
3.9475589e-05
1.6891463e-05
0.00014181609
0.00014075688
0.00013860619
0.00013566252
0.00013208842
0.00012787839
0.00012286583
0.00011677312
0.00010926712
9.9999733e-05
8.8632532e-05
7.485802e-05
5.8451401e-05
3.9453495e-05
1.6890869e-05
0.00014184997
0.00014078325
0.00013861506
0.00013564442
0.00013203681
0.00012779194
0.00012274909
0.00011663559
0.00010912146
9.9859883e-05
8.851181e-05
7.4767136e-05
5.8396106e-05
3.9431793e-05
1.6890227e-05
0.00014186918
0.00014079532
0.00013861054
0.0001356144
0.00013197517
0.00012769759
0.0001226266
0.00011649428
0.00010897374
9.9719314e-05
8.839131e-05
7.4676967e-05
5.8341562e-05
3.9410509e-05
1.6889543e-05
0.00014187451
0.00014079387
0.00013859338
0.00013557313
0.0001319041
0.00012759587
0.00012249882
0.00011634961
0.00010882428
9.9578299e-05
8.8271235e-05
7.4587644e-05
5.8287835e-05
3.9389643e-05
1.6888819e-05
0.00014186672
0.00014077965
0.00013856428
0.00013552126
0.0001318242
0.00012748732
0.00012236621
0.00011620195
0.00010867341
9.9437096e-05
8.8151774e-05
7.4499283e-05
5.8234962e-05
3.936908e-05
1.6888058e-05
0.00014184656
0.00014075339
0.00013852394
0.00013545945
0.00013173605
0.00012737243
0.0001222292
0.00011605169
0.00010852145
9.9295948e-05
8.8033101e-05
7.4411992e-05
5.8182992e-05
3.9348872e-05
1.6887265e-05
0.00014181473
0.00014071578
0.00013847302
0.0001353883
0.00013164021
0.0001272517
0.00012208823
0.00011589918
0.0001083687
9.9155087e-05
8.7915382e-05
7.4325873e-05
5.8131977e-05
3.9329069e-05
1.6886441e-05
0.00014177192
0.0001406675
0.00013841218
0.00013530842
0.0001315372
0.0001271256
0.0001219437
0.00011574477
0.00010821542
9.901473e-05
8.7798768e-05
7.4240997e-05
5.8081831e-05
3.9309731e-05
1.6885589e-05
0.0001417188
0.0001406092
0.00013834203
0.00013522039
0.00013142756
0.00012699459
0.000121796
0.00011558879
0.0001080619
9.8875081e-05
8.7683396e-05
7.4157441e-05
5.8032623e-05
3.9290869e-05
1.6884711e-05
0.00014165601
0.00014054152
0.00013826318
0.00013512476
0.00013131179
0.00012685911
0.00012164552
0.00011543156
0.00010790838
9.8736333e-05
8.7569398e-05
7.4075286e-05
5.7984433e-05
3.9272492e-05
1.6883811e-05
0.00014158418
0.00014046507
0.00013817622
0.00013502208
0.00013119037
0.00012671959
0.00012149261
0.00011527338
0.0001077551
9.8598661e-05
8.7456879e-05
7.399451e-05
5.7937349e-05
3.9254615e-05
1.688289e-05
0.0001415039
0.00014038043
0.0001380817
0.00013491286
0.00013106376
0.00012657643
0.00012133763
0.00011511453
0.0001076023
9.8462231e-05
8.7345939e-05
7.3915179e-05
5.7891408e-05
3.923725e-05
1.6881953e-05
0.00014141575
0.00014028816
0.00013798016
0.0001347976
0.00013093243
0.00012643003
0.0001211809
0.00011495529
0.00010745018
9.8327196e-05
8.7236685e-05
7.38374e-05
5.7846624e-05
3.9220406e-05
1.6881001e-05
0.00014132028
0.00014018882
0.00013787212
0.0001346768
0.0001307968
0.00012628077
0.00012102275
0.00011479592
0.00010729895
9.8193686e-05
8.7129128e-05
7.3761287e-05
5.7803023e-05
3.9204091e-05
1.6880038e-05
0.00014121802
0.00014008293
0.0001377581
0.00013455091
0.00013065729
0.00012612901
0.00012086348
0.00011463666
0.00010714878
9.8061826e-05
8.7023365e-05
7.3686896e-05
5.7760622e-05
3.9188309e-05
1.6879067e-05
0.0001411095
0.000139971
0.00013763856
0.00013442038
0.0001305143
0.00012597509
0.00012070339
0.00011447775
0.00010699986
9.7931745e-05
8.6919522e-05
7.361426e-05
5.7719434e-05
3.9173065e-05
1.6878089e-05
0.0001409952
0.0001398535
0.00013751398
0.00013428564
0.00013036822
0.00012581934
0.00012054274
0.0001143194
0.00010685232
9.780346e-05
8.681774e-05
7.3543418e-05
5.7679473e-05
3.9158362e-05
1.6877106e-05
0.00014087561
0.0001397309
0.0001373848
0.00013414711
0.00013021941
0.00012566209
0.00012038179
0.00011416182
0.00010670633
9.767713e-05
8.6718077e-05
7.3474398e-05
5.7640748e-05
3.9144199e-05
1.6876121e-05
0.00014075117
0.00013960366
0.00013725144
0.00013400517
0.00013006823
0.00012550364
0.00012022081
0.00011400518
0.00010656198
9.7552911e-05
8.6620589e-05
7.3407226e-05
5.7603265e-05
3.9130576e-05
1.6875137e-05
0.00014062232
0.0001394722
0.00013711432
0.00013386022
0.00012991501
0.00012534426
0.00012006
0.00011384967
0.00010641939
9.7430924e-05
8.652533e-05
7.3341922e-05
5.7567026e-05
3.9117491e-05
1.6874153e-05
0.00014048949
0.00013933694
0.00013697384
0.0001337126
0.00012976008
0.00012518425
0.00011989961
0.00011369544
0.00010627875
9.7311252e-05
8.6432345e-05
7.3278504e-05
5.7532033e-05
3.910494e-05
1.6873173e-05
0.00014035308
0.00013919826
0.00013683036
0.00013356268
0.00012960374
0.00012502384
0.00011973981
0.0001135426
0.0001061402
9.7193971e-05
8.6341672e-05
7.3216982e-05
5.7498283e-05
3.9092919e-05
1.6872198e-05
0.00014021348
0.00013905656
0.00013668425
0.00013341077
0.00012944628
0.00012486329
0.00011958079
0.00011339137
0.00010600388
9.7079152e-05
8.6253344e-05
7.3157366e-05
5.7465772e-05
3.9081421e-05
1.687123e-05
0.00014007104
0.00013891219
0.00013653586
0.0001332572
0.00012928799
0.00012470282
0.00011942272
0.00011324192
0.00010586987
9.6966855e-05
8.616739e-05
7.3099659e-05
5.7434494e-05
3.9070441e-05
1.6870269e-05
0.00013992614
0.0001387655
0.00013638551
0.00013310227
0.00012912911
0.00012454261
0.00011926581
0.00011309441
0.00010573828
9.6857135e-05
8.608383e-05
7.3043862e-05
5.740444e-05
3.9059971e-05
1.6869317e-05
0.0001397791
0.00013861681
0.00013623352
0.00013294626
0.00012896988
0.00012438289
0.00011911027
0.00011294896
0.0001056092
9.6750039e-05
8.6002682e-05
7.2989973e-05
5.7375598e-05
3.9050004e-05
1.6868375e-05
0.00013963024
0.00013846644
0.00013608018
0.00013278942
0.00012881051
0.00012422389
0.00011895626
0.0001128057
0.0001054827
9.6645606e-05
8.5923957e-05
7.2937985e-05
5.7347957e-05
3.904053e-05
1.6867444e-05
0.00013947986
0.00013831469
0.00013592575
0.00013263199
0.00012865127
0.00012406582
0.00011880395
0.00011266474
0.00010535885
9.6543872e-05
8.5847661e-05
7.2887888e-05
5.7321503e-05
3.9031541e-05
1.6866526e-05
0.00013932826
0.00013816183
0.0001357705
0.00013247424
0.00012849239
0.00012390887
0.00011865348
0.00011252618
0.00010523772
9.6444864e-05
8.5773798e-05
7.2839671e-05
5.729622e-05
3.9023027e-05
1.6865621e-05
0.00013917569
0.0001380081
0.00013561468
0.00013231641
0.00012833408
0.00012375322
0.00011850498
0.00011239013
0.00010511935
9.6348603e-05
8.5702364e-05
7.2793317e-05
5.727209e-05
3.9014977e-05
1.686473e-05
0.00013902241
0.00013785379
0.00013545855
0.00013215875
0.00012817655
0.00012359903
0.0001183586
0.00011225665
0.0001050038
9.6255105e-05
8.5633354e-05
7.2748809e-05
5.7249094e-05
3.9007382e-05
1.6863853e-05
0.00013886867
0.00013769912
0.00013530235
0.00013200146
0.00012801999
0.00012344647
0.00011821443
0.00011212583
0.00010489111
9.6164381e-05
8.5566756e-05
7.2706126e-05
5.7227214e-05
3.900023e-05
1.6862992e-05
0.00013871471
0.00013754434
0.00013514631
0.00013184476
0.0001278646
0.00012329569
0.0001180726
0.00011199774
0.00010478131
9.6076436e-05
8.5502558e-05
7.2665246e-05
5.7206428e-05
3.899351e-05
1.6862147e-05
0.00013856076
0.00013738968
0.00013499064
0.00013168885
0.00012771053
0.00012314681
0.0001179332
0.00011187245
0.00010467443
9.5991269e-05
8.544074e-05
7.2626144e-05
5.7186714e-05
3.898721e-05
1.6861318e-05
0.00013840703
0.00013723535
0.00013483554
0.00013153391
0.00012755795
0.00012299997
0.00011779632
0.00011174999
0.00010457048
9.5908878e-05
8.5381283e-05
7.2588792e-05
5.7168049e-05
3.8981319e-05
1.6860507e-05
0.00013825373
0.00013708155
0.00013468123
0.00013138014
0.000127407
0.00012285529
0.00011766204
0.00011163043
0.00010446949
9.5829253e-05
8.5324163e-05
7.2553163e-05
5.7150409e-05
3.8975825e-05
1.6859713e-05
0.00013810106
0.00013692848
0.00013452787
0.00013122768
0.00012725784
0.00012271287
0.00011753044
0.0001115138
0.00010437147
9.5752382e-05
8.5269355e-05
7.2519227e-05
5.7133772e-05
3.8970716e-05
1.6858936e-05
0.00013794922
0.00013677632
0.00013437564
0.0001310767
0.0001271106
0.00012257282
0.00011740158
0.00011140013
0.00010427642
9.5678249e-05
8.5216829e-05
7.2486953e-05
5.7118113e-05
3.896598e-05
1.6858178e-05
0.00013779837
0.00013662525
0.00013422471
0.00013092735
0.00012696539
0.00012243522
0.00011727552
0.00011128946
0.00010418434
9.5606836e-05
8.5166555e-05
7.2456309e-05
5.7103406e-05
3.8961606e-05
1.6857438e-05
0.00013764869
0.00013647544
0.00013407524
0.00013077976
0.00012682233
0.00012230017
0.00011715233
0.0001111818
0.00010409523
9.5538119e-05
8.5118502e-05
7.2427262e-05
5.7089628e-05
3.8957582e-05
1.6856716e-05
0.00013750033
0.00013632703
0.00013392737
0.00013063406
0.00012668152
0.00012216774
0.00011703203
0.00011107718
0.00010400908
9.5472074e-05
8.5072634e-05
7.2399779e-05
5.7076755e-05
3.8953897e-05
1.6856013e-05
0.00013735345
0.00013618017
0.00013378123
0.00013049038
0.00012654307
0.000122038
0.00011691468
0.0001109756
0.00010392588
9.5408673e-05
8.5028917e-05
7.2373827e-05
5.706476e-05
3.8950539e-05
1.6855329e-05
0.00013720819
0.00013603501
0.00013363695
0.00013034882
0.00012640707
0.00012191101
0.00011680031
0.00011087707
0.00010384561
9.5347885e-05
8.4987313e-05
7.2349369e-05
5.705362e-05
3.8947498e-05
1.6854664e-05
0.00013706467
0.00013589166
0.00013349466
0.00013020949
0.00012627358
0.00012178683
0.00011668895
0.0001107816
0.00010376826
9.5289676e-05
8.4947783e-05
7.2326371e-05
5.7043309e-05
3.8944762e-05
1.6854018e-05
0.00013692301
0.00013575025
0.00013335445
0.00013007248
0.0001261427
0.0001216655
0.00011658061
0.00011068919
0.0001036938
9.5234011e-05
8.4910288e-05
7.2304796e-05
5.7033803e-05
3.894232e-05
1.6853391e-05
0.00013678333
0.00013561087
0.00013321643
0.00012993788
0.00012601447
0.00012154707
0.00011647532
0.00011059981
0.00010362221
9.5180852e-05
8.4874785e-05
7.2284609e-05
5.7025077e-05
3.8940162e-05
1.6852784e-05
0.00013664573
0.00013547364
0.00013308069
0.00012980577
0.00012588897
0.00012143158
0.00011637308
0.00011051347
0.00010355345
9.5130157e-05
8.4841231e-05
7.2265771e-05
5.7017104e-05
3.8938277e-05
1.6852195e-05
0.00013651031
0.00013533864
0.00013294732
0.0001296762
0.00012576624
0.00012131904
0.0001162739
0.00011043014
0.00010348749
9.5081883e-05
8.4809582e-05
7.2248244e-05
5.700986e-05
3.8936654e-05
1.6851626e-05
0.00013637715
0.00013520596
0.00013281638
0.00012954926
0.00012564633
0.00012120949
0.00011617777
0.0001103498
0.0001034243
9.5035985e-05
8.477979e-05
7.2231988e-05
5.7003318e-05
3.8935281e-05
1.6851076e-05
0.00013624633
0.00013507568
0.00013268796
0.00012942499
0.00012552927
0.00012110294
0.0001160847
0.00011027243
0.00010336383
9.4992413e-05
8.4751809e-05
7.2216966e-05
5.6997452e-05
3.8934148e-05
1.6850545e-05
0.00013611793
0.00013494786
0.0001325621
0.00012930344
0.00012541509
0.00012099939
0.00011599466
0.000110198
0.00010330604
9.495112e-05
8.472559e-05
7.2203135e-05
5.6992236e-05
3.8933244e-05
1.6850032e-05
0.000135992
0.00013482256
0.00013243887
0.00012918465
0.00012530382
0.00012089886
0.00011590765
0.00011012647
0.00010325089
9.4912052e-05
8.4701084e-05
7.2190457e-05
5.6987643e-05
3.8932556e-05
1.6849538e-05
0.00013586862
0.00013469985
0.00013231832
0.00012906867
0.00012519549
0.00012080134
0.00011582364
0.00011005781
0.00010319832
9.4875159e-05
8.467824e-05
7.217889e-05
5.6983647e-05
3.8932075e-05
1.6849062e-05
0.00013574784
0.00013457978
0.00013220049
0.00012895552
0.0001250901
0.00012070683
0.00011574262
0.00010999197
0.00010314829
9.4840386e-05
8.4657009e-05
7.2168394e-05
5.6980222e-05
3.8931788e-05
1.6848604e-05
0.00013562972
0.0001344624
0.00013208542
0.00012884524
0.00012498767
0.00012061533
0.00011566456
0.00010992893
0.00010310075
9.480768e-05
8.4637341e-05
7.2158929e-05
5.6977343e-05
3.8931685e-05
1.6848165e-05
0.00013551429
0.00013434774
0.00013197316
0.00012873784
0.00012488821
0.00012052683
0.00011558943
0.00010986864
0.00010305565
9.4776988e-05
8.4619187e-05
7.2150458e-05
5.6974985e-05
3.8931757e-05
1.6847742e-05
0.0001354016
0.00013423586
0.00013186372
0.00012863336
0.00012479173
0.00012044131
0.00011551721
0.00010981105
0.00010301293
9.4748258e-05
8.46025e-05
7.2142942e-05
5.6973124e-05
3.8931993e-05
1.6847337e-05
0.00013529169
0.00013412679
0.00013175715
0.00012853181
0.00012469822
0.00012035877
0.00011544786
0.00010975612
0.00010297255
9.4721438e-05
8.4587232e-05
7.2136346e-05
5.6971738e-05
3.8932384e-05
1.6846949e-05
0.00013518461
0.00013402056
0.00013165347
0.0001284332
0.0001246077
0.00012027918
0.00011538135
0.00010970382
0.00010293446
9.4696476e-05
8.4573339e-05
7.2130634e-05
5.6970807e-05
3.8932923e-05
1.6846577e-05
0.00013508037
0.00013391719
0.0001315527
0.00012833755
0.00012452016
0.00012020254
0.00011531766
0.0001096541
0.0001028986
9.4673325e-05
8.4560777e-05
7.2125775e-05
5.6970309e-05
3.8933601e-05
1.6846221e-05
0.00013497901
0.00013381673
0.00013145486
0.00012824487
0.00012443559
0.00012012881
0.00011525675
0.00010960691
0.00010286494
9.4651936e-05
8.4549504e-05
7.2121737e-05
5.6970228e-05
3.8934411e-05
1.6845882e-05
0.00013488056
0.00013371918
0.00013135996
0.00012815516
0.00012435399
0.000120058
0.00011519859
0.00010956222
0.00010283341
9.4632262e-05
8.453948e-05
7.2118489e-05
5.6970545e-05
3.8935348e-05
1.6845558e-05
0.00013478501
0.00013362456
0.00013126803
0.00012806842
0.00012427534
0.00011999006
0.00011514314
0.00010951997
0.00010280398
9.4614256e-05
8.4530665e-05
7.2116004e-05
5.6971244e-05
3.8936406e-05
1.684525e-05
0.0001346924
0.00013353287
0.00013117905
0.00012798466
0.00012419965
0.00011992497
0.00011509037
0.00010948013
0.0001027766
9.4597874e-05
8.4523021e-05
7.2114254e-05
5.697231e-05
3.893758e-05
1.6844958e-05
0.00013460271
0.00013344413
0.00013109303
0.00012790385
0.00012412688
0.00011986271
0.00011504023
0.00010944265
0.00010275121
9.4583069e-05
8.4516509e-05
7.2113211e-05
5.6973728e-05
3.8938865e-05
1.684468e-05
0.00013451595
0.00013335833
0.00013100996
0.000127826
0.00012405701
0.00011980324
0.00011499269
0.00010940748
0.00010272778
9.4569794e-05
8.451109e-05
7.2112847e-05
5.6975483e-05
3.8940256e-05
1.6844418e-05
0.00013443209
0.00013327544
0.00013092982
0.00012775107
0.00012399002
0.00011974652
0.0001149477
0.00010937457
0.00010270623
9.4558001e-05
8.4506725e-05
7.2113136e-05
5.6977558e-05
3.8941747e-05
1.6844171e-05
0.00013435114
0.00013319546
0.0001308526
0.00012767904
0.00012392586
0.00011969251
0.00011490521
0.00010934386
0.00010268653
9.454764e-05
8.4503373e-05
7.2114047e-05
5.6979938e-05
3.8943334e-05
1.6843938e-05
0.00013427304
0.00013311836
0.00013077826
0.00012760988
0.0001238645
0.00011964116
0.00011486516
0.0001093153
0.00010266861
9.453866e-05
8.4500991e-05
7.211555e-05
5.6982606e-05
3.894501e-05
1.6843719e-05
0.00013419778
0.0001330441
0.00013070677
0.00012754353
0.0001238059
0.00011959242
0.00011482749
0.00010928882
0.00010265241
9.4531007e-05
8.4499536e-05
7.2117616e-05
5.6985544e-05
3.8946769e-05
1.6843515e-05
0.00013412531
0.00013297264
0.00013063808
0.00012747997
0.00012374999
0.00011954623
0.00011479214
0.00010926436
0.00010263788
9.4524624e-05
8.4498962e-05
7.2120209e-05
5.6988732e-05
3.8948603e-05
1.6843325e-05
0.00013405559
0.00013290393
0.00013057214
0.00012741913
0.00012369672
0.00011950252
0.00011475905
0.00010924185
0.00010262494
9.4519453e-05
8.4499221e-05
7.2123297e-05
5.6992151e-05
3.8950505e-05
1.6843147e-05
0.00013398856
0.00013283793
0.00013050891
0.00012736096
0.00012364603
0.00011946123
0.00011472813
0.00010922122
0.00010261353
9.4515434e-05
8.4500265e-05
7.2126844e-05
5.6995779e-05
3.8952466e-05
1.6842983e-05
0.00013392418
0.00013277458
0.00013044832
0.0001273054
0.00012359785
0.00011942229
0.00011469933
0.0001092024
0.00010260357
9.4512507e-05
8.4502044e-05
7.2130816e-05
5.6999596e-05
3.8954477e-05
1.6842832e-05
0.00013386239
0.00013271383
0.00013039033
0.00012725238
0.00012355212
0.00011938562
0.00011467256
0.00010918531
0.00010259501
9.4510611e-05
8.450451e-05
7.2135174e-05
5.7003579e-05
3.895653e-05
1.6842692e-05
0.00013380314
0.00013265562
0.00013033487
0.00012720185
0.00012350876
0.00011935116
0.00011464775
0.00010916988
0.00010258777
9.4509686e-05
8.4507613e-05
7.2139886e-05
5.7007708e-05
3.8958614e-05
1.6842564e-05
0.00013374639
0.00013259991
0.00013028189
0.00012715374
0.00012346773
0.00011931883
0.00011462483
0.00010915603
0.00010258178
9.4509673e-05
8.4511307e-05
7.2144917e-05
5.7011961e-05
3.8960722e-05
1.6842447e-05
0.00013369208
0.00013254664
0.00013023133
0.000127108
0.00012342894
0.00011928856
0.00011460373
0.00010914371
0.00010257698
9.4510516e-05
8.4515546e-05
7.2150235e-05
5.7016319e-05
3.8962846e-05
1.6842339e-05
0.00013364018
0.00013249578
0.00013018315
0.00012706458
0.00012339234
0.0001192603
0.00011458438
0.00010913284
0.00010257331
9.4512162e-05
8.4520289e-05
7.215581e-05
5.7020766e-05
3.8964977e-05
1.6842242e-05
0.00013359066
0.00013244729
0.00013013731
0.00012702342
0.00012335787
0.00011923398
0.00011456671
0.00010912336
0.00010257071
9.4514563e-05
8.4525497e-05
7.2161616e-05
5.7025286e-05
3.896711e-05
1.6842153e-05
0.00013354349
0.00013240112
0.00013009377
0.00012698447
0.0001233255
0.00011920955
0.00011455068
0.00010911522
0.00010256913
9.4517675e-05
8.4531138e-05
7.216763e-05
5.7029865e-05
3.8969241e-05
1.6842073e-05
0.00013349864
0.00013235727
0.00013005249
0.00012694771
0.00012329516
0.00011918695
0.00011453623
0.00010910836
0.00010256853
9.4521459e-05
8.4537181e-05
7.2173832e-05
5.7034494e-05
3.8971364e-05
1.6842002e-05
0.0001334561
0.0001323157
0.00013001345
0.0001269131
0.00012326682
0.00011916615
0.00011452331
0.00010910274
0.00010256886
9.4525882e-05
8.4543602e-05
7.2180208e-05
5.7039166e-05
3.8973479e-05
1.6841938e-05
0.00013341585
0.00013227641
0.00012997663
0.00012688062
0.00012324045
0.0001191471
0.00011451188
0.00010909832
0.00010257009
9.4530915e-05
8.455038e-05
7.2186746e-05
5.7043875e-05
3.8975584e-05
1.6841881e-05
0.00013337789
0.00013223937
0.00012994201
0.00012685022
0.00012321602
0.00011912977
0.00011450192
0.00010909507
0.00010257219
9.4536534e-05
8.45575e-05
7.2193436e-05
5.7048619e-05
3.897768e-05
1.6841832e-05
0.00013334219
0.00013220457
0.00012990957
0.00012682191
0.0001231935
0.00011911413
0.00011449338
0.00010909295
0.00010257513
9.4542719e-05
8.4564948e-05
7.2200273e-05
5.7053397e-05
3.8979769e-05
1.6841789e-05
0.00013330875
0.000132172
0.0001298793
0.00012679564
0.00012317286
0.00011910016
0.00011448623
0.00010909195
0.00010257889
9.4549452e-05
8.4572713e-05
7.2207253e-05
5.7058211e-05
3.8981853e-05
1.6841754e-05
0.00013327755
0.00013214164
0.00012985117
0.00012677141
0.00012315409
0.00011908782
0.00011448046
0.00010909202
0.00010258344
9.4556717e-05
8.4580787e-05
7.2214374e-05
5.7063062e-05
3.8983934e-05
1.6841726e-05
0.00013324856
0.00013211346
0.00012982516
0.00012674919
0.00012313715
0.00011907709
0.00011447603
0.00010909315
0.00010258877
9.4564499e-05
8.4589161e-05
7.2221632e-05
5.7067952e-05
3.8986016e-05
1.6841705e-05
0.00013322176
0.00013208745
0.00012980125
0.00012672894
0.00012312202
0.00011906794
0.0001144729
0.00010909532
0.00010259486
9.4572781e-05
8.4597825e-05
7.2229026e-05
5.7072882e-05
3.8988102e-05
1.684169e-05
0.00013319711
0.00013206356
0.0001297794
0.00012671064
0.00012310865
0.00011906032
0.00011447106
0.00010909847
0.00010260166
9.4581545e-05
8.4606768e-05
7.2236549e-05
5.7077853e-05
3.8990193e-05
1.6841683e-05
0.00013317456
0.00013204174
0.00012975955
0.00012669423
0.000123097
0.0001190542
0.00011447045
0.0001091026
0.00010260917
9.459077e-05
8.4615976e-05
7.2244196e-05
5.7082864e-05
3.899229e-05
1.6841684e-05
0.00013315404
0.00013202194
0.00012974166
0.00012667966
0.00012308702
0.00011904953
0.00011447104
0.00010910765
0.00010261735
9.460043e-05
8.4625432e-05
7.2251957e-05
5.708791e-05
3.8994394e-05
1.6841691e-05
0.00013313548
0.00013200408
0.00012972566
0.00012666688
0.00012307866
0.00011904626
0.00011447276
0.00010911358
0.00010262615
9.4610496e-05
8.4635115e-05
7.2259818e-05
5.7092986e-05
3.8996504e-05
1.6841705e-05
0.0001331188
0.00013198808
0.00012971147
0.0001266558
0.00012307184
0.00011904431
0.00011447558
0.00010912034
0.00010263554
9.4620933e-05
8.4644999e-05
7.2267763e-05
5.7098082e-05
3.8998615e-05
1.6841727e-05
0.0001331039
0.00013197386
0.00012969901
0.00012664634
0.00012306649
0.00011904363
0.00011447941
0.00010912787
0.00010264546
9.4631702e-05
8.4655054e-05
7.2275772e-05
5.7103188e-05
3.9000724e-05
1.6841755e-05
0.00013309068
0.00013196131
0.00012968818
0.00012663843
0.00012306252
0.00011904412
0.00011448419
0.0001091361
0.00010265587
9.4642759e-05
8.4665248e-05
7.2283821e-05
5.7108288e-05
3.9002824e-05
1.6841789e-05
0.00013307903
0.00013195033
0.00012967889
0.00012663195
0.00012305984
0.00011904572
0.00011448984
0.00010914499
0.0001026667
9.4654058e-05
8.4675544e-05
7.2291885e-05
5.7113369e-05
3.900491e-05
1.684183e-05
0.00013306886
0.00013194082
0.00012967102
0.00012662682
0.00012305837
0.00011904832
0.00011449629
0.00010915444
0.0001026779
9.4665548e-05
8.4685902e-05
7.2299936e-05
5.7118412e-05
3.9006972e-05
1.6841876e-05
0.00013306003
0.00013193266
0.00012966447
0.00012662293
0.000123058
0.00011905185
0.00011450346
0.00010916439
0.0001026894
9.4677181e-05
8.4696285e-05
7.2307945e-05
5.7123398e-05
3.9009003e-05
1.6841926e-05
0.00013305246
0.00013192575
0.00012965915
0.00012662018
0.00012305864
0.00011905621
0.00011451125
0.00010917478
0.00010270115
9.4688904e-05
8.4706652e-05
7.2315883e-05
5.712831e-05
3.9010993e-05
1.6841981e-05
0.00013304604
0.00013191999
0.00012965494
0.00012661847
0.0001230602
0.00011906132
0.0001145196
0.00010918552
0.00010271308
9.4700669e-05
8.4716965e-05
7.2323723e-05
5.7133131e-05
3.9012934e-05
1.6842039e-05
0.00013304067
0.00013191529
0.00012965176
0.00012661772
0.00012306258
0.0001190671
0.00011452843
0.00010919656
0.00010272514
9.4712431e-05
8.4727189e-05
7.233144e-05
5.7137843e-05
3.9014818e-05
1.68421e-05
0.00013303629
0.00013191156
0.00012964953
0.00012661784
0.00012306572
0.00011907346
0.00011453768
0.00010920783
0.00010273728
9.472415e-05
8.4737294e-05
7.2339013e-05
5.7142433e-05
3.9016639e-05
1.6842163e-05
0.00013303282
0.00013190874
0.00012964816
0.00012661876
0.00012306954
0.00011908036
0.00011454728
0.00010921929
0.00010274945
9.4735792e-05
8.4747254e-05
7.2346422e-05
5.7146891e-05
3.9018391e-05
1.6842227e-05
0.00013303021
0.00013190677
0.00012964762
0.00012662042
0.00012307398
0.00011908772
0.00011455717
0.00010923089
0.00010276162
9.4747328e-05
8.475705e-05
7.2353657e-05
5.7151211e-05
3.902007e-05
1.6842292e-05
0.00013302843
0.00013190562
0.00012964784
0.00012662277
0.000123079
0.00011909551
0.00011456734
0.00010924259
0.00010277376
9.4758738e-05
8.4766668e-05
7.236071e-05
5.7155386e-05
3.9021666e-05
1.6842358e-05
0.00013302745
0.00013190524
0.0001296488
0.00012662578
0.00012308456
0.00011910369
0.00011457773
0.00010925437
0.00010278586
9.4770012e-05
8.4776102e-05
7.2367578e-05
5.7159416e-05
3.9023183e-05
1.6842423e-05
0.00013302727
0.00013190564
0.00012965049
0.00012662942
0.00012309063
0.00011911224
0.00011458834
0.00010926622
0.0001027979
9.4781143e-05
8.4785352e-05
7.2374264e-05
5.7163307e-05
3.9024626e-05
1.6842488e-05
0.00013302789
0.0001319068
0.00012965288
0.00012663369
0.0001230972
0.00011912115
0.00011459914
0.00010927812
0.00010280988
9.4792134e-05
8.4794424e-05
7.2380775e-05
5.7167064e-05
3.9026002e-05
1.6842553e-05
0.00013302931
0.00013190875
0.000129656
0.00012663859
0.00012310428
0.00011913041
0.00011461015
0.00010929009
0.0001028218
9.4802994e-05
8.4803328e-05
7.2387124e-05
5.717069e-05
3.9027323e-05
1.6842617e-05
0.00013303157
0.00013191149
0.00012965984
0.00012664412
0.00012311186
0.00011914002
0.00011462136
0.00010930212
0.00010283368
9.4813736e-05
8.481208e-05
7.2393324e-05
5.7174203e-05
3.9028592e-05
1.6842681e-05
0.00013303467
0.00013191503
0.00012966443
0.00012665029
0.00012311995
0.00011915
0.00011463279
0.00010931422
0.00010284553
9.4824374e-05
8.4820695e-05
7.2399393e-05
5.7177624e-05
3.9029816e-05
1.6842745e-05
0.00013303865
0.00013191941
0.00012966977
0.00012665712
0.00012312857
0.00011916036
0.00011464444
0.00010932642
0.00010285737
9.4834926e-05
8.4829191e-05
7.240534e-05
5.7180965e-05
3.9031001e-05
1.6842809e-05
0.00013304351
0.00013192464
0.0001296759
0.00012666462
0.00012313773
0.0001191711
0.00011465633
0.00010933873
0.0001028692
9.4845412e-05
8.4837589e-05
7.2411187e-05
5.7184235e-05
3.9032154e-05
1.6842873e-05
0.00013304927
0.00013193073
0.00012968281
0.0001266728
0.00012314743
0.00011918225
0.00011466847
0.00010935115
0.00010288105
9.4855843e-05
8.4845896e-05
7.2416955e-05
5.7187444e-05
3.903328e-05
1.6842939e-05
0.00013305593
0.00013193768
0.00012969051
0.00012668167
0.00012315769
0.00011919379
0.00011468087
0.0001093637
0.00010289293
9.4866232e-05
8.4854125e-05
7.242265e-05
5.7190599e-05
3.9034384e-05
1.6843005e-05
0.00013306349
0.00013194549
0.000129699
0.00012669122
0.00012316849
0.00011920574
0.00011469353
0.00010937638
0.00010290484
9.4876586e-05
8.4862287e-05
7.2428276e-05
5.7193706e-05
3.903547e-05
1.6843073e-05
0.00013307191
0.00013195414
0.00012970826
0.00012670144
0.00012317984
0.00011921808
0.00011470643
0.00010938919
0.00010291677
9.4886894e-05
8.4870389e-05
7.2433835e-05
5.719677e-05
3.9036541e-05
1.6843143e-05
0.00013308117
0.00013196359
0.00012971825
0.0001267123
0.00012319169
0.0001192308
0.00011471957
0.00010940211
0.00010292873
9.489716e-05
8.4878421e-05
7.2439329e-05
5.719979e-05
3.9037598e-05
1.6843215e-05
0.00013309121
0.0001319738
0.00012972896
0.00012672377
0.00012320404
0.00011924386
0.00011473293
0.00010941513
0.00010294068
9.4907376e-05
8.4886375e-05
7.2444752e-05
5.7202767e-05
3.9038643e-05
1.6843288e-05
0.00013310197
0.00013198471
0.00012974031
0.0001267358
0.00012321683
0.00011925724
0.00011474647
0.00010942822
0.00010295262
9.4917522e-05
8.4894241e-05
7.2450097e-05
5.7205696e-05
3.9039673e-05
1.6843363e-05
0.00013311337
0.00013199625
0.00012975224
0.00012674833
0.00012323001
0.00011927089
0.00011476016
0.00010944134
0.00010296451
9.4927576e-05
8.4902003e-05
7.2455355e-05
5.7208572e-05
3.9040687e-05
1.684344e-05
0.00013312535
0.00013200835
0.00012976469
0.0001267613
0.00012324353
0.00011928475
0.00011477394
0.00010945445
0.00010297632
9.4937515e-05
8.4909643e-05
7.2460513e-05
5.7211388e-05
3.9041681e-05
1.6843518e-05
0.00013313779
0.00013202092
0.00012977757
0.00012677464
0.00012325731
0.00011929877
0.00011478777
0.00010946752
0.00010298802
9.4947312e-05
8.4917143e-05
7.2465557e-05
5.7214134e-05
3.9042653e-05
1.6843598e-05
0.00013315061
0.00013203386
0.00012979079
0.00012678826
0.0001232713
0.00011931289
0.0001148016
0.00010948049
0.00010299958
9.4956942e-05
8.492448e-05
7.2470472e-05
5.7216803e-05
3.9043597e-05
1.6843678e-05
0.00013316371
0.00013204708
0.00012980428
0.00012680209
0.00012328541
0.00011932704
0.00011481535
0.00010949334
0.00010301096
9.4966376e-05
8.4931635e-05
7.2475244e-05
5.7219384e-05
3.9044508e-05
1.6843759e-05
0.00013317701
0.0001320605
0.00012981794
0.00012681604
0.00012329958
0.00011934116
0.000114829
0.000109506
0.00010302213
9.4975587e-05
8.4938587e-05
7.2479858e-05
5.7221867e-05
3.9045383e-05
1.684384e-05
0.0001331904
0.00013207402
0.00012983169
0.00012683005
0.00012331373
0.00011935518
0.00011484248
0.00010951846
0.00010303305
9.4984551e-05
8.4945317e-05
7.2484301e-05
5.7224245e-05
3.9046218e-05
1.6843921e-05
0.0001332038
0.00013208756
0.00012984545
0.00012684403
0.0001233278
0.00011936906
0.00011485577
0.00010953067
0.0001030437
9.4993247e-05
8.495181e-05
7.2488561e-05
5.722651e-05
3.9047007e-05
1.6844001e-05
0.00013321715
0.00013210104
0.00012985915
0.00012685792
0.00012334173
0.00011938275
0.00011486881
0.00010954259
0.00010305406
9.5001657e-05
8.4958054e-05
7.249263e-05
5.7228656e-05
3.9047749e-05
1.6844079e-05
0.00013323038
0.00013211442
0.00012987273
0.00012687166
0.00012335547
0.0001193962
0.00011488157
0.00010955422
0.0001030641
9.5009768e-05
8.4964038e-05
7.2496502e-05
5.7230679e-05
3.904844e-05
1.6844156e-05
0.00013324344
0.00013212763
0.00012988614
0.00012688521
0.000123369
0.0001194094
0.00011489404
0.00010956551
0.00010307381
9.5017569e-05
8.4969757e-05
7.2500174e-05
5.7232579e-05
3.9049081e-05
1.6844231e-05
0.00013325629
0.00013214063
0.00012989934
0.00012689854
0.00012338227
0.00011942231
0.00011490619
0.00010957648
0.00010308319
9.5025059e-05
8.4975211e-05
7.2503645e-05
5.7234354e-05
3.904967e-05
1.6844304e-05
0.00013326892
0.00013215341
0.00012991231
0.00012691162
0.00012339527
0.00011943491
0.00011491801
0.00010958709
0.00010309222
9.5032236e-05
8.4980401e-05
7.2506919e-05
5.7236007e-05
3.9050208e-05
1.6844374e-05
0.00013328131
0.00013216595
0.00012992503
0.00012692445
0.00012340799
0.00011944721
0.0001149295
0.00010959736
0.00010310092
9.5039105e-05
8.4985333e-05
7.2510001e-05
5.7237542e-05
3.9050698e-05
1.6844442e-05
0.00013329346
0.00013217825
0.00012993751
0.00012693701
0.00012342043
0.00011945919
0.00011494065
0.0001096073
0.00010310929
9.5045674e-05
8.4990016e-05
7.2512898e-05
5.7238965e-05
3.905114e-05
1.6844507e-05
0.0001333054
0.00013219033
0.00012994975
0.00012694932
0.00012343258
0.00011947088
0.00011495148
0.0001096169
0.00010311734
9.5051956e-05
8.4994461e-05
7.2515621e-05
5.7240281e-05
3.905154e-05
1.684457e-05
0.00013331713
0.00013220219
0.00012996177
0.00012696139
0.00012344447
0.00011948226
0.00011496199
0.00010962618
0.00010312508
9.5057963e-05
8.4998681e-05
7.251818e-05
5.7241499e-05
3.9051899e-05
1.684463e-05
0.00013332869
0.00013221387
0.00012997358
0.00012697322
0.0001234561
0.00011949337
0.00011497221
0.00010963515
0.00010313254
9.5063711e-05
8.500269e-05
7.2520588e-05
5.7242627e-05
3.9052222e-05
1.6844688e-05
0.00013334011
0.00013222538
0.00012998521
0.00012698485
0.0001234675
0.00011950421
0.00011498214
0.00010964384
0.00010313972
9.5069218e-05
8.5006503e-05
7.2522855e-05
5.7243674e-05
3.9052513e-05
1.6844744e-05
0.00013335142
0.00013223677
0.00012999669
0.0001269963
0.00012347868
0.00011951481
0.00011499181
0.00010965227
0.00010314664
9.5074498e-05
8.5010136e-05
7.2524996e-05
5.7244647e-05
3.9052776e-05
1.6844798e-05
0.00013336265
0.00013224807
0.00013000804
0.00012700759
0.00012348967
0.00011952519
0.00011500124
0.00010966044
0.00010315332
9.5079569e-05
8.5013602e-05
7.2527021e-05
5.7245555e-05
3.9053015e-05
1.684485e-05
0.00013337383
0.00013225929
0.0001300193
0.00012701875
0.00012350049
0.00011953536
0.00011501045
0.00010966838
0.00010315979
9.5084446e-05
8.5016914e-05
7.252894e-05
5.7246404e-05
3.9053233e-05
1.68449e-05
0.000133385
0.00013227048
0.00013003049
0.0001270298
0.00012351116
0.00011954535
0.00011501944
0.0001096761
0.00010316604
9.5089143e-05
8.5020086e-05
7.2530765e-05
5.7247203e-05
3.9053433e-05
1.6844949e-05
0.00013339617
0.00013228165
0.00013004162
0.00012704076
0.0001235217
0.00011955517
0.00011502824
0.00010968363
0.00010317211
9.5093673e-05
8.5023128e-05
7.2532502e-05
5.7247956e-05
3.9053619e-05
1.6844997e-05
0.00013340735
0.00013229281
0.00013005272
0.00012705164
0.00012353212
0.00011956483
0.00011503686
0.00010969096
0.00010317799
9.5098044e-05
8.5026047e-05
7.2534159e-05
5.7248668e-05
3.9053792e-05
1.6845044e-05
0.00013341857
0.00013230399
0.00013006379
0.00012706246
0.00012354243
0.00011957435
0.00011504531
0.00010969811
0.0001031837
9.5102266e-05
8.5028852e-05
7.2535742e-05
5.7249343e-05
3.9053955e-05
1.684509e-05
0.00013342983
0.00013231518
0.00013007485
0.00012707321
0.00012355264
0.00011958373
0.00011505359
0.00010970509
0.00010318924
9.5106344e-05
8.5031548e-05
7.2537255e-05
5.7249984e-05
3.9054109e-05
1.6845135e-05
0.00013344111
0.00013232639
0.00013008589
0.00012708391
0.00012356275
0.00011959297
0.00011506171
0.00010971189
0.00010319462
9.5110282e-05
8.5034137e-05
7.2538699e-05
5.7250591e-05
3.9054254e-05
1.684518e-05
0.00013345242
0.0001323376
0.0001300969
0.00012709454
0.00012357275
0.00011960207
0.00011506967
0.00010971853
0.00010319984
9.5114083e-05
8.5036622e-05
7.2540076e-05
5.7251167e-05
3.9054391e-05
1.6845224e-05
0.00013346373
0.00013234881
0.00013010788
0.0001271051
0.00012358264
0.00011961103
0.00011507747
0.000109725
0.0001032049
9.5117745e-05
8.5039002e-05
7.2541387e-05
5.725171e-05
3.905452e-05
1.6845268e-05
0.00013347502
0.00013235998
0.0001301188
0.00012711558
0.00012359241
0.00011961984
0.00011508509
0.00010973129
0.00010320979
9.5121268e-05
8.5041276e-05
7.254263e-05
5.7252221e-05
3.905464e-05
1.684531e-05
0.00013348627
0.00013237111
0.00013012965
0.00012712595
0.00012360205
0.00011962849
0.00011509254
0.0001097374
0.00010321452
9.5124648e-05
8.5043442e-05
7.2543803e-05
5.7252697e-05
3.9054751e-05
1.6845353e-05
0.00013349744
0.00013238215
0.00013014041
0.0001271362
0.00012361153
0.00011963696
0.0001150998
0.00010974333
0.00010321907
9.5127882e-05
8.5045498e-05
7.2544905e-05
5.7253138e-05
3.9054853e-05
1.6845394e-05
0.00013350851
0.00013239308
0.00013015103
0.0001271463
0.00012362085
0.00011964525
0.00011510686
0.00010974906
0.00010322345
9.5130966e-05
8.5047439e-05
7.2545932e-05
5.7253541e-05
3.9054943e-05
1.6845435e-05
0.00013351943
0.00013240387
0.00013016151
0.00012715623
0.00012362998
0.00011965333
0.00011511372
0.00010975459
0.00010322764
9.5133895e-05
8.5049262e-05
7.2546881e-05
5.7253904e-05
3.905502e-05
1.6845475e-05
0.00013353018
0.00013241448
0.0001301718
0.00012716597
0.0001236389
0.00011966119
0.00011512035
0.00010975991
0.00010323164
9.5136665e-05
8.5050964e-05
7.254775e-05
5.7254224e-05
3.9055084e-05
1.6845514e-05
0.00013354071
0.00013242488
0.00013018188
0.00012717548
0.00012364759
0.00011966882
0.00011512676
0.00010976501
0.00010323545
9.5139271e-05
8.5052542e-05
7.2548536e-05
5.72545e-05
3.9055133e-05
1.6845552e-05
0.000133551
0.00013243505
0.00013019173
0.00012718476
0.00012365603
0.00011967621
0.00011513292
0.00010976988
0.00010323905
9.5141711e-05
8.5053993e-05
7.2549238e-05
5.7254731e-05
3.9055167e-05
1.6845588e-05
0.00013356102
0.00013244495
0.00013020131
0.00012719377
0.00012366421
0.00011968333
0.00011513884
0.00010977453
0.00010324246
9.5143982e-05
8.5055316e-05
7.2549854e-05
5.7254916e-05
3.9055184e-05
1.6845624e-05
0.00013357074
0.00013245455
0.0001302106
0.0001272025
0.00012367212
0.00011969018
0.0001151445
0.00010977894
0.00010324565
9.5146083e-05
8.505651e-05
7.2550384e-05
5.7255053e-05
3.9055185e-05
1.6845657e-05
0.00013358014
0.00013246384
0.00013021959
0.00012721094
0.00012367973
0.00011969676
0.00011514989
0.00010978311
0.00010324864
9.5148016e-05
8.5057577e-05
7.2550828e-05
5.7255143e-05
3.9055167e-05
1.6845689e-05
0.0001335892
0.0001324728
0.00013022825
0.00012721906
0.00012368705
0.00011970305
0.00011515503
0.00010978704
0.00010325143
9.5149781e-05
8.5058518e-05
7.2551188e-05
5.7255188e-05
3.9055133e-05
1.684572e-05
0.00013359791
0.00013248142
0.00013023659
0.00012722686
0.00012369406
0.00011970906
0.00011515989
0.00010979074
0.00010325401
9.5151383e-05
8.5059337e-05
7.2551467e-05
5.7255187e-05
3.9055082e-05
1.6845748e-05
0.00013360626
0.00013248969
0.00013024458
0.00012723434
0.00012370076
0.00011971477
0.0001151645
0.0001097942
0.00010325639
9.5152826e-05
8.5060038e-05
7.2551668e-05
5.7255144e-05
3.9055016e-05
1.6845775e-05
0.00013361424
0.00013249759
0.00013025223
0.00012724149
0.00012370716
0.0001197202
0.00011516884
0.00010979744
0.00010325859
9.5154117e-05
8.5060627e-05
7.2551796e-05
5.7255061e-05
3.9054934e-05
1.6845801e-05
0.00013362185
0.00013250513
0.00013025953
0.00012724831
0.00012371324
0.00011972535
0.00011517294
0.00010980045
0.0001032606
9.5155262e-05
8.506111e-05
7.2551855e-05
5.7254942e-05
3.9054839e-05
1.6845824e-05
0.00013362909
0.00013251232
0.00013026649
0.0001272548
0.00012371903
0.00011973022
0.00011517678
0.00010980326
0.00010326243
9.5156269e-05
8.5061495e-05
7.2551852e-05
5.7254789e-05
3.9054732e-05
1.6845846e-05
0.00013363597
0.00013251915
0.0001302731
0.00012726097
0.00012372451
0.00011973482
0.00011518039
0.00010980585
0.00010326409
9.5157147e-05
8.5061787e-05
7.2551791e-05
5.7254608e-05
3.9054616e-05
1.6845867e-05
0.0001336425
0.00013252563
0.00013027938
0.00012726683
0.0001237297
0.00011973916
0.00011518376
0.00010980825
0.00010326559
9.5157904e-05
8.5061996e-05
7.2551679e-05
5.7254401e-05
3.9054491e-05
1.6845886e-05
0.00013364868
0.00013253177
0.00013028533
0.00012727237
0.00012373461
0.00011974324
0.00011518691
0.00010981046
0.00010326695
9.5158547e-05
8.5062127e-05
7.255152e-05
5.7254173e-05
3.9054359e-05
1.6845903e-05
0.00013365453
0.00013253758
0.00013029097
0.00012727762
0.00012373924
0.00011974707
0.00011518984
0.00010981249
0.00010326816
9.5159085e-05
8.5062187e-05
7.2551321e-05
5.7253926e-05
3.9054222e-05
1.684592e-05
0.00013366005
0.00013254307
0.00013029629
0.00012728258
0.00012374361
0.00011975066
0.00011519257
0.00010981435
0.00010326923
9.5159524e-05
8.5062182e-05
7.2551086e-05
5.7253664e-05
3.9054082e-05
1.6845935e-05
0.00013366526
0.00013254826
0.00013030132
0.00012728725
0.00012374771
0.00011975402
0.00011519509
0.00010981605
0.00010327018
9.515987e-05
8.5062116e-05
7.2550817e-05
5.7253388e-05
3.9053938e-05
1.6845949e-05
0.00013367018
0.00013255314
0.00013030606
0.00012729165
0.00012375156
0.00011975716
0.00011519743
0.00010981758
0.000103271
9.5160127e-05
8.5061994e-05
7.2550517e-05
5.72531e-05
3.9053793e-05
1.6845962e-05
0.00013367481
0.00013255775
0.00013031052
0.00012729579
0.00012375517
0.00011976007
0.00011519957
0.00010981896
0.0001032717
9.5160298e-05
8.5061817e-05
7.2550189e-05
5.7252802e-05
3.9053646e-05
1.6845975e-05
0.00013367918
0.00013256209
0.00013031472
0.00012729967
0.00012375854
0.00011976278
0.00011520153
0.00010982019
0.00010327229
9.5160387e-05
8.5061588e-05
7.2549834e-05
5.7252493e-05
3.9053497e-05
1.6845986e-05
0.0001336833
0.00013256618
0.00013031867
0.00012730331
0.00012376169
0.00011976528
0.00011520332
0.00010982128
0.00010327277
9.5160396e-05
8.5061308e-05
7.2549451e-05
5.7252174e-05
3.9053347e-05
1.6845997e-05
0.00013368719
0.00013257003
0.00013032239
0.00012730672
0.00012376461
0.00011976758
0.00011520493
0.00010982222
0.00010327313
9.5160326e-05
8.5060977e-05
7.2549041e-05
5.7251844e-05
3.9053194e-05
1.6846006e-05
0.00013369086
0.00013257367
0.00013032588
0.00012730991
0.00012376733
0.00011976969
0.00011520637
0.00010982302
0.00010327339
9.5160178e-05
8.5060597e-05
7.2548604e-05
5.7251503e-05
3.9053038e-05
1.6846015e-05
0.00013369434
0.0001325771
0.00013032917
0.0001273129
0.00012376985
0.00011977162
0.00011520766
0.00010982369
0.00010327354
9.5159955e-05
8.5060168e-05
7.2548139e-05
5.7251149e-05
3.9052879e-05
1.6846023e-05
0.00013369766
0.00013258036
0.00013033227
0.0001273157
0.00012377218
0.00011977337
0.00011520879
0.00010982423
0.00010327359
9.5159659e-05
8.505969e-05
7.2547647e-05
5.7250783e-05
3.9052716e-05
1.6846031e-05
0.00013370082
0.00013258346
0.0001303352
0.00012731832
0.00012377435
0.00011977497
0.00011520977
0.00010982465
0.00010327354
9.5159292e-05
8.5059166e-05
7.2547129e-05
5.7250405e-05
3.9052549e-05
1.6846037e-05
0.00013370386
0.00013258642
0.00013033798
0.00012732078
0.00012377635
0.00011977641
0.00011521062
0.00010982496
0.00010327341
9.5158858e-05
8.5058599e-05
7.2546585e-05
5.7250015e-05
3.9052377e-05
1.6846042e-05
0.00013370679
0.00013258927
0.00013034064
0.00012732311
0.00012377821
0.00011977771
0.00011521135
0.00010982515
0.00010327319
9.5158364e-05
8.505799e-05
7.2546018e-05
5.7249613e-05
3.9052201e-05
1.6846047e-05
0.00013370965
0.00013259202
0.00013034318
0.00012732531
0.00012377994
0.00011977889
0.00011521196
0.00010982526
0.00010327289
9.5157814e-05
8.5057347e-05
7.2545431e-05
5.7249202e-05
3.9052022e-05
1.6846051e-05
0.00013371243
0.0001325947
0.00013034563
0.00012732741
0.00012378156
0.00011977996
0.00011521248
0.00010982528
0.00010327253
9.5157217e-05
8.5056672e-05
7.2544828e-05
5.7248785e-05
3.905184e-05
1.6846054e-05
0.00013371517
0.00013259732
0.00013034801
0.00012732942
0.00012378309
0.00011978094
0.0001152129
0.00010982522
0.00010327211
9.515658e-05
8.5055974e-05
7.2544213e-05
5.7248363e-05
3.9051657e-05
1.6846056e-05
0.00013371787
0.00013259989
0.00013035033
0.00012733136
0.00012378454
0.00011978184
0.00011521326
0.00010982511
0.00010327164
9.5155913e-05
8.5055259e-05
7.2543591e-05
5.7247939e-05
3.9051474e-05
1.6846057e-05
0.00013372055
0.00013260243
0.0001303526
0.00012733324
0.00012378593
0.00011978267
0.00011521356
0.00010982494
0.00010327114
9.5155223e-05
8.5054534e-05
7.2542968e-05
5.7247518e-05
3.9051293e-05
1.6846058e-05
0.0001337232
0.00013260494
0.00013035483
0.00012733507
0.00012378726
0.00011978346
0.00011521381
0.00010982474
0.00010327061
9.515452e-05
8.5053805e-05
7.2542348e-05
5.7247104e-05
3.9051115e-05
1.6846058e-05
0.00013372582
0.00013260741
0.00013035703
0.00012733686
0.00012378854
0.00011978419
0.00011521402
0.00010982451
0.00010327007
9.5153811e-05
8.5053079e-05
7.2541737e-05
5.7246698e-05
3.9050943e-05
1.6846058e-05
0.00013372842
0.00013260986
0.00013035919
0.00012733861
0.00012378979
0.00011978489
0.0001152142
0.00010982426
0.00010326952
9.5153102e-05
8.5052362e-05
7.2541139e-05
5.7246305e-05
3.9050778e-05
1.6846058e-05
0.00013373096
0.00013261226
0.00013036131
0.00012734032
0.00012379099
0.00011978556
0.00011521436
0.000109824
0.00010326896
9.5152399e-05
8.5051658e-05
7.2540556e-05
5.7245926e-05
3.9050621e-05
1.6846058e-05
0.00013373344
0.0001326146
0.00013036337
0.00012734198
0.00012379215
0.00011978619
0.00011521449
0.00010982373
0.00010326841
9.5151705e-05
8.5050969e-05
7.2539992e-05
5.7245563e-05
3.9050472e-05
1.6846058e-05
0.00013373583
0.00013261686
0.00013036536
0.00012734357
0.00012379326
0.00011978678
0.0001152146
0.00010982344
0.00010326785
9.5151022e-05
8.5050297e-05
7.2539446e-05
5.7245216e-05
3.9050334e-05
1.6846057e-05
0.0001337381
0.00013261901
0.00013036725
0.00012734509
0.00012379431
0.00011978733
0.00011521468
0.00010982314
0.00010326729
9.5150347e-05
8.504964e-05
7.2538919e-05
5.7244886e-05
3.9050204e-05
1.6846057e-05
0.00013374023
0.00013262104
0.00013036904
0.00012734651
0.00012379528
0.00011978782
0.00011521472
0.00010982282
0.00010326673
9.5149679e-05
8.5048997e-05
7.2538409e-05
5.724457e-05
3.9050084e-05
1.6846057e-05
0.00013374219
0.0001326229
0.00013037069
0.00012734783
0.00012379617
0.00011978824
0.00011521472
0.00010982247
0.00010326616
9.5149012e-05
8.5048364e-05
7.2537911e-05
5.7244267e-05
3.9049971e-05
1.6846057e-05
0.00013374395
0.00013262459
0.00013037218
0.000127349
0.00012379694
0.00011978859
0.00011521466
0.00010982209
0.00010326557
9.5148341e-05
8.5047735e-05
7.2537423e-05
5.7243974e-05
3.9049865e-05
1.6846057e-05
0.00013374547
0.00013262606
0.00013037348
0.00012735002
0.00012379759
0.00011978884
0.00011521453
0.00010982166
0.00010326495
9.5147657e-05
8.5047104e-05
7.2536939e-05
5.7243687e-05
3.9049763e-05
1.6846057e-05
0.00013374674
0.00013262729
0.00013037457
0.00012735086
0.0001237981
0.00011978897
0.00011521432
0.00010982117
0.00010326429
9.5146955e-05
8.5046465e-05
7.2536454e-05
5.7243402e-05
3.9049664e-05
1.6846057e-05
0.00013374775
0.00013262827
0.00013037544
0.00012735151
0.00012379844
0.00011978898
0.00011521401
0.00010982062
0.0001032636
9.5146224e-05
8.5045811e-05
7.2535962e-05
5.7243115e-05
3.9049565e-05
1.6846057e-05
0.00013374846
0.00013262898
0.00013037606
0.00012735194
0.00012379861
0.00011978885
0.0001152136
0.00010981999
0.00010326284
9.5145459e-05
8.5045137e-05
7.2535459e-05
5.7242824e-05
3.9049465e-05
1.6846056e-05
0.00013374889
0.00013262942
0.00013037644
0.00012735216
0.0001237986
0.00011978857
0.00011521307
0.00010981928
0.00010326203
9.5144653e-05
8.5044435e-05
7.2534939e-05
5.7242523e-05
3.9049362e-05
1.6846055e-05
0.00013374903
0.00013262958
0.00013037656
0.00012735216
0.0001237984
0.00011978814
0.00011521243
0.00010981847
0.00010326115
9.51438e-05
8.5043702e-05
7.2534399e-05
5.724221e-05
3.9049253e-05
1.6846054e-05
0.0001337489
0.00013262947
0.00013037643
0.00012735193
0.00012379801
0.00011978756
0.00011521166
0.00010981757
0.00010326021
9.5142899e-05
8.5042936e-05
7.2533836e-05
5.7241882e-05
3.9049136e-05
1.6846051e-05
0.00013374851
0.00013262912
0.00013037606
0.0001273515
0.00012379744
0.00011978682
0.00011521077
0.00010981658
0.00010325919
9.5141948e-05
8.5042134e-05
7.2533248e-05
5.7241536e-05
3.9049009e-05
1.6846048e-05
0.00013374788
0.00013262853
0.00013037548
0.00012735086
0.0001237967
0.00011978594
0.00011520976
0.0001098155
0.00010325811
9.5140949e-05
8.5041299e-05
7.2532636e-05
5.7241173e-05
3.9048871e-05
1.6846044e-05
0.00013374706
0.00013262774
0.0001303747
0.00012735004
0.00012379579
0.00011978492
0.00011520865
0.00010981433
0.00010325696
9.5139907e-05
8.5040433e-05
7.2532002e-05
5.7240794e-05
3.9048722e-05
1.6846038e-05
0.00013374607
0.00013262678
0.00013037376
0.00012734907
0.00012379475
0.00011978379
0.00011520744
0.0001098131
0.00010325577
9.5138828e-05
8.5039542e-05
7.253135e-05
5.7240401e-05
3.9048564e-05
1.6846032e-05
0.00013374496
0.00013262569
0.00013037268
0.00012734798
0.0001237936
0.00011978256
0.00011520615
0.0001098118
0.00010325453
9.5137721e-05
8.5038632e-05
7.2530684e-05
5.7239998e-05
3.9048398e-05
1.6846024e-05
0.00013374377
0.00013262452
0.00013037151
0.00012734678
0.00012379235
0.00011978126
0.00011520481
0.00010981046
0.00010325326
9.5136596e-05
8.5037713e-05
7.2530011e-05
5.7239589e-05
3.9048228e-05
1.6846016e-05
0.00013374255
0.00013262329
0.00013037028
0.00012734553
0.00012379105
0.0001197799
0.00011520342
0.0001098091
0.00010325198
9.5135465e-05
8.5036792e-05
7.2529339e-05
5.723918e-05
3.9048057e-05
1.6846007e-05
0.00013374133
0.00013262206
0.00013036904
0.00012734425
0.00012378972
0.00011977852
0.00011520202
0.00010980772
0.0001032507
9.5134339e-05
8.5035879e-05
7.2528676e-05
5.7238777e-05
3.9047888e-05
1.6845998e-05
0.00013374015
0.00013262086
0.0001303678
0.00012734297
0.00012378839
0.00011977714
0.00011520062
0.00010980635
0.00010324943
9.5133231e-05
8.5034986e-05
7.252803e-05
5.7238388e-05
3.9047725e-05
1.6845988e-05
0.00013373905
0.00013261972
0.00013036662
0.00012734172
0.00012378708
0.00011977578
0.00011519924
0.00010980501
0.00010324819
9.5132153e-05
8.5034121e-05
7.252741e-05
5.7238016e-05
3.9047571e-05
1.6845978e-05
0.00013373806
0.00013261868
0.00013036551
0.00012734054
0.00012378582
0.00011977446
0.00011519791
0.00010980371
0.00010324699
9.5131115e-05
8.5033293e-05
7.2526821e-05
5.7237666e-05
3.9047428e-05
1.6845968e-05
0.00013373719
0.00013261775
0.00013036449
0.00012733944
0.00012378463
0.00011977321
0.00011519663
0.00010980247
0.00010324584
9.5130126e-05
8.5032511e-05
7.252627e-05
5.7237344e-05
3.9047298e-05
1.6845958e-05
0.00013373646
0.00013261695
0.00013036359
0.00012733843
0.00012378352
0.00011977203
0.00011519542
0.00010980129
0.00010324475
9.5129195e-05
8.5031779e-05
7.2525762e-05
5.7237052e-05
3.9047183e-05
1.6845949e-05
0.00013373587
0.00013261628
0.00013036282
0.00012733753
0.00012378252
0.00011977094
0.00011519429
0.00010980018
0.00010324374
9.5128327e-05
8.5031104e-05
7.25253e-05
5.7236793e-05
3.9047084e-05
1.6845941e-05
0.00013373542
0.00013261575
0.00013036216
0.00012733675
0.00012378161
0.00011976993
0.00011519324
0.00010979916
0.00010324279
9.5127526e-05
8.5030487e-05
7.2524886e-05
5.7236568e-05
3.9047003e-05
1.6845933e-05
0.0001337351
0.00013261533
0.00013036162
0.00012733607
0.0001237808
0.00011976902
0.00011519229
0.00010979821
0.00010324193
9.5126794e-05
8.5029931e-05
7.2524521e-05
5.7236378e-05
3.904694e-05
1.6845926e-05
0.00013373488
0.00013261503
0.00013036119
0.00012733549
0.00012378008
0.0001197682
0.00011519141
0.00010979735
0.00010324114
9.512613e-05
8.5029434e-05
7.2524205e-05
5.7236222e-05
3.9046894e-05
1.684592e-05
0.00013373474
0.00013261481
0.00013036084
0.00012733499
0.00012377944
0.00011976746
0.00011519061
0.00010979656
0.00010324041
9.512553e-05
8.5028992e-05
7.2523933e-05
5.7236097e-05
3.9046864e-05
1.6845916e-05
0.00013373465
0.00013261464
0.00013036055
0.00012733456
0.00012377887
0.00011976678
0.00011518988
0.00010979583
0.00010323975
9.5124988e-05
8.50286e-05
7.2523701e-05
5.7236e-05
3.9046849e-05
1.6845912e-05
0.00013373458
0.00013261451
0.0001303603
0.00012733417
0.00012377835
0.00011976615
0.0001151892
0.00010979515
0.00010323914
9.5124493e-05
8.502825e-05
7.2523501e-05
5.7235925e-05
3.9046844e-05
1.6845909e-05
0.00013373449
0.00013261436
0.00013036005
0.00012733379
0.00012377785
0.00011976556
0.00011518856
0.00010979452
0.00010323858
9.5124035e-05
8.502793e-05
7.2523324e-05
5.7235865e-05
3.9046849e-05
1.6845906e-05
0.00013373435
0.00013261418
0.00013035978
0.0001273334
0.00012377735
0.00011976497
0.00011518793
0.00010979391
0.00010323803
9.5123599e-05
8.5027628e-05
7.252316e-05
5.7235814e-05
3.9046857e-05
1.6845905e-05
0.00013373412
0.00013261392
0.00013035945
0.00012733298
0.00012377682
0.00011976438
0.0001151873
0.0001097933
0.0001032375
9.512317e-05
8.5027332e-05
7.2522999e-05
5.7235764e-05
3.9046866e-05
1.6845904e-05
0.00013373378
0.00013261357
0.00013035904
0.00012733249
0.00012377625
0.00011976375
0.00011518666
0.00010979269
0.00010323695
9.5122734e-05
8.5027029e-05
7.2522831e-05
5.7235708e-05
3.904687e-05
1.6845903e-05
0.00013373331
0.00013261309
0.00013035853
0.00012733192
0.00012377562
0.00011976307
0.00011518598
0.00010979204
0.00010323638
9.512228e-05
8.5026708e-05
7.2522647e-05
5.7235638e-05
3.9046868e-05
1.6845901e-05
0.00013373268
0.00013261247
0.00013035789
0.00012733124
0.0001237749
0.00011976233
0.00011518524
0.00010979135
0.00010323578
9.5121794e-05
8.502636e-05
7.2522439e-05
5.723555e-05
3.9046855e-05
1.68459e-05
0.00013373191
0.00013261172
0.00013035713
0.00012733046
0.0001237741
0.00011976152
0.00011518446
0.00010979062
0.00010323514
9.512128e-05
8.5025988e-05
7.2522211e-05
5.7235446e-05
3.9046833e-05
1.6845898e-05
)
;

boundaryField
{
    water_inlet
    {
        type            calculated;
        value           uniform 4.1926275e-05;
    }
    water_outlet
    {
        type            calculated;
        value           nonuniform List<scalar> 
15
(
0.00013373191
0.00013261172
0.00013035713
0.00012733046
0.0001237741
0.00011976152
0.00011518446
0.00010979062
0.00010323514
9.512128e-05
8.5025988e-05
7.2522211e-05
5.7235446e-05
3.9046833e-05
1.6845898e-05
)
;
    }
    water_wedge1
    {
        type            wedge;
    }
    water_wedge2
    {
        type            wedge;
    }
    water_to_rock
    {
        type            nutkWallFunction;
        blending        stepwise;
        value           nonuniform List<scalar> 
400
(
1.3343477e-06
1.5729405e-06
1.7440907e-06
1.8605416e-06
1.9346768e-06
1.9772327e-06
1.9969594e-06
2.0006898e-06
1.9935919e-06
1.9794802e-06
1.9611207e-06
1.9404947e-06
1.9190097e-06
1.8976591e-06
1.8771394e-06
1.8579313e-06
1.8403553e-06
1.8246079e-06
1.8107845e-06
1.7988953e-06
1.7888783e-06
1.7806126e-06
1.7739325e-06
1.768644e-06
1.7645406e-06
1.7614181e-06
1.7590856e-06
1.7573734e-06
1.7561372e-06
1.7552582e-06
1.7546419e-06
1.7542151e-06
1.7539229e-06
1.7537247e-06
1.7535915e-06
1.7535035e-06
1.7534473e-06
1.7534148e-06
1.7534013e-06
1.7534047e-06
1.7534246e-06
1.7534617e-06
1.7535171e-06
1.7535923e-06
1.753689e-06
1.7538084e-06
1.7539517e-06
1.7541201e-06
1.7543142e-06
1.7545344e-06
1.7547811e-06
1.7550543e-06
1.7553539e-06
1.7556795e-06
1.7560309e-06
1.7564073e-06
1.7568084e-06
1.7572333e-06
1.7576814e-06
1.7581518e-06
1.758644e-06
1.759157e-06
1.7596898e-06
1.7602414e-06
1.7608105e-06
1.761396e-06
1.7619967e-06
1.7626116e-06
1.7632399e-06
1.763881e-06
1.7645343e-06
1.7651996e-06
1.7658764e-06
1.7665643e-06
1.7672628e-06
1.7679714e-06
1.7686896e-06
1.769417e-06
1.7701531e-06
1.7708975e-06
1.7716495e-06
1.7724089e-06
1.773175e-06
1.7739475e-06
1.7747258e-06
1.7755095e-06
1.7762981e-06
1.7770913e-06
1.7778884e-06
1.7786892e-06
1.7794931e-06
1.7802998e-06
1.7811087e-06
1.7819196e-06
1.7827318e-06
1.7835451e-06
1.7843589e-06
1.7851729e-06
1.7859866e-06
1.7867996e-06
1.7876115e-06
1.7884217e-06
1.7892299e-06
1.7900356e-06
1.7908382e-06
1.7916373e-06
1.7924323e-06
1.7932228e-06
1.7940081e-06
1.7947877e-06
1.7955609e-06
1.7963272e-06
1.7970858e-06
1.7978361e-06
1.7985773e-06
1.7993087e-06
1.8000296e-06
1.8007392e-06
1.8014367e-06
1.8021213e-06
1.8027922e-06
1.8034486e-06
1.8040897e-06
1.8047149e-06
1.8053232e-06
1.8059141e-06
1.8064868e-06
1.8070407e-06
1.8075753e-06
1.8080899e-06
1.8085841e-06
1.8090576e-06
1.8095099e-06
1.8099408e-06
1.8103502e-06
1.8107377e-06
1.8111035e-06
1.8114475e-06
1.8117698e-06
1.8120706e-06
1.8123499e-06
1.8126083e-06
1.8128458e-06
1.813063e-06
1.8132602e-06
1.813438e-06
1.8135968e-06
1.8137372e-06
1.8138597e-06
1.813965e-06
1.8140536e-06
1.8141263e-06
1.8141837e-06
1.8142263e-06
1.814255e-06
1.8142703e-06
1.8142729e-06
1.8142636e-06
1.8142429e-06
1.8142115e-06
1.81417e-06
1.8141191e-06
1.8140594e-06
1.8139915e-06
1.8139159e-06
1.8138333e-06
1.8137442e-06
1.8136491e-06
1.8135485e-06
1.8134429e-06
1.8133327e-06
1.8132183e-06
1.8130999e-06
1.812978e-06
1.8128529e-06
1.812725e-06
1.8125948e-06
1.8124626e-06
1.8123289e-06
1.8121939e-06
1.812058e-06
1.8119215e-06
1.8117847e-06
1.8116479e-06
1.8115112e-06
1.8113751e-06
1.8112396e-06
1.8111051e-06
1.8109715e-06
1.8108393e-06
1.8107085e-06
1.8105792e-06
1.8104516e-06
1.8103258e-06
1.810202e-06
1.8100802e-06
1.8099606e-06
1.8098432e-06
1.8097281e-06
1.8096153e-06
1.8095049e-06
1.809397e-06
1.8092916e-06
1.8091888e-06
1.8090886e-06
1.8089909e-06
1.8088959e-06
1.8088035e-06
1.8087138e-06
1.8086267e-06
1.8085423e-06
1.8084606e-06
1.8083815e-06
1.808305e-06
1.8082312e-06
1.8081599e-06
1.8080912e-06
1.808025e-06
1.8079614e-06
1.8079001e-06
1.8078414e-06
1.807785e-06
1.8077309e-06
1.8076793e-06
1.8076299e-06
1.8075827e-06
1.8075378e-06
1.8074952e-06
1.8074547e-06
1.8074163e-06
1.80738e-06
1.8073459e-06
1.8073137e-06
1.8072835e-06
1.8072552e-06
1.8072288e-06
1.8072042e-06
1.8071814e-06
1.8071602e-06
1.8071406e-06
1.8071225e-06
1.8071058e-06
1.8070906e-06
1.8070767e-06
1.807064e-06
1.8070526e-06
1.8070423e-06
1.8070333e-06
1.8070253e-06
1.8070185e-06
1.8070127e-06
1.8070081e-06
1.8070045e-06
1.807002e-06
1.8070006e-06
1.8070001e-06
1.8070007e-06
1.8070023e-06
1.8070048e-06
1.8070081e-06
1.8070123e-06
1.8070172e-06
1.8070229e-06
1.8070291e-06
1.8070358e-06
1.8070429e-06
1.8070505e-06
1.8070583e-06
1.8070663e-06
1.8070745e-06
1.8070829e-06
1.8070913e-06
1.8070999e-06
1.8071085e-06
1.8071172e-06
1.807126e-06
1.807135e-06
1.8071441e-06
1.8071533e-06
1.8071628e-06
1.8071725e-06
1.8071824e-06
1.8071925e-06
1.8072029e-06
1.8072135e-06
1.8072243e-06
1.8072353e-06
1.8072463e-06
1.8072575e-06
1.8072687e-06
1.8072799e-06
1.807291e-06
1.8073021e-06
1.8073129e-06
1.8073236e-06
1.807334e-06
1.8073442e-06
1.8073541e-06
1.8073636e-06
1.8073729e-06
1.8073819e-06
1.8073906e-06
1.8073991e-06
1.8074072e-06
1.8074152e-06
1.8074229e-06
1.8074304e-06
1.8074378e-06
1.807445e-06
1.8074521e-06
1.807459e-06
1.8074659e-06
1.8074726e-06
1.8074792e-06
1.8074857e-06
1.8074922e-06
1.8074985e-06
1.8075047e-06
1.8075107e-06
1.8075166e-06
1.8075224e-06
1.8075279e-06
1.8075333e-06
1.8075385e-06
1.8075435e-06
1.8075482e-06
1.8075527e-06
1.807557e-06
1.8075611e-06
1.8075649e-06
1.8075685e-06
1.8075718e-06
1.807575e-06
1.807578e-06
1.8075807e-06
1.8075833e-06
1.8075857e-06
1.807588e-06
1.8075901e-06
1.8075921e-06
1.8075939e-06
1.8075956e-06
1.8075972e-06
1.8075987e-06
1.8076e-06
1.8076013e-06
1.8076024e-06
1.8076033e-06
1.8076042e-06
1.807605e-06
1.8076056e-06
1.8076062e-06
1.8076066e-06
1.807607e-06
1.8076073e-06
1.8076076e-06
1.8076078e-06
1.807608e-06
1.8076081e-06
1.8076083e-06
1.8076084e-06
1.8076085e-06
1.8076086e-06
1.8076086e-06
1.8076086e-06
1.8076086e-06
1.8076085e-06
1.8076084e-06
1.8076082e-06
1.8076079e-06
1.8076074e-06
1.8076069e-06
1.8076063e-06
1.8076056e-06
1.8076047e-06
1.8076037e-06
1.8076027e-06
1.8076016e-06
1.8076004e-06
1.8075992e-06
1.807598e-06
1.8075968e-06
1.8075957e-06
1.8075946e-06
1.8075936e-06
1.8075926e-06
1.8075918e-06
1.807591e-06
1.8075904e-06
1.8075898e-06
1.8075893e-06
1.8075889e-06
1.8075885e-06
1.8075881e-06
1.8075878e-06
1.8075874e-06
1.807587e-06
1.8075865e-06
1.8075859e-06
1.8075853e-06
)
;
    }
}


// ************************************************************************* //
