/*--------------------------------*- C++ -*----------------------------------*\
| =========                 |                                                 |
| \\      /  F ield         | OpenFOAM: The Open Source CFD Toolbox           |
|  \\    /   O peration     | Version:  2506                                  |
|   \\  /    A nd           | Website:  www.openfoam.com                      |
|    \\/     M anipulation  |                                                 |
\*---------------------------------------------------------------------------*/
FoamFile
{
    version     2.0;
    format      ascii;
    arch        "LSB;label=32;scalar=64";
    class       volScalarField;
    location    "7000/water";
    object      alphat;
}
// * * * * * * * * * * * * * * * * * * * * * * * * * * * * * * * * * * * * * //

dimensions      [1 -1 -1 0 0 0 0];

internalField   nonuniform List<scalar> 
6000
(
0.041292847
0.041292824
0.041292831
0.041292856
0.041292889
0.041292932
0.041292983
0.041293016
0.041292808
0.041290571
0.041271537
0.041111294
0.0397723
0.030564074
0.013464793
0.040788543
0.040788537
0.040788576
0.040788654
0.040788758
0.040788888
0.04078902
0.040788972
0.040787494
0.040776037
0.040696382
0.040161217
0.036863805
0.023766469
0.015141611
0.04033569
0.040335696
0.040335761
0.040335884
0.040336044
0.040336229
0.04033633
0.040335685
0.040330323
0.040296649
0.040097616
0.038983223
0.033614213
0.0194951
0.016360294
0.039926215
0.039926219
0.039926301
0.039926459
0.03992666
0.039926848
0.039926701
0.039924457
0.039910659
0.039835636
0.039448738
0.037597438
0.030384627
0.016783058
0.017196555
0.039553796
0.039553808
0.039553906
0.039554093
0.039554312
0.039554413
0.039553622
0.0395481
0.039519187
0.039379112
0.038737841
0.036066498
0.027427863
0.015063192
0.01773179
0.039213273
0.039213296
0.039213408
0.039213613
0.039213809
0.039213657
0.039211571
0.039200298
0.039147643
0.038916647
0.037965398
0.034462847
0.024852826
0.013984463
0.018040007
0.038900366
0.038900399
0.038900521
0.038900723
0.038900826
0.038900159
0.038895819
0.03887551
0.038788999
0.038441492
0.037140256
0.032849727
0.022675913
0.013336844
0.018183117
0.038611532
0.038611573
0.038611697
0.038611866
0.038611765
0.038610199
0.038602307
0.038568928
0.038437606
0.037950377
0.036275872
0.031274836
0.020870828
0.012994967
0.018210197
0.038343817
0.038343862
0.038343975
0.038344065
0.038343601
0.038340605
0.038327517
0.03827644
0.038089201
0.037442856
0.03538704
0.029770034
0.019396999
0.012882914
0.018158676
0.038094736
0.03809478
0.038094862
0.038094803
0.038093753
0.038088644
0.038068396
0.037994592
0.037740813
0.036920505
0.03448763
0.028354169
0.018213448
0.012953916
0.018056304
0.037862183
0.037862216
0.037862238
0.037861935
0.037860009
0.037851941
0.037822294
0.037720559
0.037390607
0.036386134
0.033589398
0.02703684
0.017284481
0.013178532
0.017923231
0.03764436
0.037644371
0.037644291
0.037643618
0.037640447
0.037628426
0.037586933
0.037452106
0.037037684
0.035843147
0.032701562
0.025821837
0.016581272
0.013537499
0.017773886
0.037439726
0.037439699
0.03743946
0.037438254
0.037433393
0.037416287
0.037360374
0.037187532
0.036681868
0.035295042
0.031830871
0.02470985
0.016081614
0.014017191
0.017618497
0.037246949
0.037246861
0.037246392
0.037244452
0.037237378
0.037213943
0.037140989
0.036925609
0.0363235
0.034745073
0.030981931
0.023700436
0.015768976
0.014606606
0.017464261
0.037064871
0.037064693
0.037063903
0.037060987
0.037051109
0.037020016
0.036927437
0.036665512
0.035963258
0.03419604
0.030157673
0.022793377
0.015631332
0.015295285
0.017316197
0.03689248
0.036892177
0.036890955
0.036886782
0.036873442
0.036833316
0.036718634
0.03640675
0.035602004
0.033650187
0.029359858
0.021989539
0.015659917
0.016071914
0.01717775
0.036728885
0.036728414
0.036726628
0.036720878
0.03670337
0.036652818
0.036513731
0.036149096
0.035240656
0.033109157
0.028589603
0.021291346
0.015847992
0.016923492
0.017051196
0.036573301
0.03657261
0.036570106
0.036562424
0.036540005
0.036477653
0.03631208
0.035892529
0.034880099
0.032574024
0.027847913
0.02070292
0.016189617
0.01783505
0.016937916
0.036425028
0.036424056
0.036420663
0.036410663
0.036382564
0.036307092
0.036113215
0.03563717
0.034521109
0.032045349
0.027136212
0.020229919
0.016678486
0.018789895
0.016838558
0.036283441
0.03628212
0.036277645
0.036264917
0.036230367
0.036140535
0.03591682
0.035383242
0.034164308
0.031523285
0.026456862
0.019879123
0.017306891
0.019770317
0.016753165
0.036147982
0.036146234
0.036140468
0.036124584
0.036082821
0.035977497
0.035722708
0.035131018
0.033810124
0.031007717
0.025813646
0.019657797
0.018064912
0.0207586
0.016681265
0.036018143
0.036015885
0.036008605
0.035989127
0.035939416
0.035817597
0.035530799
0.034880794
0.033458783
0.030498445
0.025212142
0.019572905
0.018939949
0.021738147
0.016621966
0.03589347
0.03589061
0.035881581
0.035858069
0.035799718
0.035660549
0.035341095
0.034632853
0.033110301
0.029995409
0.024659951
0.019630248
0.019916664
0.02269449
0.016574063
0.035773545
0.035769987
0.035758968
0.035730991
0.035663366
0.035506152
0.035153669
0.034387441
0.032764498
0.029498968
0.024166686
0.019833637
0.020977366
0.023616003
0.016536152
0.035657992
0.035653635
0.035640383
0.035607524
0.035530063
0.035354279
0.034968643
0.03414475
0.03242103
0.029010211
0.023743688
0.020184173
0.022102784
0.024494228
0.016506745
0.035546464
0.035541207
0.035525479
0.035487349
0.035399574
0.035204869
0.034786172
0.033904896
0.032079439
0.028531301
0.023403466
0.020679734
0.023273104
0.025323802
0.016484372
0.035438647
0.035432386
0.035413948
0.035370193
0.035271718
0.035057919
0.034606436
0.03366791
0.03173923
0.028065808
0.023158914
0.021314706
0.0244691
0.026102089
0.016467662
0.035334251
0.035326887
0.035305516
0.035255823
0.03514637
0.034913479
0.03442962
0.033433727
0.031399978
0.02761899
0.023022388
0.022080016
0.02567317
0.026828633
0.016455398
0.035233012
0.035224448
0.035199939
0.03514405
0.035023453
0.034771643
0.034255909
0.033202186
0.031061475
0.027197981
0.02300477
0.022963453
0.026870128
0.027504567
0.016446544
0.035134691
0.035124836
0.035097009
0.035034724
0.034902936
0.03463254
0.03408547
0.032973033
0.030723902
0.0268118
0.023114633
0.023950249
0.02804767
0.028132079
0.016440248
0.035039067
0.03502784
0.034996542
0.034927732
0.034784832
0.034496333
0.033918446
0.032745938
0.030388046
0.026471167
0.023357597
0.025023883
0.02919649
0.028713983
0.016435834
0.034945943
0.034933275
0.034898386
0.034822996
0.034669194
0.034363211
0.033754944
0.032520522
0.030055535
0.026188099
0.023735915
0.026166982
0.030310099
0.029253407
0.016432778
0.034855141
0.034840974
0.034802418
0.034720475
0.034556112
0.034233382
0.033595029
0.032296402
0.029729078
0.025975302
0.024248334
0.02736225
0.031384439
0.029753594
0.016430685
0.034766502
0.034750797
0.03470854
0.034620164
0.034445715
0.034107066
0.033438713
0.032073259
0.029412693
0.025845434
0.02489019
0.028593298
0.032417399
0.030217765
0.016429265
0.034679887
0.034662624
0.034616684
0.034522088
0.034338162
0.033984492
0.033285952
0.031850929
0.029111867
0.025810314
0.025653731
0.029845306
0.033408314
0.030649046
0.016428312
0.034595176
0.034576356
0.034526808
0.034426308
0.034233647
0.033865888
0.033136649
0.03162952
0.028833633
0.025880169
0.026528619
0.031105458
0.034357529
0.031050409
0.016427682
0.034512269
0.034491917
0.034438897
0.034332917
0.034132389
0.033751478
0.032990657
0.031409556
0.028586515
0.02606301
0.027502554
0.032363144
0.035266042
0.031424647
0.01642728
0.034431083
0.034409252
0.034352965
0.034242042
0.034034637
0.033641469
0.032847794
0.031192142
0.028380315
0.026364176
0.028561979
0.033609948
0.036135248
0.031774346
0.016427047
0.034351558
0.034328331
0.034269052
0.034153841
0.033940664
0.03353605
0.032707869
0.03097915
0.028225759
0.02678609
0.029692788
0.034839473
0.03696677
0.032101874
0.01642695
0.034273652
0.034249145
0.03418723
0.034068505
0.03385076
0.033435383
0.03257072
0.030773393
0.028133998
0.027328221
0.030880993
0.036047067
0.037762343
0.032409381
0.016426974
0.034197344
0.03417171
0.034107598
0.033986257
0.033765237
0.033339598
0.032436275
0.030578781
0.028116032
0.027987224
0.032113284
0.037229503
0.038523755
0.032698799
0.016427117
0.034122637
0.034096064
0.034030285
0.033907355
0.033684417
0.033248788
0.032304627
0.030400435
0.028182107
0.02875725
0.033377461
0.038384662
0.039252794
0.032971855
0.016427382
0.034049553
0.034022276
0.033955452
0.033832084
0.033608631
0.033163012
0.03217613
0.030244714
0.02834114
0.029630359
0.034662707
0.039511265
0.039951228
0.033230086
0.016427779
0.03397814
0.033950437
0.033883292
0.033760766
0.033538214
0.0330823
0.032051523
0.030119154
0.028600248
0.030597022
0.035959728
0.04060864
0.040620777
0.033474856
0.016428318
0.033908471
0.033880668
0.033814033
0.033693749
0.033473498
0.033006661
0.031932061
0.030032291
0.028964397
0.031646652
0.037260744
0.041676558
0.0412631
0.033707373
0.01642901
0.033840644
0.033813121
0.033747936
0.033631414
0.033414804
0.032936115
0.031819661
0.029993369
0.029436211
0.03276813
0.038559405
0.042715108
0.041879779
0.033928705
0.016429865
0.033774787
0.03374798
0.033685299
0.033574167
0.033362441
0.032870717
0.031717044
0.030011962
0.030015934
0.033950284
0.039850629
0.043724612
0.042472314
0.034139802
0.016430892
0.033711057
0.03368546
0.033626458
0.03352244
0.033316699
0.032810615
0.031627853
0.03009752
0.030701524
0.035182301
0.041130415
0.044705564
0.043042113
0.034341502
0.016432097
0.033649643
0.033625814
0.033571787
0.033476689
0.033277844
0.032756113
0.031556734
0.030258904
0.031488878
0.036454044
0.042395663
0.045658586
0.043590498
0.034534553
0.016433487
0.03359077
0.033569333
0.033521698
0.033437387
0.03324612
0.032707756
0.031509357
0.030503938
0.032372144
0.037756266
0.043643994
0.046584395
0.044118699
0.034719617
0.016435064
0.033534699
0.033516348
0.033476647
0.033405019
0.033221753
0.032666433
0.031492358
0.030839027
0.033344087
0.039080734
0.044873611
0.047483769
0.044627864
0.034897289
0.016436831
0.033481731
0.033467235
0.033437127
0.033380083
0.033204961
0.032633491
0.031513197
0.031268866
0.034396491
0.040420264
0.046083175
0.048357533
0.045119059
0.035068096
0.016438788
0.033432211
0.033422413
0.033403675
0.033363076
0.033195977
0.032610856
0.031579923
0.031796265
0.035520554
0.041768689
0.047271716
0.04920653
0.045593276
0.035232514
0.016440933
0.033386531
0.033382352
0.033376864
0.033354497
0.033195078
0.03260115
0.031700871
0.032422091
0.036707255
0.043120788
0.048438562
0.050031614
0.046051437
0.035390968
0.016443266
0.033345134
0.033347573
0.033357309
0.033354836
0.033202628
0.032607792
0.031884307
0.033145318
0.037947675
0.044472181
0.049583281
0.050833632
0.046494397
0.035543844
0.016445782
0.033308518
0.033318652
0.033345661
0.033364571
0.033219143
0.032635061
0.032138042
0.033963178
0.039233251
0.045819222
0.050705639
0.051613421
0.046922951
0.035691489
0.016448478
0.033277237
0.03329622
0.033342601
0.033384174
0.033245363
0.032688109
0.03246907
0.034871382
0.040555967
0.047158892
0.05180556
0.052371795
0.047337839
0.035834219
0.016451351
0.033251914
0.033280969
0.033348845
0.033414106
0.033282345
0.032772916
0.032883246
0.035864399
0.041908472
0.048488701
0.0528831
0.053109547
0.047739749
0.03597232
0.016454394
0.033233235
0.033273652
0.033365128
0.033454835
0.033331563
0.032896165
0.033385033
0.036935759
0.043284141
0.049806605
0.053938419
0.053827442
0.048129318
0.036106053
0.016457603
0.033221962
0.033275082
0.033392211
0.033506851
0.033395016
0.03306505
0.033977334
0.038078364
0.044677086
0.051110935
0.054971757
0.054526219
0.048507144
0.036235658
0.016460974
0.033218934
0.033286139
0.033430864
0.033570696
0.033475331
0.033287021
0.034661421
0.039284779
0.046082131
0.052400342
0.055983418
0.055206587
0.048873783
0.036361356
0.016464499
0.033225073
0.033307763
0.033481871
0.033647008
0.033575845
0.033569484
0.035436951
0.040547492
0.047494763
0.053673745
0.056973755
0.055869226
0.049229756
0.036483354
0.016468174
0.033241386
0.033340956
0.033546021
0.033736578
0.03370066
0.033919478
0.036302067
0.041859138
0.048911069
0.054930293
0.05794315
0.056514769
0.049575443
0.036601083
0.01647199
0.033268972
0.03338678
0.033624112
0.033840421
0.033854652
0.034343363
0.037253558
0.043212658
0.050327673
0.056169324
0.058892008
0.057143807
0.049911242
0.036714879
0.016475942
0.033309024
0.033446356
0.033716953
0.033959861
0.034043421
0.034846539
0.038287077
0.044601425
0.051741668
0.05739034
0.059820746
0.057756912
0.050237556
0.036825045
0.016480019
0.03336283
0.033520853
0.033825376
0.034096628
0.034273183
0.035433219
0.039397376
0.046019315
0.053150559
0.058592979
0.060729792
0.058354635
0.050554797
0.036931851
0.016484214
0.033431775
0.033611491
0.033950258
0.034252955
0.034550592
0.036106275
0.04057856
0.04746074
0.054552213
0.059776993
0.061619575
0.058937454
0.050862923
0.037035581
0.016488518
0.033517344
0.033719533
0.034092549
0.034431665
0.034882517
0.036867155
0.041824325
0.048920651
0.055944808
0.060942229
0.062490517
0.059505811
0.051162151
0.037136396
0.016492923
0.033621115
0.033846282
0.034253324
0.034636251
0.035275768
0.037715886
0.043128181
0.050394528
0.057326794
0.062088607
0.063343036
0.060060163
0.051452981
0.037234384
0.016497425
0.033744758
0.03399308
0.034433836
0.034870908
0.035736814
0.03865114
0.044483641
0.051878339
0.05869686
0.063216115
0.064177553
0.060600973
0.051735851
0.037329653
0.016502019
0.033890035
0.034161309
0.034635592
0.035140534
0.036271506
0.039670362
0.045884371
0.053368507
0.0600539
0.064324795
0.064994472
0.061128572
0.052011162
0.037422331
0.0165067
0.034058787
0.034352406
0.034860442
0.035450673
0.036884818
0.040769942
0.047324309
0.054861871
0.06139699
0.065414726
0.065794143
0.061642947
0.052279305
0.037512562
0.016511467
0.034252938
0.034567873
0.035110665
0.035807393
0.037580648
0.041945411
0.048797738
0.056355639
0.062725357
0.066486018
0.066576929
0.062144667
0.052540483
0.037600453
0.016516317
0.034474482
0.034809315
0.035389066
0.036217116
0.038361674
0.043191656
0.050299338
0.057847355
0.064038357
0.067538804
0.067343213
0.062634244
0.052794917
0.037686088
0.016521247
0.03472549
0.035078475
0.035699052
0.036686392
0.039229276
0.044503118
0.051824205
0.059334859
0.065335461
0.068573251
0.068093394
0.063112136
0.053042835
0.037769546
0.016526253
0.035008111
0.035377301
0.036044684
0.037221647
0.040183535
0.045873993
0.053367851
0.060816257
0.066616245
0.069589501
0.06882737
0.063578807
0.05328449
0.037850923
0.016531331
0.03532459
0.035708009
0.036430697
0.037828912
0.041223288
0.047298393
0.054926198
0.062289891
0.067880351
0.070587708
0.069545619
0.064034565
0.053520087
0.037930306
0.016536479
0.035677287
0.036073176
0.036862464
0.038513564
0.042346234
0.048770488
0.05649555
0.063754306
0.069127489
0.071568062
0.070248613
0.064479708
0.053749814
0.03800777
0.016541693
0.036068722
0.036475822
0.037345904
0.0392801
0.04354909
0.050284611
0.058072571
0.065208226
0.070357434
0.072530785
0.070936787
0.064914535
0.05397385
0.03808338
0.016546969
0.036501629
0.036919505
0.037887339
0.040131951
0.044827758
0.051835339
0.05965426
0.066650548
0.07157
0.073475728
0.071610524
0.065339341
0.054192383
0.038157196
0.016552305
0.036979024
0.037408385
0.038493286
0.041071363
0.046177516
0.053417546
0.061237918
0.068080294
0.072765015
0.074403189
0.072270171
0.065754389
0.05440559
0.038229281
0.016557696
0.037504285
0.037947269
0.039170217
0.042099339
0.047593198
0.055026428
0.062821118
0.069496597
0.073942366
0.075313494
0.072916047
0.066159928
0.054613631
0.038299687
0.01656314
0.038081239
0.038541606
0.039924299
0.043215645
0.049069366
0.05665752
0.06440168
0.070898704
0.075101911
0.076206925
0.073548449
0.0665562
0.054816652
0.038368466
0.016568632
0.038714235
0.039197428
0.040761123
0.044418872
0.050600458
0.058306695
0.065977657
0.072285947
0.07624344
0.077083727
0.074167654
0.066943446
0.055014794
0.038435662
0.01657417
0.039408189
0.039921224
0.041685466
0.045706547
0.052180914
0.059970152
0.067547279
0.073657703
0.077366976
0.077944206
0.074773923
0.067321889
0.055208189
0.038501318
0.016579751
0.040168598
0.040719751
0.042701085
0.047075278
0.053805275
0.061644391
0.069108949
0.075013442
0.078472606
0.078788616
0.075367508
0.067691736
0.055396963
0.038565473
0.01658537
0.041001481
0.041599794
0.043810571
0.048520921
0.055468261
0.063326226
0.070661261
0.076352562
0.079560261
0.079617162
0.075948662
0.068053183
0.055581228
0.038628161
0.016591025
0.041913254
0.042567873
0.045015258
0.050038745
0.057164817
0.065012719
0.072202873
0.077674599
0.080630132
0.080430046
0.076517619
0.068406418
0.055761094
0.038689414
0.016596712
0.042910529
0.043629946
0.046315205
0.051623603
0.058890142
0.066701163
0.073732565
0.078979243
0.081682352
0.08122747
0.077074598
0.068751613
0.055936658
0.038749263
0.016602429
0.043999831
0.044791102
0.047709232
0.053270087
0.060639726
0.068389123
0.0752492
0.080266022
0.08271697
0.082009629
0.077619803
0.069088931
0.056108014
0.038807734
0.016608172
0.045187268
0.04605529
0.049195001
0.054972653
0.062409319
0.070074283
0.076751677
0.081534842
0.083734046
0.082776706
0.078153428
0.069418521
0.056275245
0.038864851
0.016613937
0.046478156
0.047425098
0.050769141
0.056725731
0.064194932
0.071754498
0.078239057
0.082785577
0.084733649
0.083528869
0.078675652
0.069740524
0.056438431
0.038920634
0.016619723
0.047876654
0.04890159
0.052427395
0.058523825
0.065992885
0.0734278
0.079710316
0.084018004
0.08571584
0.084266273
0.079186641
0.070055066
0.05659764
0.038975103
0.016625525
0.049385424
0.05048422
0.054164765
0.060361536
0.06779963
0.075092231
0.081164968
0.085231941
0.086680672
0.08498906
0.079686545
0.070362265
0.056752938
0.039028274
0.016631341
0.051005364
0.052170818
0.055975675
0.062233666
0.06961191
0.076745842
0.082602389
0.086427213
0.087628185
0.085697354
0.0801755
0.070662227
0.056904382
0.039080161
0.016637167
0.052735426
0.053957634
0.057854085
0.064135121
0.071426499
0.07838724
0.084021971
0.087603646
0.088558406
0.086391266
0.08065363
0.070955046
0.057052024
0.039130776
0.016643001
0.054572559
0.055839465
0.05979365
0.066061018
0.073240169
0.080015134
0.085423136
0.088761057
0.089471347
0.087070888
0.08112104
0.071240806
0.057195907
0.039180127
0.016648839
0.056511742
0.057809788
0.061787718
0.068006438
0.075050347
0.081628266
0.086805329
0.08989926
0.090367006
0.087736295
0.081577823
0.071519581
0.05733607
0.039228222
0.016654679
0.058546142
0.059860947
0.063829421
0.069966589
0.076854662
0.083225438
0.088168003
0.091018055
0.091245359
0.088387544
0.082024055
0.071791432
0.057472546
0.039275065
0.016660517
0.060667296
0.061984232
0.06591162
0.07193731
0.078650862
0.084805502
0.089510619
0.09211723
0.092106364
0.089024671
0.082459797
0.07205641
0.057605359
0.039320659
0.01666635
0.062865315
0.064170248
0.068027485
0.073914591
0.080436796
0.086367352
0.09083264
0.093196558
0.09294996
0.089647696
0.082885094
0.072314554
0.057734529
0.039365003
0.016672175
0.065129345
0.066409202
0.070170235
0.075894563
0.082210405
0.087909917
0.092133526
0.094255792
0.093776062
0.090256614
0.083299973
0.072565892
0.057860069
0.039408095
0.016677989
0.067447951
0.068691086
0.072333177
0.077873484
0.083969709
0.089432151
0.093412735
0.09529467
0.094584564
0.090851402
0.083704447
0.072810441
0.057981984
0.039449931
0.016683788
0.06980947
0.07100588
0.07450974
0.079847729
0.085712793
0.090933032
0.094669717
0.096312908
0.095375335
0.091432017
0.08409851
0.073048206
0.058100275
0.039490502
0.01668957
0.072202326
0.073343727
0.076693514
0.081813781
0.087437802
0.092411556
0.095903917
0.097310205
0.096148226
0.091998392
0.084482141
0.07327918
0.058214935
0.0395298
0.01669533
0.074615284
0.075695094
0.078878289
0.083768228
0.089142933
0.093866738
0.097114775
0.098286241
0.096903062
0.092550443
0.084855302
0.073503346
0.058325951
0.039567812
0.016701064
0.077037667
0.078050901
0.081058092
0.085707765
0.090826433
0.095297607
0.098301726
0.099240682
0.097639651
0.093088064
0.085217939
0.073720673
0.058433302
0.039604524
0.016706771
0.079459497
0.080402616
0.083227225
0.087629198
0.092486595
0.096703211
0.099464202
0.10017318
0.09835778
0.093611133
0.085569981
0.073931122
0.058536962
0.039639918
0.016712444
0.081871602
0.082742334
0.085380297
0.089529452
0.09412176
0.098082616
0.10060164
0.10108337
0.099057223
0.094119508
0.085911345
0.07413464
0.058636899
0.039673976
0.016718081
0.084265673
0.085062817
0.087512258
0.091405584
0.095730323
0.099434913
0.10171347
0.1019709
0.09973774
0.094613034
0.086241934
0.074331168
0.058733075
0.039706676
0.016723677
0.086634276
0.087357523
0.08961842
0.093254794
0.097310736
0.10075922
0.10279916
0.1028354
0.10039908
0.095091545
0.086561636
0.074520635
0.058825446
0.039737994
0.016729228
0.08897085
0.089620608
0.091694475
0.095074439
0.098861517
0.10205467
0.10385816
0.10367649
0.10104099
0.095554862
0.086870334
0.074702963
0.058913963
0.039767904
0.016734728
0.09126967
0.09184691
0.093736507
0.096862044
0.10038125
0.10332047
0.10488995
0.10449383
0.1016632
0.096002802
0.087167899
0.074878066
0.058998573
0.039796379
0.016740174
0.093525807
0.094031929
0.095740998
0.098615319
0.10186861
0.10455583
0.10589405
0.10528706
0.10226548
0.096435179
0.087454198
0.075045854
0.059079219
0.03982339
0.016745561
0.095735067
0.096171789
0.097704821
0.10033216
0.10332235
0.10576004
0.10687
0.10605588
0.10284756
0.096851807
0.087729096
0.075206233
0.059155842
0.039848907
0.016750882
0.097893935
0.098263201
0.099625238
0.10201067
0.10474133
0.10693241
0.10781737
0.10679996
0.10340923
0.097252506
0.087992457
0.075359106
0.059228381
0.0398729
0.016756134
0.099999512
0.10030341
0.10149988
0.10364914
0.10612449
0.10807234
0.10873579
0.10751905
0.10395026
0.097637104
0.088244148
0.075504378
0.059296774
0.039895338
0.01676131
0.10204945
0.10229017
0.10332674
0.10524608
0.10747089
0.10917929
0.1096249
0.10821289
0.10447047
0.098005443
0.088484043
0.075641955
0.059360961
0.039916191
0.016766405
0.10404191
0.10422168
0.10510415
0.10680018
0.10877972
0.11025277
0.11048443
0.10888129
0.10496968
0.09835738
0.088712024
0.075771749
0.059420882
0.03993543
0.016771414
0.10597547
0.10609652
0.10683074
0.10831037
0.11005025
0.11129237
0.11131414
0.10952407
0.10544776
0.098692794
0.088927986
0.075893677
0.059476483
0.039953026
0.01677633
0.10784912
0.10791368
0.10850545
0.10977572
0.1112819
0.11229777
0.11211384
0.11014113
0.10590461
0.099011586
0.089131841
0.076007666
0.059527712
0.039968954
0.016781148
0.10966218
0.10967242
0.1101275
0.11119554
0.11247417
0.1132687
0.11288341
0.11073238
0.10634016
0.099313685
0.089323517
0.076113654
0.059574526
0.039983191
0.016785862
0.11141428
0.11137234
0.11169632
0.11256928
0.11362671
0.11420498
0.11362278
0.1112978
0.10675437
0.099599049
0.089502963
0.076211592
0.059616888
0.039995719
0.016790467
0.1131053
0.11301326
0.1132116
0.11389658
0.11473925
0.11510652
0.11433194
0.11183741
0.10714727
0.099867667
0.089670151
0.076301447
0.059654769
0.04000652
0.016794957
0.11473536
0.11459521
0.11467322
0.11517722
0.11581165
0.11597327
0.11501094
0.11235127
0.10751891
0.10011956
0.089825077
0.0763832
0.059688152
0.040015585
0.016799326
0.11630477
0.11611846
0.11608123
0.11641114
0.11684387
0.11680528
0.11565989
0.11283951
0.10786937
0.10035479
0.089967763
0.076456853
0.059717029
0.040022907
0.01680357
0.11781402
0.11758341
0.11743586
0.11759841
0.11783597
0.11760267
0.11627895
0.11330229
0.10819879
0.10057344
0.09009826
0.076522426
0.059741404
0.040028485
0.016807684
0.11926373
0.11899062
0.11873748
0.11873923
0.1187881
0.11836563
0.11686833
0.11373983
0.10850736
0.10077564
0.090216644
0.076579958
0.059761295
0.040032326
0.016811663
0.12065467
0.12034077
0.11998657
0.11983391
0.11970049
0.1190944
0.11742832
0.11415239
0.10879528
0.10096155
0.090323022
0.076629511
0.059776732
0.040034439
0.016815503
0.12198769
0.12163468
0.12118376
0.12088286
0.12057348
0.11978931
0.11795922
0.11454027
0.10906283
0.10113137
0.090417526
0.076671165
0.059787757
0.040034841
0.016819199
0.12326376
0.12287322
0.12232974
0.12188659
0.12140746
0.12045072
0.11846142
0.1149038
0.10931028
0.10128533
0.090500318
0.076705024
0.059794428
0.040033557
0.01682275
0.12448392
0.12405737
0.12342531
0.12284569
0.12220291
0.12107907
0.11893531
0.11524339
0.10953798
0.10142369
0.090571587
0.076731209
0.059796815
0.040030615
0.016826151
0.12564925
0.12518818
0.12447134
0.12376083
0.12296035
0.12167484
0.11938136
0.11555945
0.10974628
0.10154673
0.090631546
0.076749865
0.059795
0.040026052
0.016829401
0.12676093
0.12626672
0.12546875
0.12463273
0.12368039
0.12223855
0.11980007
0.11585243
0.10993558
0.10165478
0.090680436
0.076761153
0.059789079
0.040019908
0.016832497
0.12782014
0.12729416
0.12641853
0.12546219
0.12436366
0.12277078
0.12019195
0.11612282
0.11010631
0.10174819
0.090718519
0.076765255
0.059779161
0.04001223
0.016835437
0.12882813
0.12827167
0.12732173
0.12625005
0.12501087
0.12327214
0.12055758
0.11637113
0.11025892
0.10182733
0.090746079
0.076762368
0.059765365
0.040003071
0.016838222
0.12978616
0.12920046
0.12817939
0.12699719
0.12562273
0.12374326
0.12089755
0.11659791
0.11039388
0.10189259
0.090763421
0.076752707
0.059747821
0.039992488
0.01684085
0.13069552
0.13008178
0.12899264
0.12770452
0.12620003
0.12418483
0.12121247
0.11680371
0.11051169
0.10194439
0.090770866
0.0767365
0.059726669
0.039980541
0.016843322
0.1315575
0.13091688
0.12976259
0.12837302
0.12674356
0.12459755
0.12150297
0.11698912
0.11061285
0.10198315
0.090768753
0.07671399
0.059702059
0.039967297
0.016845638
0.13237343
0.13170704
0.1304904
0.12900364
0.12725415
0.12498215
0.12176973
0.11715474
0.11069791
0.10200933
0.090757435
0.076685429
0.059674145
0.039952824
0.016847798
0.13314463
0.13245352
0.13117722
0.12959739
0.12773266
0.12533937
0.1220134
0.11730117
0.1107674
0.10202338
0.090737276
0.076651083
0.059643093
0.039937193
0.016849806
0.13387242
0.13315762
0.13182424
0.13015529
0.12817995
0.12566997
0.12223469
0.11742905
0.11082188
0.10202577
0.090708651
0.076611222
0.05960907
0.039920478
0.016851662
0.13455812
0.13382062
0.13243262
0.13067837
0.1285969
0.12597473
0.12243429
0.117539
0.11086191
0.10201699
0.090671943
0.076566126
0.059572249
0.039902755
0.016853369
0.13520306
0.1344438
0.13300355
0.13116765
0.12898441
0.12625444
0.12261291
0.11763167
0.11088806
0.10199751
0.090627541
0.076516078
0.059532809
0.039884101
0.01685493
0.13580854
0.13502844
0.1335382
0.13162419
0.12934338
0.12650988
0.12277126
0.1177077
0.11090089
0.10196783
0.090575839
0.076461369
0.059490927
0.039864592
0.016856347
0.13637587
0.13557581
0.13403777
0.13204902
0.12967473
0.12674187
0.12291005
0.11776773
0.110901
0.10192844
0.090517233
0.076402286
0.059446784
0.039844308
0.016857624
0.13690633
0.13608716
0.13450341
0.13244318
0.12997935
0.1269512
0.12303001
0.11781242
0.11088894
0.10187983
0.090452122
0.076339124
0.059400562
0.039823326
0.016858766
0.13740121
0.13656373
0.1349363
0.13280772
0.13025817
0.12713866
0.12313186
0.11784242
0.1108653
0.1018225
0.0903809
0.076272171
0.05935244
0.039801722
0.016859774
0.13786177
0.13700677
0.13533757
0.13314367
0.13051208
0.12730508
0.12321631
0.11785836
0.11083065
0.10175693
0.090303964
0.076201719
0.059302597
0.039779572
0.016860655
0.13828924
0.13741749
0.13570837
0.13345205
0.13074199
0.12745123
0.12328406
0.11786088
0.11078554
0.1016836
0.090221706
0.076128053
0.059251211
0.039756951
0.016861411
0.13868486
0.13779707
0.13604983
0.13373387
0.13094879
0.1275779
0.12333584
0.11785062
0.11073055
0.10160301
0.090134511
0.076051458
0.059198455
0.039733931
0.016862049
0.13904982
0.1381467
0.13636304
0.13399014
0.13113337
0.1276859
0.12337233
0.1178282
0.11066622
0.10151561
0.090042761
0.075972211
0.0591445
0.039710584
0.016862571
0.13938532
0.13846754
0.13664911
0.13422185
0.13129661
0.12777598
0.12339423
0.11779424
0.1105931
0.10142187
0.089946832
0.075890586
0.05908951
0.039686977
0.016862983
0.13969251
0.13876073
0.1369091
0.13442998
0.13143938
0.12784892
0.12340222
0.11774934
0.11051173
0.10132226
0.089847088
0.075806848
0.059033649
0.039663177
0.016863289
0.13997253
0.13902737
0.13714407
0.13461547
0.13156252
0.12790546
0.12339697
0.11769412
0.11042263
0.10121722
0.08974389
0.075721258
0.058977072
0.039639246
0.016863495
0.1402265
0.13926856
0.13735504
0.13477927
0.13166688
0.12794636
0.12337914
0.11762914
0.11032631
0.10110718
0.089637586
0.075634067
0.058919931
0.039615245
0.016863605
0.14045551
0.13948536
0.13754304
0.13492231
0.13175328
0.12797234
0.12334937
0.11755498
0.11022327
0.10099257
0.089528516
0.075545519
0.058862369
0.039591232
0.016863624
0.14066062
0.13967883
0.13770905
0.1350455
0.13182252
0.12798413
0.12330831
0.11747222
0.11011402
0.10087381
0.089417008
0.075455849
0.058804525
0.03956726
0.016863557
0.14084288
0.13984998
0.13785403
0.13514971
0.13187542
0.12798241
0.12325658
0.11738139
0.10999901
0.1007513
0.089303381
0.075365283
0.058746533
0.03954338
0.016863408
0.1410033
0.1399998
0.13797893
0.13523583
0.13191273
0.12796788
0.12319477
0.11728303
0.10987873
0.10062542
0.089187942
0.075274038
0.058688519
0.039519642
0.016863182
0.14114287
0.14012927
0.13808468
0.13530468
0.13193522
0.12794122
0.12312349
0.11717766
0.10975362
0.10049656
0.089070986
0.075182322
0.058630601
0.03949609
0.016862885
0.14126255
0.14023933
0.13817217
0.13535711
0.13194363
0.12790307
0.12304331
0.11706579
0.10962412
0.10036507
0.088952798
0.075090333
0.058572893
0.039472765
0.016862519
0.14136329
0.14033091
0.13824228
0.13539391
0.13193868
0.12785408
0.1229548
0.11694791
0.10949064
0.10023131
0.088833651
0.07499826
0.058515501
0.039449707
0.01686209
0.141446
0.14040489
0.13829585
0.13541587
0.13192108
0.12779487
0.1228585
0.1168245
0.10935361
0.10009562
0.088713803
0.074906281
0.058458525
0.039426952
0.016861602
0.14151155
0.14046214
0.13833373
0.13542376
0.13189152
0.12772605
0.12275495
0.11669602
0.10921342
0.099958326
0.088593504
0.074814566
0.058402058
0.039404532
0.016861059
0.14156082
0.14050352
0.1383567
0.13541832
0.13185066
0.12764821
0.12264466
0.11656292
0.10907044
0.09981973
0.08847299
0.074723273
0.058346187
0.039382477
0.016860465
0.14159464
0.14052984
0.13836555
0.13540026
0.13179915
0.12756192
0.12252814
0.11642564
0.10892504
0.099680133
0.088352487
0.074632554
0.058290992
0.039360815
0.016859825
0.14161382
0.14054189
0.13836105
0.1353703
0.13173762
0.12746774
0.12240587
0.11628459
0.10877758
0.099539819
0.088232206
0.074542548
0.058236547
0.039339569
0.016859141
0.14161915
0.14054045
0.13834392
0.1353291
0.13166668
0.12736621
0.12227833
0.11614018
0.1086284
0.09939906
0.088112349
0.074453387
0.058182917
0.039318741
0.016858419
0.14161138
0.14052626
0.13831488
0.13527734
0.13158693
0.12725785
0.12214596
0.11599279
0.10847781
0.099258113
0.087993104
0.074365187
0.058130141
0.039298216
0.01685766
0.14159125
0.14050005
0.13827461
0.13521564
0.13149894
0.12714317
0.1220092
0.1158428
0.10832612
0.099117221
0.087874646
0.074278054
0.058078266
0.039278045
0.016856868
0.14155948
0.14046251
0.13822379
0.13514462
0.13140327
0.12702266
0.12186848
0.11569057
0.10817364
0.098976615
0.087757141
0.074192092
0.058027343
0.039258278
0.016856046
0.14151675
0.14041431
0.13816305
0.13506488
0.13130045
0.12689679
0.12172421
0.11553644
0.10802064
0.098836513
0.087640738
0.07410737
0.057977288
0.039238975
0.016855195
0.14146372
0.14035612
0.13809303
0.13497701
0.13119101
0.12676601
0.12157678
0.11538075
0.1078674
0.098697116
0.087525575
0.074023965
0.057928169
0.039220149
0.016854319
0.14140105
0.14028856
0.13801432
0.13488155
0.13107544
0.12663078
0.12142657
0.1152238
0.10771415
0.098558618
0.087411782
0.073941958
0.057880067
0.039201805
0.01685342
0.14132934
0.14021224
0.13792751
0.13477905
0.13095423
0.12649151
0.12127393
0.1150659
0.10756115
0.098421193
0.087299465
0.073861327
0.057833067
0.03918396
0.016852501
0.14124919
0.14012774
0.13783315
0.13467002
0.13082785
0.1263486
0.12111923
0.11490733
0.10740862
0.098285007
0.087188724
0.073782138
0.057787208
0.039166626
0.016851565
0.14116119
0.14003564
0.13773179
0.13455497
0.13069675
0.12620246
0.12096278
0.11474838
0.10725678
0.098150213
0.087079665
0.073704497
0.057742504
0.039149812
0.016850616
0.14106589
0.13993647
0.13762395
0.13443438
0.13056136
0.12605346
0.12080491
0.11458929
0.10710581
0.09801694
0.086972299
0.07362852
0.057698979
0.039133524
0.016849655
0.14096381
0.13983077
0.13751012
0.13430871
0.1304221
0.12590197
0.12064593
0.11443032
0.10695591
0.097885314
0.086866723
0.07355426
0.057656653
0.03911777
0.016848685
0.14085548
0.13971903
0.13739079
0.13417841
0.13027936
0.12574832
0.12048611
0.11427169
0.10680725
0.097755465
0.086763065
0.073481752
0.057615538
0.039102553
0.016847708
0.14074138
0.13960173
0.13726643
0.13404391
0.13013354
0.12559285
0.12032575
0.11411362
0.10665998
0.097627407
0.086661463
0.073411035
0.057575647
0.039087875
0.016846727
0.140622
0.13947936
0.13713748
0.13390562
0.129985
0.12543588
0.12016509
0.11395631
0.10651425
0.097501302
0.086561976
0.073342137
0.057536989
0.039073736
0.016845744
0.14049779
0.13935234
0.13700436
0.13376394
0.12983408
0.12527771
0.12000439
0.11379996
0.10637016
0.097377304
0.086464662
0.073275084
0.057499572
0.039060137
0.016844761
0.14036918
0.13922112
0.13686749
0.13361924
0.12968114
0.12511862
0.11984388
0.11364472
0.10622782
0.097255535
0.086369573
0.073209897
0.057463398
0.039047075
0.01684378
0.14023659
0.13908611
0.13672726
0.1334719
0.12952649
0.12495889
0.11968377
0.11349077
0.10608743
0.097136078
0.086276755
0.073146592
0.057428468
0.039034547
0.016842801
0.14010043
0.13894769
0.13658405
0.13332224
0.12937043
0.12479878
0.11952426
0.11333821
0.10594914
0.097019009
0.086186246
0.073085182
0.057394779
0.039022547
0.016841828
0.13996109
0.13880625
0.13643821
0.13317062
0.12921327
0.12463852
0.11936553
0.11318725
0.10581306
0.096904399
0.086098079
0.073025675
0.057362328
0.039011071
0.016840861
0.13981892
0.13866215
0.13629009
0.13301733
0.12905526
0.12447834
0.11920774
0.11303808
0.1056793
0.096792307
0.086012282
0.072968074
0.057331108
0.039000112
0.016839902
0.13967428
0.13851573
0.13614002
0.13286269
0.12889667
0.12431843
0.11905112
0.11289083
0.10554795
0.096682788
0.085928876
0.07291238
0.057301109
0.038989662
0.016838952
0.13952752
0.13836732
0.13598831
0.13270696
0.12873774
0.124159
0.11889587
0.11274565
0.1054191
0.096575888
0.085847877
0.072858591
0.057272322
0.038979714
0.016838012
0.13937893
0.13821723
0.13583525
0.13255042
0.12857866
0.1240003
0.11874214
0.11260265
0.10529283
0.096471648
0.085769297
0.072806699
0.057244733
0.038970258
0.016837083
0.13922884
0.13806576
0.13568111
0.13239328
0.12841972
0.12384251
0.11859011
0.11246195
0.10516921
0.096370101
0.085693142
0.072756695
0.057218328
0.038961286
0.016836166
0.13907752
0.13791318
0.13552615
0.13223582
0.12826112
0.12368585
0.11843992
0.11232365
0.1050483
0.096271273
0.085619414
0.072708566
0.057193091
0.038952788
0.016835263
0.13892523
0.13775974
0.13537062
0.13207828
0.12810311
0.12353048
0.11829169
0.11218784
0.10493015
0.096175188
0.08554811
0.072662297
0.057169005
0.038944753
0.016834373
0.13877223
0.1376057
0.13521477
0.1319209
0.12794587
0.12337658
0.11814558
0.11205461
0.10481481
0.09608186
0.085479225
0.072617869
0.057146052
0.038937171
0.016833498
0.13861877
0.13745132
0.13505886
0.1317639
0.1277896
0.1232243
0.11800168
0.11192403
0.10470233
0.0959913
0.085412748
0.072575263
0.05712421
0.038930032
0.016832639
0.13846508
0.13729682
0.13490309
0.13160748
0.12763448
0.12307379
0.1178601
0.11179617
0.10459272
0.095903513
0.085348664
0.072534456
0.057103461
0.038923323
0.016831795
0.1383114
0.13714243
0.1347477
0.13145185
0.12748069
0.12292518
0.11772095
0.1116711
0.10448603
0.0958185
0.085286958
0.072495424
0.057083781
0.038917034
0.016830968
0.13815794
0.13698837
0.13459289
0.1312972
0.12732838
0.12277861
0.11758432
0.11154887
0.10438228
0.095736258
0.085227608
0.072458139
0.057065149
0.038911153
0.016830158
0.13800491
0.13683484
0.13443884
0.13114369
0.12717771
0.12263419
0.11745028
0.11142952
0.10428147
0.095656777
0.085170592
0.072422575
0.057047542
0.038905669
0.016829365
0.13785251
0.13668204
0.13428575
0.13099151
0.12702882
0.12249202
0.11731891
0.1113131
0.10418362
0.095580047
0.085115884
0.072388702
0.057030936
0.03890057
0.01682859
0.13770092
0.13653014
0.13413379
0.13084079
0.12688183
0.12235222
0.11719029
0.11119964
0.10408875
0.09550605
0.085063456
0.072356488
0.057015307
0.038895844
0.016827833
0.13755033
0.13637933
0.13398313
0.1306917
0.12673688
0.12221487
0.11706446
0.11108916
0.10399683
0.095434768
0.085013276
0.072325903
0.05700063
0.03889148
0.016827094
0.1374009
0.13622977
0.13383391
0.13054437
0.12659407
0.12208006
0.11694148
0.1109817
0.10390788
0.095366178
0.084965312
0.072296912
0.056986881
0.038887466
0.016826374
0.13725279
0.13608161
0.13368628
0.13039892
0.12645351
0.12194785
0.1168214
0.11087726
0.10382189
0.095300253
0.08491953
0.072269482
0.056974034
0.038883789
0.016825673
0.13710615
0.13593499
0.13354038
0.13025548
0.12631529
0.12181834
0.11670425
0.11077587
0.10373884
0.095236965
0.084875893
0.072243578
0.056962063
0.03888044
0.01682499
0.13696112
0.13579006
0.13339634
0.13011415
0.12617951
0.12169156
0.11659008
0.11067751
0.10365871
0.095176283
0.084834362
0.072219165
0.056950944
0.038877405
0.016824326
0.13681782
0.13564694
0.13325427
0.12997505
0.12604624
0.12156758
0.1164789
0.1105822
0.10358149
0.095118172
0.084794899
0.072196205
0.056940651
0.038874675
0.016823682
0.13667639
0.13550575
0.13311429
0.12983826
0.12591557
0.12144645
0.11637073
0.11048993
0.10350715
0.095062596
0.084757462
0.072174663
0.056931159
0.038872236
0.016823056
0.13653694
0.1353666
0.13297649
0.12970387
0.12578755
0.12132821
0.11626561
0.1104007
0.10343567
0.095009516
0.084722009
0.072154502
0.056922441
0.038870079
0.01682245
0.13639957
0.13522959
0.13284097
0.12957196
0.12566224
0.12121289
0.11616352
0.11031448
0.10336701
0.094958892
0.084688498
0.072135682
0.056914472
0.038868192
0.016821862
0.13626437
0.13509482
0.13270781
0.1294426
0.1255397
0.12110053
0.11606449
0.11023127
0.10330114
0.09491068
0.084656883
0.072118168
0.056907227
0.038866564
0.016821294
0.13613145
0.13496237
0.1325771
0.12931587
0.12541998
0.12099115
0.11596851
0.11015105
0.10323804
0.094864837
0.084627121
0.072101921
0.05690068
0.038865185
0.016820744
0.13600088
0.13483233
0.1324489
0.12919181
0.12530311
0.12088476
0.11587558
0.1100738
0.10317765
0.094821318
0.084599165
0.072086903
0.056894808
0.038864044
0.016820213
0.13587273
0.13470476
0.13232328
0.12907048
0.12518913
0.12078139
0.11578568
0.10999947
0.10311994
0.094780074
0.08457297
0.072073076
0.056889583
0.03886313
0.016819701
0.13574708
0.13457973
0.1322003
0.12895192
0.12507808
0.12068104
0.11569882
0.10992806
0.10306487
0.094741058
0.084548488
0.072060402
0.056884983
0.038862434
0.016819207
0.13562399
0.13445729
0.13208002
0.12883618
0.12496996
0.12058371
0.11561497
0.10985952
0.10301239
0.09470422
0.084525673
0.072048843
0.056880983
0.038861945
0.016818732
0.13550351
0.13433752
0.13196246
0.12872329
0.1248648
0.1204894
0.11553411
0.10979381
0.10296245
0.094669511
0.084504478
0.072038362
0.056877558
0.038861654
0.016818274
0.1353857
0.13422044
0.13184769
0.12861328
0.12476262
0.12039811
0.11545623
0.10973091
0.10291502
0.094636879
0.084484855
0.07202892
0.056874686
0.03886155
0.016817835
0.13527059
0.1341061
0.13173572
0.12850617
0.12466341
0.12030983
0.11538129
0.10967077
0.10287003
0.094606272
0.084466757
0.072020481
0.056872342
0.038861625
0.016817413
0.13515822
0.13399454
0.13162659
0.12840198
0.1245672
0.12022455
0.11530927
0.10961335
0.10282745
0.094577638
0.084450137
0.072013008
0.056870504
0.03886187
0.016817008
0.13504864
0.13388578
0.13152033
0.12830072
0.12447396
0.12014225
0.11524013
0.1095586
0.10278721
0.094550925
0.084434947
0.072006464
0.05686915
0.038862275
0.016816621
0.13494186
0.13377985
0.13141695
0.1282024
0.12438371
0.12006292
0.11517384
0.10950648
0.10274926
0.094526081
0.084421141
0.072000814
0.056868257
0.038862832
0.016816251
0.13483791
0.13367678
0.13131647
0.12810704
0.12429644
0.11998652
0.11511037
0.10945695
0.10271356
0.094503051
0.084408672
0.071996022
0.056867804
0.038863532
0.016815897
0.1347368
0.13357657
0.1312189
0.12801462
0.12421212
0.11991303
0.11504967
0.10940994
0.10268005
0.094481784
0.084397495
0.071992054
0.056867771
0.038864368
0.016815559
0.13463855
0.13347924
0.13112424
0.12792514
0.12413075
0.11984243
0.1149917
0.10936542
0.10264867
0.094462227
0.084387562
0.071988876
0.056868135
0.038865331
0.016815238
0.13454316
0.13338479
0.13103249
0.12783861
0.12405231
0.11977468
0.11493643
0.10932333
0.10261937
0.094444327
0.084378829
0.071986453
0.056868879
0.038866414
0.016814932
0.13445065
0.13329323
0.13094365
0.127755
0.12397677
0.11970975
0.1148838
0.10928362
0.10259209
0.094428031
0.084371252
0.071984753
0.056869981
0.038867609
0.016814641
0.134361
0.13320455
0.13085771
0.1276743
0.12390412
0.1196476
0.11483378
0.10924623
0.10256678
0.094413287
0.084364786
0.071983744
0.056871424
0.03886891
0.016814366
0.13427422
0.13311875
0.13077467
0.12759649
0.12383431
0.1195882
0.1147863
0.10921111
0.10254339
0.094400042
0.084359387
0.071983393
0.056873188
0.038870309
0.016814106
0.1341903
0.13303581
0.13069451
0.12752156
0.12376733
0.1195315
0.11474132
0.10917821
0.10252185
0.094388246
0.084355012
0.07198367
0.056875255
0.038871799
0.01681386
0.13410922
0.13295573
0.1306172
0.12744947
0.12370313
0.11947745
0.1146988
0.10914747
0.10250211
0.094377844
0.084351619
0.071984543
0.056877608
0.038873374
0.016813628
0.13403096
0.13287848
0.13054273
0.12738019
0.12364168
0.11942602
0.11465867
0.10911883
0.10248411
0.094368787
0.084349163
0.071985983
0.056880229
0.038875027
0.01681341
0.13395551
0.13280403
0.13047108
0.1273137
0.12358293
0.11937716
0.11462088
0.10909223
0.1024678
0.094361022
0.084347604
0.071987958
0.056883101
0.038876753
0.016813205
0.13388285
0.13273238
0.1304022
0.12724996
0.12352686
0.1193308
0.11458538
0.10906762
0.10245312
0.094354498
0.0843469
0.071990441
0.056886208
0.038878544
0.016813013
0.13381294
0.13266349
0.13033608
0.12718894
0.12347341
0.11928692
0.1145521
0.10904494
0.10244001
0.094349164
0.08434701
0.071993401
0.056889531
0.038880395
0.016812835
0.13374577
0.13259733
0.13027268
0.12713059
0.12342253
0.11924544
0.114521
0.10902412
0.10242841
0.094344969
0.084347893
0.07199681
0.056893056
0.0388823
0.016812668
0.13368129
0.13253386
0.13021196
0.12707487
0.12337419
0.11920632
0.11449201
0.10900511
0.10241827
0.094341865
0.084349509
0.072000641
0.056896767
0.038884252
0.016812514
0.13361948
0.13247306
0.13015388
0.12702175
0.12332832
0.1191695
0.11446508
0.10898784
0.10240953
0.094339801
0.084351819
0.072004866
0.056900649
0.038886247
0.016812371
0.1335603
0.13241489
0.13009842
0.12697117
0.12328489
0.11913493
0.11444014
0.10897227
0.10240214
0.094338729
0.084354786
0.07200946
0.056904686
0.038888279
0.01681224
0.13350373
0.13235932
0.13004552
0.1269231
0.12324384
0.11910255
0.11441714
0.10895833
0.10239604
0.094338604
0.084358372
0.072014395
0.056908864
0.038890342
0.016812119
0.13344971
0.1323063
0.12999515
0.12687749
0.12320512
0.11907231
0.11439603
0.10894597
0.10239119
0.094339378
0.084362542
0.072019649
0.056913171
0.038892433
0.01681201
0.13339822
0.13225579
0.12994726
0.12683428
0.12316868
0.11904415
0.11437673
0.10893512
0.10238752
0.094341009
0.084367262
0.072025198
0.056917593
0.038894547
0.01681191
0.13334922
0.13220776
0.12990182
0.12679345
0.12313448
0.11901802
0.11435921
0.10892574
0.10238498
0.094343454
0.084372498
0.072031021
0.056922118
0.038896679
0.01681182
0.13330266
0.13216216
0.12985877
0.12675493
0.12310245
0.11899387
0.1143434
0.10891777
0.10238354
0.094346671
0.08437822
0.072037095
0.056926737
0.038898825
0.016811739
0.1332585
0.13211896
0.12981808
0.12671868
0.12307254
0.11897164
0.11432925
0.10891116
0.10238314
0.094350621
0.084384398
0.072043403
0.056931438
0.038900984
0.016811668
0.13321671
0.13207811
0.1297797
0.12668466
0.12304472
0.11895127
0.11431671
0.10890585
0.10238374
0.094355267
0.084391004
0.072049925
0.056936211
0.038903151
0.016811605
0.13317723
0.13203956
0.12974358
0.12665281
0.12301892
0.11893272
0.11430571
0.10890181
0.10238529
0.094360571
0.084398009
0.072056644
0.05694105
0.038905324
0.016811551
0.13314002
0.13200326
0.12970967
0.12662307
0.12299509
0.11891593
0.11429622
0.10889897
0.10238775
0.094366498
0.084405388
0.072063542
0.056945944
0.038907501
0.016811506
0.13310503
0.13196917
0.12967792
0.12659541
0.12297317
0.11890085
0.11428817
0.10889729
0.10239107
0.094373012
0.084413114
0.072070604
0.056950885
0.038909678
0.016811468
0.1330722
0.13193723
0.12964828
0.12656977
0.12295312
0.11888741
0.11428151
0.10889672
0.10239521
0.094380077
0.084421161
0.072077813
0.056955866
0.038911854
0.016811438
0.13304148
0.13190738
0.12962069
0.12654607
0.12293487
0.11887556
0.11427619
0.1088972
0.10240012
0.094387658
0.084429504
0.072085153
0.056960878
0.038914026
0.016811416
0.13301282
0.13187958
0.12959509
0.12652428
0.12291836
0.11886525
0.11427215
0.10889869
0.10240577
0.094395719
0.084438116
0.072092606
0.056965913
0.038916191
0.016811401
0.13298615
0.13185375
0.12957142
0.12650432
0.12290354
0.11885641
0.11426933
0.10890113
0.10241211
0.094404224
0.08444697
0.072100156
0.056970962
0.038918346
0.016811393
0.13296141
0.13182984
0.12954963
0.12648614
0.12289033
0.11884898
0.11426768
0.10890448
0.10241909
0.094413136
0.08445604
0.072107785
0.056976015
0.038920487
0.016811391
0.13293853
0.13180778
0.12952964
0.12646967
0.12287868
0.1188429
0.11426713
0.10890867
0.10242666
0.094422419
0.084465298
0.072115475
0.056981063
0.038922612
0.016811396
0.13291747
0.13178752
0.12951139
0.12645484
0.12286853
0.11883811
0.11426763
0.10891365
0.10243478
0.094432035
0.084474717
0.072123209
0.056986097
0.038924716
0.016811407
0.13289815
0.13176899
0.12949483
0.1264416
0.1228598
0.11883454
0.11426912
0.10891938
0.10244341
0.094441948
0.084484269
0.072130967
0.056991105
0.038926796
0.016811423
0.13288053
0.13175213
0.12947989
0.12642988
0.12285244
0.11883214
0.11427154
0.1089258
0.1024525
0.094452123
0.084493929
0.072138733
0.056996079
0.038928849
0.016811445
0.13286453
0.13173688
0.12946651
0.12641962
0.12284639
0.11883085
0.11427484
0.10893286
0.10246201
0.094462525
0.084503671
0.072146491
0.05700101
0.03893087
0.016811472
0.13285012
0.1317232
0.12945464
0.12641077
0.12284159
0.1188306
0.11427896
0.10894051
0.10247189
0.094473124
0.084513472
0.072154224
0.057005889
0.038932856
0.016811502
0.13283724
0.13171103
0.12944422
0.12640327
0.12283798
0.11883136
0.11428387
0.10894872
0.10248212
0.094483891
0.084523312
0.072161921
0.05701071
0.038934807
0.016811537
0.13282585
0.13170033
0.12943522
0.12639707
0.12283553
0.11883308
0.1142895
0.10895744
0.10249266
0.0944948
0.084533173
0.07216957
0.057015467
0.038936719
0.016811576
0.13281591
0.13169105
0.12942758
0.12639214
0.12283419
0.1188357
0.11429584
0.10896664
0.10250349
0.094505831
0.08454304
0.072177162
0.057020155
0.038938591
0.016811618
0.13280738
0.13168316
0.12942126
0.12638842
0.12283391
0.1188392
0.11430283
0.10897628
0.10251457
0.094516965
0.084552902
0.072184692
0.057024774
0.038940425
0.016811663
0.13280022
0.13167661
0.12941624
0.12638589
0.12283465
0.11884353
0.11431045
0.10898635
0.10252588
0.094528187
0.08456275
0.072192157
0.057029323
0.03894222
0.01681171
0.13279441
0.13167138
0.12941246
0.12638451
0.1228364
0.11884867
0.11431867
0.10899682
0.10253742
0.094539488
0.084572579
0.072199553
0.057033803
0.038943978
0.016811761
0.13278989
0.13166743
0.12940991
0.12638424
0.1228391
0.11885458
0.11432746
0.10900766
0.10254916
0.094550856
0.084582385
0.072206883
0.057038216
0.038945701
0.016811814
0.13278663
0.13166471
0.12940853
0.12638504
0.12284273
0.11886125
0.11433681
0.10901887
0.1025611
0.094562286
0.084592165
0.072214147
0.057042566
0.038947393
0.01681187
0.1327846
0.1316632
0.1294083
0.12638688
0.12284726
0.11886862
0.11434668
0.10903041
0.10257321
0.094573768
0.084601916
0.072221345
0.057046853
0.038949045
0.016811929
0.13278374
0.13166283
0.12940916
0.12638972
0.12285264
0.11887668
0.11435704
0.10904227
0.10258549
0.094585295
0.084611636
0.072228478
0.057051078
0.038950657
0.01681199
0.13278399
0.13166356
0.12941106
0.12639352
0.12285884
0.11888539
0.11436788
0.10905443
0.10259791
0.094596855
0.084621318
0.072235545
0.057055243
0.038952231
0.016812054
0.1327853
0.13166533
0.12941396
0.12639821
0.12286581
0.11889471
0.11437915
0.10906686
0.10261046
0.094608436
0.084630954
0.072242541
0.05705934
0.038953774
0.01681212
0.1327876
0.13166808
0.12941779
0.12640375
0.1228735
0.11890459
0.11439081
0.10907952
0.10262311
0.09462002
0.084640534
0.072249459
0.057063364
0.038955285
0.016812189
0.13279081
0.13167173
0.12942248
0.12641008
0.12288184
0.11891498
0.11440282
0.10909238
0.10263583
0.094631585
0.084650043
0.07225629
0.057067315
0.038956763
0.01681226
0.13279487
0.13167622
0.12942797
0.12641711
0.12289079
0.11892583
0.11441514
0.1091054
0.1026486
0.094643108
0.084659462
0.072263021
0.057071189
0.038958205
0.016812333
0.13279969
0.13168145
0.12943417
0.1264248
0.12290027
0.11893707
0.11442771
0.10911854
0.10266137
0.094654558
0.084668769
0.072269629
0.057074981
0.038959611
0.016812408
0.13280519
0.13168737
0.12944102
0.12643305
0.12291022
0.11894865
0.11444048
0.10913175
0.10267411
0.094665905
0.08467794
0.072276104
0.057078683
0.038960977
0.016812485
0.1328113
0.13169389
0.12944844
0.12644181
0.12292057
0.1189605
0.11445339
0.10914498
0.10268678
0.094677117
0.084686951
0.072282431
0.057082285
0.0389623
0.016812563
0.13281796
0.13170094
0.12945636
0.126451
0.12293125
0.11897257
0.11446639
0.10915819
0.10269933
0.094688161
0.084695772
0.072288598
0.057085778
0.038963575
0.016812642
0.13282511
0.13170847
0.12946472
0.12646057
0.12294221
0.11898479
0.11447943
0.10917132
0.10271173
0.094699007
0.084704383
0.072294592
0.057089154
0.0389648
0.016812721
0.1328327
0.13171643
0.12947346
0.12647046
0.12295339
0.11899713
0.11449246
0.10918435
0.10272395
0.094709631
0.084712767
0.0723004
0.057092406
0.038965971
0.016812799
0.13284069
0.13172478
0.12948256
0.12648062
0.12296476
0.11900954
0.11450545
0.10919725
0.10273596
0.094720009
0.084720916
0.072306014
0.057095528
0.038967087
0.016812878
0.13284906
0.13173349
0.12949198
0.12649104
0.12297627
0.11902199
0.11451837
0.10920998
0.10274775
0.094730128
0.084728824
0.072311428
0.057098517
0.038968145
0.016812955
0.13285781
0.13174255
0.1295017
0.12650168
0.12298792
0.11903446
0.11453121
0.10922254
0.1027593
0.094739986
0.084736488
0.072316642
0.057101373
0.038969147
0.016813031
0.13286694
0.13175197
0.12951172
0.12651255
0.1229997
0.11904695
0.11454396
0.10923492
0.10277061
0.09474959
0.084743911
0.072321658
0.057104099
0.038970093
0.016813106
0.13287647
0.13176175
0.12952205
0.12652365
0.1230116
0.11905945
0.11455662
0.10924713
0.10278169
0.094758948
0.084751101
0.072326483
0.057106698
0.038970986
0.016813179
0.13288641
0.13177191
0.12953271
0.12653498
0.12302365
0.11907198
0.11456921
0.10925917
0.10279256
0.094768075
0.08475807
0.072331128
0.05710918
0.03897183
0.01681325
0.13289679
0.13178248
0.12954371
0.12654658
0.12303585
0.11908456
0.11458174
0.10927107
0.10280324
0.094776988
0.084764836
0.072335608
0.057111554
0.038972629
0.01681332
0.13290763
0.13179347
0.12955508
0.12655846
0.12304822
0.11909721
0.11459422
0.10928286
0.10281375
0.094785709
0.084771418
0.072339939
0.057113832
0.038973388
0.016813388
0.13291894
0.13180491
0.12956683
0.12657065
0.1230608
0.11910995
0.1146067
0.10929455
0.10282411
0.094794261
0.084777837
0.072344138
0.057116025
0.038974115
0.016813456
0.13293073
0.1318168
0.12957897
0.12658314
0.12307359
0.11912279
0.11461919
0.10930617
0.10283435
0.094802665
0.084784113
0.072348223
0.057118147
0.038974814
0.016813522
0.132943
0.13182914
0.12959152
0.12659596
0.1230866
0.11913575
0.1146317
0.10931774
0.10284448
0.094810942
0.084790266
0.07235221
0.05712021
0.038975492
0.016813589
0.13295573
0.13184191
0.12960444
0.12660908
0.12309983
0.11914883
0.11464424
0.10932927
0.10285453
0.094819107
0.084796311
0.072356113
0.057122222
0.038976153
0.016813655
0.13296886
0.13185507
0.12961773
0.1266225
0.12311327
0.11916203
0.11465681
0.10934077
0.10286449
0.09482717
0.084802259
0.072359942
0.057124194
0.038976802
0.016813722
0.13298234
0.13186858
0.12963132
0.12663617
0.12312689
0.11917533
0.11466941
0.10935222
0.10287437
0.094835134
0.084808114
0.072363703
0.057126128
0.03897744
0.01681379
0.1329961
0.13188236
0.12964516
0.12665005
0.12314065
0.1191887
0.11468201
0.10936361
0.10288415
0.094842993
0.084813875
0.072367396
0.057128027
0.03897807
0.016813858
0.13301005
0.13189633
0.12965918
0.12666406
0.1231545
0.11920209
0.11469457
0.10937493
0.10289383
0.094850737
0.084819535
0.072371018
0.057129889
0.038978689
0.016813928
0.13302409
0.1319104
0.1296733
0.12667815
0.12316837
0.11921546
0.11470705
0.10938612
0.10290337
0.094858344
0.084825079
0.072374558
0.057131709
0.038979297
0.016813998
0.13303811
0.13192447
0.12968741
0.12669221
0.1231822
0.11922873
0.1147194
0.10939716
0.10291274
0.094865791
0.084830489
0.072378004
0.057133479
0.038979888
0.016814069
0.13305201
0.13193843
0.12970143
0.12670618
0.1231959
0.11924186
0.11473157
0.10940799
0.10292191
0.094873045
0.08483574
0.07238134
0.057135189
0.03898046
0.01681414
0.13306569
0.1319522
0.12971526
0.12671996
0.1232094
0.11925476
0.1147435
0.10941858
0.10293082
0.094880075
0.084840808
0.072384545
0.057136825
0.038981005
0.016814212
0.13307908
0.13196568
0.12972883
0.12673348
0.12322263
0.11926737
0.11475512
0.10942885
0.10293945
0.094886848
0.084845667
0.072387602
0.057138377
0.038981519
0.016814283
0.13309209
0.13197881
0.12974206
0.12674667
0.12323551
0.11927963
0.1147664
0.10943879
0.10294775
0.094893331
0.084850292
0.072390491
0.05713983
0.038981994
0.016814352
0.13310469
0.13199154
0.12975489
0.12675946
0.12324801
0.1192915
0.11477727
0.10944833
0.10295569
0.094899498
0.08485466
0.072393196
0.057141176
0.038982428
0.016814421
0.13311683
0.13200382
0.12976729
0.12677182
0.12326007
0.11930293
0.11478772
0.10945746
0.10296324
0.094905328
0.084858755
0.072395703
0.057142403
0.038982813
0.016814486
0.13312853
0.13201565
0.12977924
0.12678373
0.12327168
0.1193139
0.1147977
0.10946614
0.10297039
0.094910806
0.084862566
0.072398005
0.057143507
0.038983149
0.016814549
0.13313979
0.13202704
0.12979074
0.12679518
0.12328282
0.1193244
0.11480723
0.10947439
0.10297713
0.094915927
0.084866088
0.072400098
0.057144485
0.038983433
0.016814609
0.13315067
0.13203803
0.12980182
0.1268062
0.12329352
0.11933445
0.11481629
0.10948219
0.10298346
0.094920697
0.084869327
0.072401984
0.057145338
0.038983667
0.016814665
0.13316121
0.13204867
0.12981253
0.12681682
0.12330379
0.11934406
0.11482492
0.10948957
0.10298941
0.094925128
0.084872292
0.072403672
0.057146071
0.038983851
0.016814718
0.13317149
0.13205902
0.12982292
0.12682709
0.12331368
0.11935326
0.11483314
0.10949656
0.10299499
0.094929242
0.084875002
0.072405176
0.057146693
0.03898399
0.016814767
0.13318161
0.13206918
0.12983306
0.12683707
0.12332325
0.11936212
0.11484101
0.10950319
0.10300024
0.09493307
0.084877483
0.072406515
0.057147216
0.038984089
0.016814812
0.13319164
0.13207921
0.12984304
0.12684684
0.12333256
0.11937069
0.11484856
0.10950951
0.1030052
0.094936647
0.084879763
0.072407711
0.057147653
0.038984156
0.016814853
0.13320167
0.13208921
0.12985293
0.12685647
0.12334167
0.11937902
0.11485585
0.10951557
0.10300992
0.094940013
0.084881876
0.072408789
0.057148023
0.038984196
0.016814892
0.13321179
0.13209924
0.12986281
0.12686602
0.12335066
0.11938718
0.11486295
0.10952143
0.10301445
0.094943207
0.084883854
0.072409775
0.057148341
0.038984219
0.016814929
0.13322204
0.13210939
0.12987274
0.12687556
0.12335959
0.11939524
0.11486991
0.10952713
0.10301882
0.094946271
0.084885732
0.072410696
0.057148625
0.038984231
0.016814963
0.13323248
0.13211968
0.12988277
0.12688515
0.1233685
0.11940323
0.11487677
0.10953272
0.10302308
0.09494924
0.084887541
0.072411574
0.057148891
0.03898424
0.016814996
0.13324314
0.13213016
0.12989294
0.12689483
0.12337745
0.1194112
0.11488358
0.10953824
0.10302727
0.094952147
0.084889306
0.072412431
0.057149152
0.038984253
0.016815029
0.133254
0.13214084
0.12990327
0.12690461
0.12338644
0.11941918
0.11489036
0.10954372
0.10303141
0.094955014
0.084891049
0.072413282
0.05714942
0.038984274
0.016815061
0.13326506
0.13215168
0.12991374
0.12691449
0.1233955
0.11942719
0.11489714
0.10954917
0.10303552
0.09495786
0.084892783
0.07241414
0.057149703
0.038984308
0.016815094
0.13327625
0.13216267
0.12992432
0.12692446
0.12340461
0.11943521
0.1149039
0.1095546
0.10303961
0.094960689
0.084894515
0.072415009
0.057150003
0.038984354
0.016815128
0.13328753
0.13217374
0.12993498
0.12693448
0.12341374
0.11944323
0.11491065
0.10956
0.10304367
0.0949635
0.084896243
0.072415889
0.057150321
0.038984415
0.016815162
0.1332988
0.13218481
0.12994564
0.1269445
0.12342285
0.11945121
0.11491736
0.10956535
0.10304769
0.094966282
0.084897959
0.072416773
0.057150654
0.038984487
0.016815198
0.13330996
0.13219579
0.12995624
0.12695444
0.12343189
0.11945912
0.11492398
0.10957063
0.10305164
0.094969015
0.084899648
0.072417651
0.057150994
0.038984567
0.016815234
0.13332093
0.1322066
0.12996667
0.12696425
0.12344079
0.1194669
0.11493048
0.10957579
0.1030555
0.094971675
0.08490129
0.072418507
0.05715133
0.038984651
0.016815272
0.13333159
0.13221712
0.12997685
0.12697382
0.12344949
0.11947448
0.1149368
0.10958079
0.10305922
0.094974232
0.08490286
0.072419322
0.057151652
0.038984732
0.01681531
0.13334184
0.13222728
0.12998669
0.12698309
0.1234579
0.11948181
0.11494289
0.1095856
0.10306278
0.094976655
0.084904334
0.072420079
0.057151946
0.038984806
0.016815348
0.13335161
0.13223697
0.12999612
0.12699197
0.12346597
0.11948882
0.1149487
0.10959016
0.10306612
0.09497891
0.084905685
0.072420756
0.057152199
0.038984865
0.016815385
0.13336081
0.13224613
0.13000505
0.12700041
0.12347362
0.11949546
0.11495418
0.10959443
0.10306923
0.09498097
0.084906889
0.072421335
0.057152398
0.038984903
0.016815422
0.1333694
0.13225471
0.13001343
0.12700833
0.12348081
0.11950168
0.11495929
0.10959837
0.10307205
0.094982809
0.084907926
0.0724218
0.057152532
0.038984916
0.016815457
0.13337734
0.13226266
0.13002122
0.12701571
0.12348751
0.11950746
0.114964
0.10960196
0.10307459
0.094984406
0.084908779
0.072422138
0.057152593
0.0389849
0.01681549
0.13338463
0.13226997
0.13002841
0.12702253
0.12349368
0.11951275
0.11496828
0.10960519
0.10307681
0.09498575
0.084909438
0.072422342
0.057152576
0.038984851
0.01681552
0.13339127
0.13227665
0.13003499
0.12702877
0.12349932
0.11951757
0.11497213
0.10960804
0.10307871
0.094986836
0.0849099
0.072422408
0.057152476
0.038984768
0.016815548
0.13339731
0.13228274
0.13004099
0.12703446
0.12350444
0.11952191
0.11497556
0.10961052
0.1030803
0.094987668
0.084910168
0.072422339
0.057152297
0.038984653
0.016815572
0.1334028
0.13228827
0.13004644
0.12703963
0.12350908
0.1195258
0.11497858
0.10961264
0.10308158
0.094988258
0.084910252
0.072422141
0.057152041
0.038984505
0.016815593
0.13340781
0.13229331
0.13005141
0.12704432
0.12351326
0.11952927
0.11498123
0.10961444
0.1030826
0.094988626
0.084910167
0.072421827
0.057151716
0.03898433
0.01681561
0.13341242
0.13229794
0.13005596
0.12704859
0.12351704
0.11953237
0.11498353
0.10961594
0.10308336
0.094988796
0.084909934
0.072421412
0.057151333
0.038984131
0.016815624
0.13341672
0.13230224
0.13006016
0.12705252
0.12352047
0.11953515
0.11498555
0.10961718
0.10308391
0.094988799
0.084909579
0.072420914
0.057150902
0.038983914
0.016815636
0.1334208
0.1323063
0.1300641
0.12705616
0.12352364
0.11953766
0.11498732
0.10961822
0.10308429
0.094988668
0.084909128
0.072420355
0.057150438
0.038983685
0.016815644
0.13342474
0.13231019
0.13006784
0.12705961
0.12352659
0.11953996
0.1149889
0.10961909
0.10308454
0.094988438
0.084908609
0.072419756
0.057149954
0.038983449
0.016815651
0.13342863
0.132314
0.13007148
0.12706291
0.12352939
0.11954212
0.11499035
0.10961984
0.10308469
0.094988142
0.084908051
0.072419136
0.057149464
0.038983214
0.016815656
0.13343252
0.1323178
0.13007507
0.12706615
0.1235321
0.11954418
0.11499171
0.10962052
0.10308479
0.094987812
0.084907477
0.072418516
0.057148979
0.038982984
0.016815659
0.13343647
0.13232163
0.13007867
0.12706936
0.12353477
0.1195462
0.11499301
0.10962116
0.10308487
0.094987475
0.084906911
0.072417913
0.057148512
0.038982765
0.016815662
0.13344052
0.13232554
0.13008231
0.1270726
0.12353745
0.1195482
0.11499431
0.10962179
0.10308494
0.094987153
0.08490637
0.072417338
0.05714807
0.03898256
0.016815665
0.13344469
0.13232955
0.13008603
0.12707588
0.12354015
0.11955022
0.11499562
0.10962244
0.10308504
0.094986862
0.084905867
0.072416803
0.057147659
0.038982371
0.016815668
0.13344897
0.13233366
0.13008983
0.12707922
0.12354289
0.11955226
0.11499695
0.10962311
0.10308518
0.094986613
0.08490541
0.072416313
0.057147284
0.038982202
0.016815672
0.13345334
0.13233786
0.13009371
0.12708262
0.12354567
0.11955434
0.11499831
0.10962382
0.10308535
0.094986408
0.084905002
0.072415869
0.057146945
0.038982051
0.016815676
0.13345779
0.13234212
0.13009764
0.12708606
0.12354849
0.11955645
0.1149997
0.10962456
0.10308556
0.094986245
0.084904638
0.072415468
0.057146641
0.038981917
0.016815682
0.13346225
0.13234641
0.1301016
0.12708952
0.12355132
0.11955857
0.1150011
0.10962532
0.10308579
0.094986116
0.084904313
0.072415104
0.057146366
0.038981799
0.016815688
0.1334667
0.13235069
0.13010554
0.12709297
0.12355414
0.11956068
0.1150025
0.10962608
0.10308604
0.094986007
0.084904014
0.07241477
0.057146115
0.038981694
0.016815696
0.13347105
0.13235489
0.13010941
0.12709636
0.1235569
0.11956274
0.11500387
0.10962682
0.10308628
0.094985902
0.084903728
0.072414453
0.057145881
0.038981597
0.016815704
0.13347527
0.13235896
0.13011318
0.12709965
0.12355958
0.11956473
0.11500518
0.10962751
0.10308649
0.094985783
0.08490344
0.072414142
0.057145656
0.038981506
0.016815713
0.13347928
0.13236285
0.13011677
0.12710279
0.12356213
0.11956662
0.1150064
0.10962814
0.10308665
0.094985632
0.084903134
0.072413825
0.057145431
0.038981417
0.016815722
0.13348304
0.1323665
0.13012016
0.12710575
0.12356452
0.11956836
0.1150075
0.10962868
0.10308674
0.094985429
0.084902795
0.072413489
0.057145198
0.038981324
0.01681573
0.1334865
0.13236987
0.13012329
0.12710847
0.1235667
0.11956993
0.11500846
0.10962909
0.10308674
0.094985158
0.084902408
0.072413124
0.05714495
0.038981226
0.016815739
0.13348963
0.13237292
0.13012612
0.12711093
0.12356865
0.1195713
0.11500925
0.10962937
0.10308663
0.094984805
0.084901963
0.07241272
0.057144681
0.038981119
0.016815747
0.1334924
0.13237564
0.13012865
0.12711311
0.12357035
0.11957245
0.11500986
0.10962951
0.1030864
0.09498436
0.084901451
0.072412272
0.057144387
0.038981001
0.016815753
0.13349479
0.13237799
0.13013083
0.12711498
0.12357179
0.11957338
0.11501027
0.10962948
0.10308605
0.094983817
0.084900867
0.072411775
0.057144064
0.038980872
0.016815759
0.13349681
0.13237998
0.13013268
0.12711655
0.12357295
0.11957406
0.11501048
0.10962928
0.10308556
0.094983173
0.084900209
0.072411228
0.057143711
0.038980729
0.016815763
0.13349847
0.13238162
0.1301342
0.12711781
0.12357383
0.11957451
0.1150105
0.10962893
0.10308495
0.094982431
0.084899479
0.072410632
0.05714333
0.038980574
0.016815766
0.13349978
0.13238292
0.13013539
0.12711877
0.12357446
0.11957474
0.11501032
0.10962842
0.10308421
0.094981596
0.084898682
0.072409991
0.057142922
0.038980408
0.016815766
0.13350078
0.13238391
0.13013629
0.12711946
0.12357484
0.11957475
0.11500997
0.10962777
0.10308336
0.094980678
0.084897826
0.072409312
0.057142492
0.038980233
0.016815766
0.13350149
0.13238462
0.13013691
0.1271199
0.123575
0.11957457
0.11500946
0.10962699
0.10308241
0.094979688
0.084896921
0.0724086
0.057142043
0.038980051
0.016815764
0.13350196
0.13238509
0.13013731
0.12712012
0.12357496
0.11957422
0.11500881
0.1096261
0.10308138
0.094978642
0.084895977
0.072407865
0.057141583
0.038979863
0.01681576
0.13350223
0.13238535
0.1301375
0.12712016
0.12357475
0.11957373
0.11500805
0.10962512
0.10308029
0.094977553
0.084895009
0.072407117
0.057141116
0.038979674
0.016815755
0.13350235
0.13238545
0.13013753
0.12712004
0.1235744
0.11957312
0.11500719
0.10962407
0.10307915
0.094976437
0.084894027
0.072406364
0.057140649
0.038979485
0.016815749
0.13350235
0.13238543
0.13013743
0.1271198
0.12357395
0.11957243
0.11500627
0.10962298
0.10307799
0.094975308
0.084893044
0.072405616
0.057140187
0.038979299
0.016815743
0.13350227
0.13238532
0.13013725
0.12711947
0.12357343
0.11957167
0.1150053
0.10962186
0.10307681
0.094974182
0.084892071
0.072404881
0.057139736
0.038979118
0.016815736
0.13350214
0.13238517
0.13013701
0.12711909
0.12357285
0.11957087
0.1150043
0.10962073
0.10307564
0.09497307
0.084891118
0.072404165
0.057139299
0.038978944
0.016815728
0.133502
0.13238499
0.13013675
0.12711868
0.12357225
0.11957006
0.1150033
0.10961961
0.10307448
0.094971981
0.084890192
0.072403475
0.057138882
0.038978779
0.016815721
0.13350187
0.13238481
0.13013647
0.12711826
0.12357163
0.11956924
0.11500231
0.10961851
0.10307335
0.094970925
0.084889299
0.072402814
0.057138485
0.038978625
0.016815713
0.13350176
0.13238464
0.13013621
0.12711784
0.12357103
0.11956844
0.11500133
0.10961743
0.10307226
0.094969906
0.084888443
0.072402185
0.057138111
0.038978481
0.016815706
0.13350168
0.1323845
0.13013596
0.12711744
0.12357044
0.11956765
0.11500038
0.10961638
0.1030712
0.094968927
0.084887626
0.07240159
0.05713776
0.038978349
0.016815699
0.13350163
0.13238439
0.13013574
0.12711707
0.12356987
0.11956689
0.11499946
0.10961537
0.10307018
0.094967989
0.084886848
0.072401027
0.057137431
0.038978226
0.016815693
0.13350161
0.13238431
0.13013555
0.12711671
0.12356932
0.11956615
0.11499858
0.10961439
0.1030692
0.094967091
0.084886108
0.072400495
0.057137124
0.038978114
0.016815687
0.13350162
0.13238426
0.13013537
0.12711638
0.1235688
0.11956544
0.11499771
0.10961345
0.10306825
0.094966229
0.084885402
0.072399993
0.057136837
0.038978011
0.016815682
0.13350164
0.13238421
0.13013521
0.12711606
0.12356829
0.11956475
0.11499688
0.10961253
0.10306734
0.0949654
0.084884726
0.072399515
0.057136567
0.038977915
0.016815677
0.13350166
0.13238418
0.13013506
0.12711574
0.12356779
0.11956407
0.11499606
0.10961164
0.10306645
0.094964599
0.084884077
0.07239906
0.057136312
0.038977825
0.016815672
0.13350167
0.13238412
0.13013489
0.12711542
0.12356729
0.11956339
0.11499525
0.10961076
0.10306559
0.09496382
0.084883449
0.072398622
0.057136069
0.038977741
0.016815668
0.13350165
0.13238405
0.1301347
0.12711507
0.12356677
0.11956271
0.11499444
0.10960989
0.10306473
0.094963056
0.084882837
0.072398198
0.057135835
0.03897766
0.016815664
0.13350158
0.13238393
0.13013448
0.1271147
0.12356623
0.11956202
0.11499363
0.10960902
0.10306389
0.094962303
0.084882236
0.072397784
0.057135608
0.038977582
0.01681566
0.13350146
0.13238375
0.13013421
0.12711429
0.12356566
0.1195613
0.1149928
0.10960815
0.10306304
0.094961555
0.084881642
0.072397376
0.057135385
0.038977505
0.016815656
0.13350126
0.13238351
0.13013388
0.12711383
0.12356505
0.11956055
0.11499195
0.10960727
0.10306219
0.094960808
0.084881051
0.072396972
0.057135164
0.038977428
0.016815652
0.13350097
0.13238319
0.13013347
0.12711331
0.12356439
0.11955976
0.11499108
0.10960637
0.10306134
0.094960058
0.08488046
0.072396568
0.057134944
0.038977351
0.016815648
0.1335006
0.13238279
0.130133
0.12711272
0.12356368
0.11955894
0.11499018
0.10960545
0.10306047
0.094959302
0.084879866
0.072396162
0.057134721
0.038977271
0.016815644
0.13350014
0.1323823
0.13013244
0.12711206
0.12356291
0.11955807
0.11498925
0.10960452
0.10305959
0.094958539
0.084879267
0.072395753
0.057134496
0.03897719
0.01681564
0.13349957
0.13238172
0.1301318
0.12711133
0.12356208
0.11955715
0.11498828
0.10960355
0.10305869
0.094957767
0.084878664
0.072395341
0.057134268
0.038977107
0.016815635
0.13349892
0.13238104
0.13013107
0.12711053
0.12356119
0.11955619
0.11498728
0.10960257
0.10305778
0.094956987
0.084878055
0.072394924
0.057134037
0.038977021
0.01681563
0.13349817
0.13238028
0.13013027
0.12710966
0.12356024
0.11955518
0.11498626
0.10960157
0.10305686
0.0949562
0.084877442
0.072394505
0.057133804
0.038976935
0.016815624
0.13349734
0.13237944
0.13012939
0.12710873
0.12355925
0.11955414
0.1149852
0.10960055
0.10305593
0.094955409
0.084876828
0.072394085
0.057133569
0.038976847
0.016815618
0.13349643
0.13237853
0.13012845
0.12710773
0.1235582
0.11955306
0.11498412
0.10959951
0.10305499
0.094954616
0.084876213
0.072393665
0.057133335
0.03897676
0.016815612
0.13349546
0.13237755
0.13012744
0.12710669
0.12355712
0.11955195
0.11498302
0.10959847
0.10305406
0.094953825
0.084875603
0.072393249
0.057133103
0.038976673
0.016815606
0.13349444
0.13237652
0.13012639
0.12710561
0.123556
0.11955082
0.11498191
0.10959742
0.10305312
0.09495304
0.084875
0.072392839
0.057132875
0.038976588
0.016815599
0.13349337
0.13237544
0.1301253
0.12710449
0.12355486
0.11954968
0.1149808
0.10959638
0.10305219
0.094952266
0.084874407
0.072392438
0.057132653
0.038976506
0.016815592
0.13349226
0.13237434
0.13012418
0.12710335
0.12355371
0.11954853
0.11497968
0.10959535
0.10305128
0.094951507
0.084873829
0.072392049
0.057132439
0.038976428
0.016815585
0.13349114
0.13237321
0.13012304
0.12710219
0.12355255
0.11954738
0.11497858
0.10959432
0.10305038
0.094950767
0.084873269
0.072391675
0.057132234
0.038976353
0.016815578
0.13349001
0.13237207
0.13012189
0.12710103
0.12355138
0.11954623
0.11497749
0.10959332
0.1030495
0.094950049
0.08487273
0.072391316
0.05713204
0.038976284
0.016815571
0.13348887
0.13237093
0.13012074
0.12709988
0.12355023
0.1195451
0.11497641
0.10959234
0.10304865
0.094949357
0.084872212
0.072390976
0.057131858
0.038976221
0.016815564
0.13348775
0.13236981
0.13011961
0.12709874
0.1235491
0.119544
0.11497537
0.1095914
0.10304784
0.094948701
0.084871729
0.072390663
0.057131695
0.038976167
0.016815557
)
;

boundaryField
{
    water_inlet
    {
        type            calculated;
        value           uniform 0.041850807;
    }
    water_outlet
    {
        type            calculated;
        value           nonuniform List<scalar> 
15
(
0.13348775
0.13236981
0.13011961
0.12709874
0.1235491
0.119544
0.11497537
0.1095914
0.10304784
0.094948701
0.084871729
0.072390663
0.057131695
0.038976167
0.016815557
)
;
    }
    water_wedge1
    {
        type            wedge;
    }
    water_wedge2
    {
        type            wedge;
    }
    water_to_rock
    {
        type            compressible::alphatWallFunction;
        value           nonuniform List<scalar> 
400
(
0.0015669952
0.0018471873
0.0020481781
0.0021849324
0.0022719934
0.0023219691
0.0023451352
0.002349516
0.0023411805
0.0023246084
0.0023030479
0.0022788257
0.0022535946
0.0022285216
0.0022044242
0.0021818671
0.0021612267
0.0021427337
0.0021265001
0.0021125379
0.0021007745
0.0020910676
0.0020832228
0.0020770122
0.0020721935
0.0020685265
0.0020657873
0.0020637767
0.0020623249
0.0020612926
0.0020605688
0.0020600677
0.0020597245
0.0020594917
0.0020593354
0.002059232
0.002059166
0.0020591278
0.002059112
0.002059116
0.0020591394
0.0020591829
0.0020592479
0.0020593363
0.0020594498
0.00205959
0.0020597584
0.0020599561
0.002060184
0.0020604427
0.0020607324
0.0020610532
0.002061405
0.0020617874
0.0020622
0.0020626421
0.0020631131
0.0020636121
0.0020641383
0.0020646908
0.0020652687
0.0020658712
0.0020664969
0.0020671447
0.002067813
0.0020685006
0.0020692061
0.0020699281
0.002070666
0.0020714189
0.0020721861
0.0020729673
0.0020737621
0.0020745699
0.0020753902
0.0020762224
0.0020770658
0.00207792
0.0020787845
0.0020796586
0.0020805418
0.0020814336
0.0020823333
0.0020832404
0.0020841544
0.0020850748
0.0020860009
0.0020869323
0.0020878685
0.0020888089
0.002089753
0.0020907003
0.0020916503
0.0020926025
0.0020935563
0.0020945114
0.0020954671
0.0020964231
0.0020973786
0.0020983334
0.0020992868
0.0021002383
0.0021011874
0.0021021335
0.0021030761
0.0021040145
0.0021049482
0.0021058765
0.0021067987
0.0021077142
0.0021086223
0.0021095221
0.002110413
0.0021112941
0.0021121645
0.0021130235
0.0021138701
0.0021147034
0.0021155224
0.0021163264
0.0021171143
0.0021178851
0.0021186381
0.0021193722
0.0021200866
0.0021207805
0.0021214531
0.0021221036
0.0021227313
0.0021233357
0.0021239161
0.0021244721
0.0021250033
0.0021255093
0.00212599
0.0021264452
0.0021268747
0.0021272787
0.0021276572
0.0021280104
0.0021283385
0.0021286418
0.0021289208
0.0021291759
0.0021294075
0.0021296163
0.0021298027
0.0021299676
0.0021301115
0.0021302351
0.0021303392
0.0021304246
0.0021304919
0.002130542
0.0021305757
0.0021305937
0.0021305968
0.0021305858
0.0021305614
0.0021305246
0.0021304759
0.0021304161
0.002130346
0.0021302662
0.0021301775
0.0021300805
0.0021299758
0.0021298641
0.002129746
0.002129622
0.0021294926
0.0021293582
0.0021292192
0.002129076
0.0021289291
0.0021287789
0.002128626
0.0021284708
0.0021283137
0.0021281552
0.0021279956
0.0021278353
0.0021276746
0.002127514
0.0021273535
0.0021271936
0.0021270346
0.0021268765
0.0021267198
0.0021265644
0.0021264108
0.002126259
0.0021261092
0.0021259615
0.0021258161
0.0021256731
0.0021255326
0.0021253947
0.0021252595
0.002125127
0.0021249974
0.0021248708
0.002124747
0.0021246262
0.0021245085
0.0021243939
0.0021242823
0.0021241738
0.0021240684
0.0021239662
0.002123867
0.002123771
0.002123678
0.0021235882
0.0021235014
0.0021234177
0.0021233369
0.0021232592
0.0021231844
0.0021231126
0.0021230436
0.0021229775
0.0021229141
0.0021228536
0.0021227957
0.0021227406
0.002122688
0.002122638
0.0021225905
0.0021225456
0.002122503
0.0021224628
0.0021224249
0.0021223892
0.0021223558
0.0021223245
0.0021222952
0.002122268
0.0021222428
0.0021222194
0.0021221979
0.0021221782
0.0021221601
0.0021221438
0.0021221291
0.0021221159
0.0021221043
0.0021220941
0.0021220853
0.0021220779
0.0021220719
0.0021220671
0.0021220635
0.0021220611
0.0021220598
0.0021220596
0.0021220603
0.002122062
0.0021220646
0.002122068
0.0021220722
0.0021220771
0.0021220826
0.0021220887
0.0021220955
0.0021221028
0.0021221106
0.002122119
0.0021221279
0.0021221373
0.0021221471
0.0021221575
0.0021221682
0.0021221794
0.0021221909
0.0021222027
0.0021222147
0.0021222269
0.0021222393
0.0021222518
0.0021222643
0.0021222768
0.0021222892
0.0021223014
0.0021223136
0.0021223256
0.0021223374
0.0021223492
0.0021223607
0.0021223722
0.0021223837
0.0021223951
0.0021224066
0.0021224181
0.0021224297
0.0021224413
0.0021224531
0.0021224649
0.0021224767
0.0021224885
0.0021225002
0.0021225118
0.0021225232
0.0021225343
0.002122545
0.0021225554
0.0021225653
0.0021225747
0.0021225836
0.002122592
0.0021225999
0.0021226074
0.0021226145
0.0021226213
0.0021226279
0.0021226342
0.0021226405
0.0021226467
0.0021226529
0.0021226592
0.0021226655
0.0021226719
0.0021226784
0.0021226848
0.0021226913
0.0021226976
0.0021227038
0.0021227098
0.0021227154
0.0021227208
0.0021227257
0.0021227303
0.0021227343
0.0021227379
0.002122741
0.0021227437
0.002122746
0.0021227479
0.0021227496
0.002122751
0.0021227523
0.0021227534
0.0021227546
0.0021227557
0.0021227568
0.0021227581
0.0021227594
0.0021227608
0.0021227622
0.0021227638
0.0021227653
0.0021227668
0.0021227683
0.0021227696
0.0021227708
0.0021227719
0.0021227728
0.0021227734
0.0021227738
0.002122774
0.0021227739
0.0021227737
0.0021227732
0.0021227726
0.0021227719
0.002122771
0.0021227701
0.0021227691
0.0021227681
0.0021227671
0.0021227661
0.0021227652
0.0021227643
0.0021227634
0.0021227626
0.0021227619
0.0021227612
0.0021227605
0.0021227598
0.0021227592
0.0021227585
0.0021227579
0.0021227572
0.0021227564
0.0021227557
0.0021227548
0.0021227539
0.002122753
0.002122752
0.002122751
0.0021227499
0.0021227488
0.0021227477
0.0021227466
0.0021227454
0.0021227443
0.0021227432
0.0021227421
0.0021227411
0.00212274
)
;
    }
}


// ************************************************************************* //
