/*--------------------------------*- C++ -*----------------------------------*\
| =========                 |                                                 |
| \\      /  F ield         | OpenFOAM: The Open Source CFD Toolbox           |
|  \\    /   O peration     | Version:  2506                                  |
|   \\  /    A nd           | Website:  www.openfoam.com                      |
|    \\/     M anipulation  |                                                 |
\*---------------------------------------------------------------------------*/
FoamFile
{
    version     2.0;
    format      ascii;
    arch        "LSB;label=32;scalar=64";
    class       volScalarField;
    location    "18000/water";
    object      epsilon;
}
// * * * * * * * * * * * * * * * * * * * * * * * * * * * * * * * * * * * * * //

dimensions      [0 2 -3 0 0 0 0];

internalField   nonuniform List<scalar> 
6000
(
0.00010005327
0.00010005311
0.00010005314
0.00010005327
0.00010005342
0.00010005363
0.0001000539
0.00010005427
0.00010005511
0.00010005982
0.00010010144
0.00010049509
0.00010424183
0.00014354191
0.00073980483
8.5785229e-05
8.5785556e-05
8.5786111e-05
8.5786982e-05
8.5788138e-05
8.5789633e-05
8.5791527e-05
8.5794043e-05
8.5798789e-05
8.581901e-05
8.5962524e-05
8.7071869e-05
9.5619929e-05
0.00016974081
0.0010520452
7.4267219e-05
7.4268013e-05
7.426896e-05
7.4270365e-05
7.4272213e-05
7.4274585e-05
7.4277581e-05
7.4281747e-05
7.4291154e-05
7.4336305e-05
7.4633748e-05
7.6634978e-05
9.0041816e-05
0.00019500629
0.0013270628
6.4852864e-05
6.485355e-05
6.4854661e-05
6.4856389e-05
6.4858676e-05
6.4861616e-05
6.4865387e-05
6.4871112e-05
6.4886838e-05
6.4967364e-05
6.5458677e-05
6.84101e-05
8.6285087e-05
0.00021715658
0.0015411415
5.7072087e-05
5.7072704e-05
5.7073918e-05
5.7075861e-05
5.7078448e-05
5.7081784e-05
5.7086167e-05
5.7093598e-05
5.7117581e-05
5.7242267e-05
5.7947685e-05
6.180797e-05
8.3505097e-05
0.0002348614
0.0016895689
5.0576692e-05
5.0577312e-05
5.0578592e-05
5.0580667e-05
5.0583434e-05
5.0587016e-05
5.0591882e-05
5.0601216e-05
5.0635234e-05
5.0810032e-05
5.1732149e-05
5.6406881e-05
8.1259069e-05
0.00024828861
0.0017792142
4.5104569e-05
4.5105188e-05
4.5106499e-05
4.5108638e-05
4.5111496e-05
4.5115213e-05
4.5120483e-05
4.5131961e-05
4.5177479e-05
4.5405527e-05
4.6535255e-05
5.1917397e-05
7.9376731e-05
0.00025838324
0.0018218943
4.0455895e-05
4.0456503e-05
4.045782e-05
4.0459977e-05
4.0462859e-05
4.0466628e-05
4.0472257e-05
4.0486117e-05
4.0544208e-05
4.0826355e-05
4.2148994e-05
4.8144563e-05
7.7837439e-05
0.00026629433
0.0018300463
3.6476506e-05
3.6477102e-05
3.6478406e-05
3.6480546e-05
3.6483399e-05
3.6487156e-05
3.6493116e-05
3.6509564e-05
3.6580944e-05
3.6916576e-05
3.8416896e-05
4.4958845e-05
7.6693461e-05
0.00027309124
0.0018145574
3.304611e-05
3.3046691e-05
3.304797e-05
3.3050065e-05
3.3052847e-05
3.3056537e-05
3.3062809e-05
3.3082024e-05
3.3167159e-05
3.3555102e-05
3.5220975e-05
4.2274823e-05
7.6025068e-05
0.00027965054
0.0017840405
3.0069857e-05
3.007042e-05
3.0071664e-05
3.0073692e-05
3.0076366e-05
3.0079941e-05
3.0086514e-05
3.0108667e-05
3.0207924e-05
3.0647227e-05
3.2471858e-05
4.0036357e-05
7.5917105e-05
0.00028663427
0.001744886
2.7472233e-05
2.7472777e-05
2.7473976e-05
2.7475917e-05
2.747845e-05
2.7481869e-05
2.7488744e-05
2.7514021e-05
2.7627825e-05
2.8118369e-05
3.010146e-05
3.820687e-05
7.6449192e-05
0.00029450875
0.0017016307
2.5192577e-05
2.5193098e-05
2.5194246e-05
2.5196082e-05
2.5198442e-05
2.520167e-05
2.520887e-05
2.5237507e-05
2.5366478e-05
2.5909414e-05
2.805763e-05
3.6763308e-05
7.7693097e-05
0.0003035735
0.00165739
2.3181748e-05
2.3182245e-05
2.3183333e-05
2.3185048e-05
2.3187207e-05
2.3190219e-05
2.3197794e-05
2.323011e-05
2.3375184e-05
2.3973213e-05
2.6300284e-05
3.5692527e-05
7.9712907e-05
0.00031398658
0.0016142425
2.1399629e-05
2.14001e-05
2.140112e-05
2.1402697e-05
2.140463e-05
2.1407412e-05
2.1415452e-05
2.1451882e-05
2.1614405e-05
2.2271964e-05
2.4798652e-05
3.4989203e-05
8.2565442e-05
0.00032578296
0.0015735325
1.9813231e-05
1.9813672e-05
1.9814616e-05
1.981604e-05
1.9817725e-05
1.9820279e-05
1.9828922e-05
1.9870043e-05
2.0051847e-05
2.0775227e-05
2.3529325e-05
3.4654636e-05
8.6299521e-05
0.00033888748
0.0015360911
1.8395236e-05
1.8395645e-05
1.8396506e-05
1.8397761e-05
1.8399183e-05
1.8401531e-05
1.8410972e-05
1.8457531e-05
1.8660989e-05
1.9458432e-05
2.2474895e-05
3.4695971e-05
9.095345e-05
0.00035312607
0.0015023901
1.7122886e-05
1.7123259e-05
1.7124028e-05
1.7125102e-05
1.712625e-05
1.7128438e-05
1.7138942e-05
1.7191872e-05
1.7419954e-05
1.8301752e-05
2.1622992e-05
3.5125546e-05
9.6550686e-05
0.00036823944
0.0014726449
1.5977101e-05
1.5977436e-05
1.5978105e-05
1.5978984e-05
1.5979859e-05
1.598196e-05
1.5993865e-05
1.6054312e-05
1.6310628e-05
1.7289248e-05
2.0965619e-05
3.5960111e-05
0.00010309413
0.00038390222
0.0014468811
1.4941799e-05
1.4942091e-05
1.4942652e-05
1.4943329e-05
1.494394e-05
1.4946058e-05
1.4959787e-05
1.5029124e-05
1.5317979e-05
1.6408225e-05
2.049868e-05
3.7219755e-05
0.00011055991
0.00039974861
0.00142498
1.4003348e-05
1.4003595e-05
1.4004041e-05
1.4004511e-05
1.400488e-05
1.4007153e-05
1.402322e-05
1.4103071e-05
1.442952e-05
1.5648751e-05
2.0221625e-05
3.8926414e-05
0.00011889194
0.00041540307
0.0014067117
1.3150142e-05
1.315034e-05
1.3150665e-05
1.3150927e-05
1.315109e-05
1.3153695e-05
1.3172714e-05
1.3264971e-05
1.3634892e-05
1.5003284e-05
2.0137155e-05
4.1101901e-05
0.00012799852
0.0004305123
0.0013917631
1.2372247e-05
1.2372393e-05
1.2372592e-05
1.237265e-05
1.2372659e-05
1.2375814e-05
1.2398506e-05
1.2505359e-05
1.2925534e-05
1.446641e-05
2.0250947e-05
4.3765469e-05
0.00013775238
0.00044477369
0.0013797649
1.1661123e-05
1.1661215e-05
1.1661286e-05
1.166115e-05
1.1661074e-05
1.1665043e-05
1.1692246e-05
1.1816209e-05
1.2294425e-05
1.4034634e-05
2.0571326e-05
4.6930996e-05
0.00014799478
0.00045795585
0.0013703185
1.1009401e-05
1.1009437e-05
1.1009378e-05
1.1009066e-05
1.1008994e-05
1.101409e-05
1.104677e-05
1.1190715e-05
1.1735881e-05
1.3706238e-05
2.1108871e-05
5.0604014e-05
0.00015854368
0.00046990849
0.0013630208
1.0410692e-05
1.041067e-05
1.0410485e-05
1.0410022e-05
1.0410062e-05
1.0416652e-05
1.0455917e-05
1.0623112e-05
1.1245399e-05
1.3481165e-05
2.1875889e-05
5.4778859e-05
0.00016920526
0.00048056142
0.0013574861
9.8594384e-06
9.8593586e-06
9.8590515e-06
9.8584721e-06
9.8587577e-06
9.8672657e-06
9.9143754e-06
1.0108535e-05
1.0819533e-05
1.3360938e-05
2.2885735e-05
5.9436317e-05
0.00017978706
0.00048991474
0.001353362
9.3507874e-06
9.3506504e-06
9.3502304e-06
9.3495787e-06
9.3502669e-06
9.3611826e-06
9.4175684e-06
9.6428999e-06
1.045581e-05
1.3348574e-05
2.4151946e-05
6.4542151e-05
0.00019011095
0.00049802341
0.0013503406
8.8804873e-06
8.8802951e-06
8.8797751e-06
8.879106e-06
8.8803818e-06
8.8942644e-06
8.9615474e-06
9.2228179e-06
1.0152655e-05
1.3448503e-05
2.5687206e-05
7.0046824e-05
0.00020002406
0.00050498001
0.0013481619
8.4448007e-06
8.4445568e-06
8.4439543e-06
8.4433345e-06
8.4454129e-06
8.4628989e-06
8.5429123e-06
8.8455163e-06
9.9093487e-06
1.3666457e-05
2.7502143e-05
7.588662e-05
0.00020940613
0.0005108985
0.0013466143
8.0404324e-06
8.0401416e-06
8.0394792e-06
8.0389884e-06
8.0421174e-06
8.0639293e-06
8.1587433e-06
8.508784e-06
9.7259953e-06
1.4009323e-05
2.9604058e-05
8.1986182e-05
0.00021817297
0.000515901
0.00134553
7.664468e-06
7.6641372e-06
7.663443e-06
7.6631755e-06
7.6676392e-06
7.6945949e-06
7.8065457e-06
8.2109262e-06
9.6034999e-06
1.4484935e-05
3.1995646e-05
8.8262228e-05
0.00022627582
0.0005201082
0.0013447796
7.3143234e-06
7.3139614e-06
7.3132697e-06
7.3133352e-06
7.319458e-06
7.3524816e-06
7.4842048e-06
7.950732e-06
9.5435554e-06
1.5101802e-05
3.4673864e-05
9.4628078e-05
0.00023369766
0.00052363336
0.0013442658
6.9877006e-06
6.9873184e-06
6.9866703e-06
6.9871959e-06
6.9953468e-06
7.0354818e-06
7.1899496e-06
7.7274515e-06
9.5486283e-06
1.5868742e-05
3.7629068e-05
0.00010099842
0.00024044745
0.00052657911
0.0013439174
6.6825513e-06
6.6821625e-06
6.6816065e-06
6.6827386e-06
6.6933357e-06
6.741759e-06
6.9223234e-06
7.5407805e-06
9.6219392e-06
1.6794438e-05
4.0844541e-05
0.00010729381
0.00024655353
0.00052903629
0.0013436835
6.3970453e-06
6.396666e-06
6.3962591e-06
6.3981651e-06
6.411682e-06
6.4697206e-06
6.6801611e-06
7.3908531e-06
9.7674313e-06
1.7886905e-05
4.4296529e-05
0.00011344428
0.00025205715
0.0005310841
0.0013435288
6.1295436e-06
6.129193e-06
6.129001e-06
6.1318719e-06
6.1488438e-06
6.2179935e-06
6.4625723e-06
7.2782395e-06
9.9897187e-06
1.9152894e-05
4.7954808e-05
0.00011939198
0.0002570069
0.00053279086
0.0013434302
5.8785752e-06
5.8782757e-06
5.8783746e-06
5.8824275e-06
5.903459e-06
5.9854055e-06
6.2689287e-06
7.2039478e-06
1.0294006e-05
2.0597266e-05
5.1783772e-05
0.00012509231
0.00026145422
0.00053421506
0.001343373
5.6428172e-06
5.642595e-06
5.6430719e-06
5.6485531e-06
5.6743264e-06
5.7709695e-06
6.0988564e-06
7.1694287e-06
1.0685974e-05
2.2222385e-05
5.5743957e-05
0.00013051409
0.00026545026
0.00053540647
0.0013433493
5.4210776e-06
5.4209629e-06
5.4219174e-06
5.4291059e-06
5.4603909e-06
5.5738715e-06
5.9522322e-06
7.1765787e-06
1.1171622e-05
2.4027579e-05
5.9793835e-05
0.00013563849
0.00026904378
0.00053640725
0.0013433553
5.2122808e-06
5.2123081e-06
5.2138535e-06
5.2230651e-06
5.26073e-06
5.3934608e-06
5.8291825e-06
7.2277422e-06
1.1757062e-05
2.6008735e-05
6.3891719e-05
0.00014045745
0.00027228005
0.00053725289
0.0013433902
5.0154542e-06
5.0156629e-06
5.0179281e-06
5.0295196e-06
5.0745437e-06
5.2292435e-06
5.7300867e-06
7.3257058e-06
1.2448271e-05
2.8158068e-05
6.7997575e-05
0.00014497164
0.00027520025
0.00053797313
0.0013434553
4.8297171e-06
4.8301524e-06
4.8332834e-06
4.847658e-06
4.9011459e-06
5.0808782e-06
5.6555823e-06
7.4736832e-06
1.3250796e-05
3.0464119e-05
7.2074575e-05
0.00014918835
0.00027784139
0.00053859275
0.0013435527
4.654271e-06
4.6549842e-06
4.6591465e-06
4.6767597e-06
4.739957e-06
4.9481738e-06
5.6065719e-06
7.675286e-06
1.4169424e-05
3.2911986e-05
7.6090276e-05
0.00015311953
0.00028023648
0.00053913229
0.0013436849
4.4883913e-06
4.4894404e-06
4.4948214e-06
4.5161875e-06
4.5904991e-06
4.8310889e-06
5.5842316e-06
7.9344756e-06
1.5207848e-05
3.5483782e-05
8.001736e-05
0.00015678017
0.00028241474
0.00053960872
0.0013438547
4.3314193e-06
4.3328703e-06
4.3396818e-06
4.3653818e-06
4.452392e-06
4.7297343e-06
5.5900196e-06
8.2554924e-06
1.6368331e-05
3.8159287e-05
8.3833932e-05
0.00016018692
0.00028440196
0.00054003599
0.0013440645
4.1827562e-06
4.1846838e-06
4.1931653e-06
4.2238553e-06
4.3253508e-06
4.6443763e-06
5.6256833e-06
8.6427599e-06
1.7651409e-05
4.0916739e-05
8.7523433e-05
0.00016335711
0.00028622083
0.00054042551
0.0013443165
4.0418571e-06
4.0443457e-06
4.0547683e-06
4.0911891e-06
4.2091847e-06
4.5754417e-06
5.693263e-06
9.10076e-06
1.9055658e-05
4.3733691e-05
9.1074255e-05
0.00016630804
0.00028789123
0.00054078658
0.0013446125
3.9082261e-06
3.9113713e-06
3.9240414e-06
3.96703e-06
4.103797e-06
4.5235248e-06
5.7950909e-06
9.6338803e-06
2.0577552e-05
4.658786e-05
9.4479149e-05
0.00016905655
0.0002894306
0.00054112679
0.0013449537
3.781412e-06
3.7853219e-06
3.8005859e-06
3.8510876e-06
4.0091864e-06
4.4893953e-06
5.9337827e-06
1.0246237e-05
2.2211424e-05
4.9457896e-05
9.7734538e-05
0.00017161867
0.00029085417
0.00054145227
0.001345341
3.6610043e-06
3.6658014e-06
3.6840513e-06
3.7431338e-06
3.9254494e-06
4.4740067e-06
6.1122182e-06
1.0941479e-05
2.3949551e-05
5.2324021e-05
0.00010083981
0.0001740095
0.00029217524
0.00054176798
0.0013457749
3.5466302e-06
3.5524531e-06
3.5741321e-06
3.6430016e-06
3.8527838e-06
4.4785051e-06
6.3335103e-06
1.172258e-05
2.5782348e-05
5.5168498e-05
0.00010379664
0.00017624311
0.00029340545
0.00054207792
0.0013462556
3.4379516e-06
3.4449572e-06
3.470567e-06
3.5505856e-06
3.7914931e-06
4.5042378e-06
6.600958e-06
1.2591637e-05
2.7698674e-05
5.7975926e-05
0.00010660842
0.00017833256
0.00029455494
0.00054238527
0.0013467828
3.3346627e-06
3.3430286e-06
3.373137e-06
3.4658429e-06
3.7419925e-06
4.5527599e-06
6.9179828e-06
1.3549688e-05
2.9686211e-05
6.0733357e-05
0.00010927977
0.00018028983
0.00029563258
0.00054269259
0.001347356
3.2364878e-06
3.2464154e-06
3.281665e-06
3.3887949e-06
3.7048152e-06
4.6258384e-06
7.2880455e-06
1.4596555e-05
3.1731891e-05
6.3430277e-05
0.00011181611
0.00018212593
0.00029664614
0.0005430019
0.0013479746
3.1431799e-06
3.1548974e-06
3.1960156e-06
3.3195298e-06
3.6806199e-06
4.7254524e-06
7.7145469e-06
1.5730746e-05
3.382234e-05
6.6058467e-05
0.0001142234
0.00018385092
0.00029760241
0.00054331477
0.0013486378
3.0545192e-06
3.0682854e-06
3.1160958e-06
3.2582055e-06
3.6701986e-06
4.8537869e-06
8.2007094e-06
1.6949409e-05
3.5944302e-05
6.8611787e-05
0.00011650785
0.00018547397
0.00029850735
0.00054363246
0.0013493444
2.9703119e-06
2.9864203e-06
3.0418551e-06
3.2050543e-06
3.6744852e-06
5.0132197e-06
8.7494484e-06
1.8248349e-05
3.8085015e-05
7.1085926e-05
0.00011867579
0.00018700343
0.00029936619
0.00054395589
0.0013500934
2.8903898e-06
2.9091733e-06
2.9732878e-06
3.1603869e-06
3.6945633e-06
5.2062984e-06
9.363235e-06
1.9622123e-05
4.0232513e-05
7.3478131e-05
0.00012073351
0.00018844688
0.00030018354
0.00054428579
0.0013508836
2.8146096e-06
2.836446e-06
2.9104344e-06
3.1245986e-06
3.7316741e-06
5.4357064e-06
1.004396e-05
2.1064181e-05
4.2375859e-05
7.5786948e-05
0.00012268719
0.00018981121
0.00030096345
0.00054462266
0.0013517137
2.7428528e-06
2.7681709e-06
2.8533843e-06
3.098175e-06
3.7872216e-06
5.7042166e-06
1.079281e-05
2.256707e-05
4.4505285e-05
7.8011979e-05
0.00012454279
0.00019110267
0.0003017095
0.00054496684
0.0013525823
2.6750262e-06
2.7043127e-06
2.8022791e-06
3.0816992e-06
3.8627771e-06
6.0146318e-06
1.1610155e-05
2.4122665e-05
4.6612263e-05
8.0153673e-05
0.00012630606
0.00019232691
0.00030242478
0.00054531836
0.0013534882
2.6110622e-06
2.6448693e-06
2.7573159e-06
3.0758593e-06
3.9600781e-06
6.3697125e-06
1.2495478e-05
2.5722423e-05
4.8689514e-05
8.2213152e-05
0.00012798249
0.00019348922
0.00030311295
0.00054567958
0.0013544295
2.5509198e-06
2.5898742e-06
2.718752e-06
3.0814557e-06
4.0810247e-06
6.7720928e-06
1.3447327e-05
2.7357636e-05
5.0730962e-05
8.4192052e-05
0.00012957729
0.00019459431
0.00030377609
0.00054604532
0.0013554045
2.494586e-06
2.5393984e-06
2.6869098e-06
3.0994095e-06
4.2276674e-06
7.2241864e-06
1.4463315e-05
2.9019661e-05
5.2731649e-05
8.6092389e-05
0.00013109537
0.00019564635
0.00030441574
0.00054641398
0.001356411
2.4420772e-06
2.4935535e-06
2.6621824e-06
3.1307692e-06
4.4021887e-06
7.7280876e-06
1.5540154e-05
3.0700124e-05
5.468763e-05
8.7916448e-05
0.0001325413
0.00019664904
0.00030503329
0.00054678555
0.001357447
2.3934419e-06
2.4524951e-06
2.6450395e-06
3.1767179e-06
4.606876e-06
8.2854729e-06
1.6673738e-05
3.2391088e-05
5.6595867e-05
8.9666718e-05
0.00013391946
0.00019760628
0.00030563174
0.00054715702
0.0013585105
2.3487625e-06
2.4164266e-06
2.6360347e-06
3.2385776e-06
4.8440835e-06
8.8975081e-06
1.7859256e-05
3.408518e-05
5.8454117e-05
9.1345823e-05
0.00013523396
0.00019852138
0.00030621175
0.00054752793
0.0013595997
2.3081594e-06
2.3856042e-06
2.6358124e-06
3.3178122e-06
5.1161851e-06
9.5647683e-06
1.9091327e-05
3.5775672e-05
6.0260821e-05
9.2956451e-05
0.00013648859
0.0001993969
0.00030677292
0.00054790012
0.0013607134
2.2717941e-06
2.3603414e-06
2.6451157e-06
3.4160263e-06
5.4255162e-06
1.0287176e-05
2.0364155e-05
3.7456524e-05
6.2015e-05
9.4501291e-05
0.00013768677
0.00020023506
0.00030731595
0.0005482748
0.0013618503
2.2398737e-06
2.3410154e-06
2.6647937e-06
3.5349598e-06
5.7743069e-06
1.1063963e-05
2.167169e-05
3.9122402e-05
6.3716163e-05
9.5983028e-05
0.0001388318
0.00020103833
0.00030784122
0.00054865322
0.0013630097
2.2126561e-06
2.3280734e-06
2.6958092e-06
3.6764764e-06
6.1646078e-06
1.189366e-05
2.3007781e-05
4.0768661e-05
6.5364246e-05
9.7404399e-05
0.00013992712
0.00020180982
0.00030834747
0.00054903725
0.0013641909
2.1904555e-06
2.32204e-06
2.7392452e-06
3.8425461e-06
6.5982125e-06
1.2774116e-05
2.4366319e-05
4.2391323e-05
6.6959522e-05
9.8768018e-05
0.00014097539
0.00020254993
0.00030883711
0.00054942734
0.0013653934
2.1736491e-06
2.3235241e-06
2.7963109e-06
4.0352182e-06
7.0765794e-06
1.370254e-05
2.5741356e-05
4.398702e-05
6.8502524e-05
0.00010007635
0.0001419789
0.00020325984
0.00030931202
0.0005498234
0.0013666164
2.1626844e-06
2.3332282e-06
2.8683444e-06
4.2565876e-06
7.6007591e-06
1.4675575e-05
2.7127207e-05
4.5552949e-05
6.9993982e-05
0.00010133172
0.00014293979
0.00020394109
0.0003097737
0.00055022517
0.001367859
2.158087e-06
2.3519559e-06
2.9568139e-06
4.5087505e-06
8.1713301e-06
1.5689386e-05
2.8518525e-05
4.7086834e-05
7.1434897e-05
0.00010253684
0.00014386157
0.00020459275
0.00031022401
0.00055063281
0.0013691204
2.1604699e-06
2.3806209e-06
3.0633135e-06
4.7937524e-06
8.7883495e-06
1.6739762e-05
2.9910353e-05
4.8586858e-05
7.2826357e-05
0.00010369382
0.00014474502
0.00020521727
0.00031066403
0.00055104639
0.0013703998
2.1705425e-06
2.4202549e-06
3.1895554e-06
5.1135289e-06
9.4513216e-06
1.7822224e-05
3.1298154e-05
5.00516e-05
7.416948e-05
0.00010480453
0.00014559147
0.00020581671
0.00031109449
0.00055146583
0.0013716964
2.1891212e-06
2.472015e-06
3.3373545e-06
5.4698403e-06
1.0159186e-05
1.8932133e-05
3.2677818e-05
5.1479973e-05
7.5465397e-05
0.0001058707
0.00014640251
0.00020639288
0.00031151598
0.0005518909
0.0013730095
2.2171394e-06
2.5371894e-06
3.5086064e-06
5.8642047e-06
1.091033e-05
2.0064793e-05
3.4045679e-05
5.2871279e-05
7.6715685e-05
0.00010689531
0.0001471778
0.00020694761
0.00031192923
0.00055232138
0.0013743381
2.2556581e-06
2.6172001e-06
3.7052575e-06
6.2978309e-06
1.1702616e-05
2.1215542e-05
3.5398491e-05
5.4225043e-05
7.7921522e-05
0.00010787902
0.00014791972
0.00020748225
0.00031233485
0.00055275703
0.0013756814
2.3058756e-06
2.7136032e-06
3.9292659e-06
6.7715577e-06
1.2533434e-05
2.2379829e-05
3.6733396e-05
5.5540957e-05
7.908396e-05
0.00010882301
0.00014863031
0.00020799791
0.00031273333
0.0005531976
0.0013770387
2.3691364e-06
2.8280836e-06
4.1825543e-06
7.2858007e-06
1.3399764e-05
2.3553273e-05
3.8047917e-05
5.6818971e-05
8.0204411e-05
0.00010972814
0.00014931142
0.00020849561
0.00031312503
0.00055364281
0.0013784091
2.4469372e-06
2.9624436e-06
4.4669555e-06
7.840513e-06
1.4298251e-05
2.4731722e-05
3.9339956e-05
5.8059301e-05
8.1284454e-05
0.00011059497
0.00014996474
0.00020897636
0.0003135103
0.00055409235
0.0013797918
2.5409304e-06
3.1185851e-06
4.7841518e-06
8.4351605e-06
1.5225285e-05
2.5911276e-05
4.0607688e-05
5.926202e-05
8.2324492e-05
0.00011142552
0.00015059167
0.00020944105
0.00031388942
0.00055454591
0.0013811859
2.6529218e-06
3.2984819e-06
5.1356115e-06
9.0687146e-06
1.6177077e-05
2.7088293e-05
4.1849525e-05
6.0427216e-05
8.3325312e-05
0.00011222155
0.00015119344
0.00020989046
0.00031426262
0.00055500317
0.0013825907
2.7848624e-06
3.5041438e-06
5.5225247e-06
9.7396638e-06
1.7149747e-05
2.8259463e-05
4.3064377e-05
6.1556064e-05
8.4286604e-05
0.00011298473
0.00015177128
0.00021032528
0.00031463009
0.0005554638
0.0013840054
2.9388309e-06
3.737571e-06
5.9457437e-06
1.044604e-05
1.8139383e-05
2.9421735e-05
4.4251126e-05
6.2648238e-05
8.5209846e-05
0.00011371646
0.00015232628
0.00021074614
0.00031499199
0.00055592745
0.0013854292
3.1170067e-06
4.0006983e-06
6.4057298e-06
1.1185461e-05
1.9142099e-05
3.0572295e-05
4.5408721e-05
6.3703722e-05
8.609648e-05
0.00011441804
0.00015285945
0.00021115361
0.00031534843
0.00055639379
0.0013868613
3.3216292e-06
4.2953332e-06
6.9025133e-06
1.1955186e-05
2.0154122e-05
3.1708777e-05
4.6537129e-05
6.4721756e-05
8.6947831e-05
0.00011509069
0.00015337167
0.00021154817
0.0003156995
0.00055686247
0.001388301
3.5549455e-06
4.6230875e-06
7.4356652e-06
1.2752174e-05
2.1171787e-05
3.2828884e-05
4.7635203e-05
6.5703015e-05
8.7765084e-05
0.00011573555
0.00015386379
0.00021193028
0.00031604524
0.00055733313
0.0013897473
3.8191436e-06
4.9853069e-06
8.004287e-06
1.357315e-05
2.2191572e-05
3.393055e-05
4.8701864e-05
6.6648329e-05
8.8549332e-05
0.00011635365
0.00015433655
0.00021230032
0.0003163857
0.00055780543
0.0013911997
4.1162743e-06
5.3830034e-06
8.607019e-06
1.4414691e-05
2.3210257e-05
3.5012495e-05
4.9735685e-05
6.7558463e-05
8.9301627e-05
0.00011694596
0.00015479064
0.00021265864
0.00031672087
0.00055827899
0.0013926572
4.4481636e-06
5.8167929e-06
9.2420588e-06
1.527325e-05
2.4224617e-05
3.607241e-05
5.0736632e-05
6.8434124e-05
9.0022949e-05
0.00011751337
0.00015522666
0.00021300553
0.00031705073
0.00055875345
0.0013941192
4.8163209e-06
6.2868463e-06
9.907215e-06
1.6145326e-05
2.5232155e-05
3.7107807e-05
5.1704679e-05
6.9276001e-05
9.0714209e-05
0.00011805667
0.00015564517
0.00021334124
0.00031737524
0.00055922844
0.0013955849
5.2218485e-06
6.7928506e-06
1.0599935e-05
1.7027337e-05
2.6229794e-05
3.8117151e-05
5.2639823e-05
7.0084759e-05
9.1376253e-05
0.00011857661
0.00015604667
0.000213666
0.00031769433
0.00055970358
0.0013970535
5.6653621e-06
7.3340022e-06
1.1317445e-05
1.7916163e-05
2.7214022e-05
3.9099331e-05
5.3542101e-05
7.0861031e-05
9.2009863e-05
0.00011907386
0.00015643161
0.00021397998
0.0003180079
0.0005601785
0.0013985243
6.1469267e-06
7.9090065e-06
1.2056752e-05
1.880805e-05
2.8182133e-05
4.0053352e-05
5.4411584e-05
7.1605413e-05
9.2615758e-05
0.00011954903
0.00015680036
0.00021428332
0.00031831586
0.00056065279
0.0013999964
6.6660274e-06
8.5161463e-06
1.2814872e-05
1.9698972e-05
2.913184e-05
4.0978342e-05
5.5248369e-05
7.2318467e-05
9.3194597e-05
0.00012000265
0.00015715327
0.00021457612
0.00031861808
0.00056112607
0.0014014692
7.2216335e-06
9.1533919e-06
1.3587934e-05
2.0585549e-05
3.0061056e-05
4.1873534e-05
5.6052565e-05
7.3000712e-05
9.3746979e-05
0.00012043524
0.00015749064
0.00021485847
0.0003189144
0.00056159791
0.0014029417
7.8120131e-06
9.8178776e-06
1.4372271e-05
2.1464601e-05
3.0967892e-05
4.2738263e-05
5.6824296e-05
7.3652631e-05
9.4273443e-05
0.0001208472
0.0001578127
0.00021513039
0.00031920465
0.00056206791
0.0014044133
8.4347113e-06
1.0506398e-05
1.5164231e-05
2.2333161e-05
3.1850646e-05
4.3571951e-05
5.7563689e-05
7.4274663e-05
9.4774477e-05
0.00012123892
0.00015811967
0.0002153919
0.00031948864
0.00056253564
0.001405883
9.0867079e-06
1.1215456e-05
1.5960232e-05
2.3188488e-05
3.2707803e-05
4.4374105e-05
5.8270874e-05
7.4867211e-05
9.525051e-05
0.00012161073
0.00015841169
0.00021564297
0.00031976617
0.00056300065
0.0014073501
9.7645067e-06
1.1941339e-05
1.6756801e-05
2.4028075e-05
3.3538023e-05
4.5144308e-05
5.8945987e-05
7.543064e-05
9.5701923e-05
0.0001219629
0.0001586889
0.00021588355
0.000320037
0.00056346249
0.0014088137
1.0464241e-05
1.2680208e-05
1.7550618e-05
2.484965e-05
3.4340138e-05
4.5882223e-05
5.9589166e-05
7.596528e-05
9.6129048e-05
0.00012229567
0.00015895136
0.00021611356
0.00032030087
0.00056392069
0.0014102728
1.1181787e-05
1.3428172e-05
1.833854e-05
2.5651177e-05
3.5113152e-05
4.6587583e-05
6.0200554e-05
7.6471428e-05
9.6532173e-05
0.00012260921
0.00015919912
0.00021633288
0.00032055752
0.00056437476
0.0014117266
1.1912874e-05
1.4181366e-05
1.9117628e-05
2.6430858e-05
3.5856231e-05
4.7260199e-05
6.0780305e-05
7.6949356e-05
9.6911543e-05
0.00012290366
0.00015943219
0.00021654137
0.00032080664
0.00056482419
0.0014131741
1.2653194e-05
1.4936016e-05
1.9885165e-05
2.7187124e-05
3.6568701e-05
4.7899959e-05
6.1328585e-05
7.7399314e-05
9.726737e-05
0.00012317915
0.00015965054
0.00021673887
0.00032104792
0.00056526846
0.0014146144
1.3398501e-05
1.5688502e-05
2.0638668e-05
2.7918634e-05
3.7250044e-05
4.8506826e-05
6.1845579e-05
7.7821536e-05
9.7599834e-05
0.00012343573
0.00015985412
0.00021692518
0.00032128102
0.00056570704
0.0014160462
1.4144691e-05
1.64354e-05
2.1375893e-05
2.8624261e-05
3.7899895e-05
4.9080842e-05
6.2331495e-05
7.8216244e-05
9.7909088e-05
0.00012367345
0.00016004283
0.00021710008
0.00032150558
0.00056613935
0.0014174686
1.4887874e-05
1.7173527e-05
2.209484e-05
2.9303087e-05
3.8518032e-05
4.962213e-05
6.2786569e-05
7.858366e-05
9.8195269e-05
0.00012389233
0.00016021658
0.00021726335
0.00032172124
0.00056656482
0.0014188805
1.562443e-05
1.7899963e-05
2.2793754e-05
2.9954388e-05
3.9104368e-05
5.0130893e-05
6.3211075e-05
7.8924009e-05
9.8458499e-05
0.00012409237
0.00016037522
0.00021741472
0.00032192759
0.00056698285
0.0014202806
1.635104e-05
1.8612074e-05
2.3471115e-05
3.0577626e-05
3.9658951e-05
5.0607414e-05
6.3605321e-05
7.9237526e-05
9.8698894e-05
0.00012427356
0.00016051863
0.00021755393
0.00032212424
0.00056739282
0.0014216676
1.7064716e-05
1.930752e-05
2.4125638e-05
3.1172434e-05
4.0181947e-05
5.1052053e-05
6.3969662e-05
7.9524461e-05
9.8916574e-05
0.00012443587
0.00016064665
0.00021768069
0.00032231077
0.00056779412
0.0014230404
1.7762815e-05
1.9984257e-05
2.4756259e-05
3.1738602e-05
4.0673636e-05
5.1465248e-05
6.4304497e-05
7.9785092e-05
9.9111663e-05
0.00012457928
0.00016075911
0.00021779473
0.00032248676
0.00056818611
0.0014243975
1.8443032e-05
2.0640534e-05
2.5362127e-05
3.2276066e-05
4.11344e-05
5.1847512e-05
6.4610274e-05
8.001972e-05
9.92843e-05
0.00012470378
0.00016085586
0.00021789575
0.0003226518
0.00056856814
0.0014257377
1.9103403e-05
2.1274883e-05
2.5942589e-05
3.2784895e-05
4.1564716e-05
5.2199422e-05
6.488749e-05
8.0228682e-05
9.9434645e-05
0.00012480936
0.00016093676
0.00021798349
0.00032280545
0.00056893956
0.0014270594
1.9742286e-05
2.1886106e-05
2.6497177e-05
3.3265276e-05
4.1965142e-05
5.2521624e-05
6.5136692e-05
8.0412351e-05
9.9562884e-05
0.00012489603
0.00016100166
0.00021805766
0.00032294733
0.00056929975
0.0014283612
2.0358345e-05
2.2473256e-05
2.7025597e-05
3.3717503e-05
4.233631e-05
5.2814818e-05
6.5358477e-05
8.0571139e-05
9.9669231e-05
0.00012496384
0.00016105045
0.00021811801
0.00032307702
0.00056964806
0.0014296416
2.0950528e-05
2.3035622e-05
2.7527709e-05
3.4141963e-05
4.2678913e-05
5.3079759e-05
6.5553486e-05
8.0705499e-05
9.9753938e-05
0.00012501284
0.00016108304
0.00021816432
0.00032319415
0.00056998389
0.0014308991
2.1518044e-05
2.3572708e-05
2.8003515e-05
3.4539129e-05
4.2993701e-05
5.3317247e-05
6.5722405e-05
8.0815926e-05
9.9817292e-05
0.00012504313
0.00016109935
0.00021819637
0.00032329839
0.00057030664
0.0014321323
2.2060341e-05
2.4084213e-05
2.8453145e-05
3.4909541e-05
4.3281467e-05
5.352812e-05
6.5865963e-05
8.0902956e-05
9.9859622e-05
0.00012505486
0.00016109937
0.00021821401
0.0003233894
0.00057061575
0.0014333396
2.2577075e-05
2.457001e-05
2.8876842e-05
3.5253806e-05
4.3543042e-05
5.371325e-05
6.5984924e-05
8.0967167e-05
9.9881298e-05
0.00012504819
0.00016108311
0.0002182171
0.00032346693
0.00057091069
0.0014345195
2.3068097e-05
2.5030125e-05
2.9274948e-05
3.5572578e-05
4.3779283e-05
5.3873535e-05
6.6080083e-05
8.1009176e-05
9.9882735e-05
0.00012502336
0.00016105062
0.00021820555
0.00032353073
0.00057119099
0.0014356706
2.3533418e-05
2.5464723e-05
2.9647892e-05
3.586656e-05
4.3991073e-05
5.4009892e-05
6.6152267e-05
8.1029636e-05
9.9864388e-05
0.00012498062
0.00016100201
0.00021817933
0.00032358063
0.00057145621
0.0014367915
2.3973197e-05
2.5874085e-05
2.9996177e-05
3.6136485e-05
4.4179306e-05
5.4123255e-05
6.6202325e-05
8.1029236e-05
9.9826756e-05
0.00012492031
0.00016093743
0.00021813845
0.0003236165
0.00057170597
0.0014378807
2.4387717e-05
2.6258594e-05
3.0320367e-05
3.6383117e-05
4.4344888e-05
5.4214564e-05
6.6231123e-05
8.1008693e-05
9.9770378e-05
0.00012484277
0.00016085709
0.00021808299
0.00032363827
0.00057193997
0.001438937
2.4777365e-05
2.661872e-05
3.0621082e-05
3.6607239e-05
4.448873e-05
5.4284766e-05
6.6239544e-05
8.0968756e-05
9.9695831e-05
0.00012474841
0.00016076124
0.00021801307
0.00032364594
0.00057215794
0.0014399591
2.5142619e-05
2.6955002e-05
3.0898983e-05
3.6809653e-05
4.461174e-05
5.4334806e-05
6.622848e-05
8.0910192e-05
9.9603731e-05
0.0001246377
0.0001606502
0.00021792887
0.00032363955
0.00057235971
0.001440946
2.5484028e-05
2.7268041e-05
3.1154763e-05
3.6991166e-05
4.4714825e-05
5.4365625e-05
6.6198829e-05
8.0833794e-05
9.9494725e-05
0.00012451113
0.00016052434
0.00021783064
0.00032361923
0.00057254516
0.0014418966
2.5802204e-05
2.7558486e-05
3.1389147e-05
3.7152594e-05
4.4798881e-05
5.4378157e-05
6.6151493e-05
8.0740368e-05
9.9369491e-05
0.00012436924
0.00016038405
0.00021771869
0.00032358515
0.00057271425
0.0014428099
2.6097806e-05
2.7827023e-05
3.1602873e-05
3.7294751e-05
4.4864797e-05
5.4373323e-05
6.6087368e-05
8.0630732e-05
9.9228733e-05
0.00012421261
0.00016022982
0.00021759336
0.00032353757
0.00057286701
0.0014436853
2.6371529e-05
2.8074365e-05
3.1796698e-05
3.741845e-05
4.4913445e-05
5.4352034e-05
6.6007351e-05
8.0505715e-05
9.9073181e-05
0.00012404186
0.00016006215
0.00021745508
0.00032347678
0.00057300354
0.0014445219
2.66241e-05
2.8301251e-05
3.1971383e-05
3.7524497e-05
4.4945686e-05
5.4315182e-05
6.5912325e-05
8.036615e-05
9.8903581e-05
0.00012385764
0.00015988158
0.0002173043
0.00032340316
0.00057312403
0.0014453192
2.685626e-05
2.8508428e-05
3.2127694e-05
3.7613691e-05
4.4962361e-05
5.4263643e-05
6.5803168e-05
8.0212872e-05
9.8720698e-05
0.00012366063
0.00015968873
0.00021714155
0.00032331713
0.0005732287
0.0014460768
2.7068769e-05
2.8696655e-05
3.2266395e-05
3.7686817e-05
4.4964293e-05
5.4198274e-05
6.5680742e-05
8.0046715e-05
9.8525308e-05
0.00012345153
0.0001594842
0.00021696737
0.00032321915
0.00057331785
0.0014467945
2.726239e-05
2.8866694e-05
3.2388248e-05
3.774465e-05
4.4952287e-05
5.4119911e-05
6.5545896e-05
7.9868509e-05
9.8318194e-05
0.00012323106
0.00015926867
0.00021678236
0.00032310975
0.00057339186
0.0014474721
2.7437888e-05
2.9019303e-05
3.2494004e-05
3.7787947e-05
4.4927125e-05
5.4029367e-05
6.5399461e-05
7.9679077e-05
9.8100146e-05
0.00012299996
0.00015904283
0.00021658716
0.00032298949
0.00057345114
0.0014481095
2.7596028e-05
2.9155238e-05
3.2584407e-05
3.7817451e-05
4.488957e-05
5.3927435e-05
6.524225e-05
7.9479232e-05
9.7871955e-05
0.000122759
0.00015880737
0.00021638243
0.00032285897
0.00057349615
0.0014487068
2.7737566e-05
2.9275244e-05
3.2660186e-05
3.7833889e-05
4.4840362e-05
5.3814884e-05
6.5075058e-05
7.9269775e-05
9.763441e-05
0.00012250892
0.00015856303
0.00021616886
0.00032271882
0.00057352742
0.0014492644
2.7863249e-05
2.9380056e-05
3.2722059e-05
3.7837967e-05
4.478022e-05
5.369246e-05
6.4898658e-05
7.9051495e-05
9.7388296e-05
0.0001222505
0.00015831055
0.00021594715
0.0003225697
0.00057354548
0.0014497826
2.7973814e-05
2.9470398e-05
3.2770726e-05
3.7830373e-05
4.470984e-05
5.3560885e-05
6.4713801e-05
7.8825164e-05
9.7134389e-05
0.0001219845
0.00015805068
0.00021571803
0.00032241228
0.00057355093
0.0014502617
2.8069982e-05
2.9546975e-05
3.2806873e-05
3.7811777e-05
4.4629896e-05
5.3420857e-05
6.4521218e-05
7.8591536e-05
9.6873457e-05
0.0001217117
0.00015778417
0.00021548223
0.00032224726
0.00057354438
0.0014507025
2.8152458e-05
2.9610481e-05
3.2831167e-05
3.7782828e-05
4.4541039e-05
5.3273051e-05
6.4321615e-05
7.8351346e-05
9.6606252e-05
0.00012143284
0.00015751179
0.00021524049
0.00032207534
0.00057352645
0.0014511055
2.8221933e-05
2.9661589e-05
3.2844255e-05
3.7744156e-05
4.44439e-05
5.3118117e-05
6.4115676e-05
7.8105312e-05
9.6333515e-05
0.00012114869
0.00015723427
0.00021499355
0.00032189723
0.0005734978
0.0014514716
2.8279076e-05
2.9700954e-05
3.284677e-05
3.7696371e-05
4.4339085e-05
5.2956681e-05
6.390406e-05
7.7854127e-05
9.6055967e-05
0.00012085998
0.00015695237
0.00021474215
0.00032171363
0.00057345908
0.0014518016
2.8324541e-05
2.9729215e-05
3.2839322e-05
3.7640062e-05
4.422718e-05
5.2789348e-05
6.3687404e-05
7.7598464e-05
9.5774311e-05
0.00012056743
0.00015666681
0.000214487
0.00032152525
0.00057341097
0.0014520964
2.835896e-05
2.9746989e-05
3.2822504e-05
3.7575797e-05
4.4108748e-05
5.2616697e-05
6.346632e-05
7.7338973e-05
9.5489231e-05
0.00012027174
0.00015637831
0.00021422882
0.00032133277
0.00057335412
0.0014523571
2.8382947e-05
2.9754876e-05
3.2796888e-05
3.7504128e-05
4.3984333e-05
5.2439285e-05
6.3241396e-05
7.707628e-05
9.5201388e-05
0.00011997362
0.00015608758
0.00021396832
0.00032113687
0.00057328919
0.0014525847
2.8397096e-05
2.9753453e-05
3.2763028e-05
3.7425584e-05
4.3854455e-05
5.2257648e-05
6.3013198e-05
7.6810986e-05
9.4911419e-05
0.00011967372
0.00015579529
0.00021370616
0.00032093821
0.00057321685
0.0014527802
2.8401981e-05
2.9743281e-05
3.2721457e-05
3.7340675e-05
4.3719617e-05
5.2072295e-05
6.2782264e-05
7.6543671e-05
9.461994e-05
0.00011937269
0.00015550211
0.00021344302
0.00032073744
0.00057313773
0.0014529449
2.8398155e-05
2.97249e-05
3.2672691e-05
3.7249893e-05
4.3580297e-05
5.1883719e-05
6.2549113e-05
7.6274887e-05
9.4327541e-05
0.00011907114
0.00015520866
0.00021317952
0.00032053518
0.00057305245
0.0014530799
2.8386152e-05
2.969883e-05
3.2617227e-05
3.7153709e-05
4.3436958e-05
5.1692386e-05
6.2314237e-05
7.6005163e-05
9.4034786e-05
0.00011876967
0.00015491557
0.00021291627
0.00032033201
0.00057296164
0.0014531865
2.8366487e-05
2.9665573e-05
3.2555541e-05
3.7052578e-05
4.329004e-05
5.1498745e-05
6.2078108e-05
7.5735002e-05
9.3742213e-05
0.00011846885
0.00015462341
0.00021265386
0.0003201285
0.00057286588
0.0014532657
2.8339656e-05
2.9625611e-05
3.2488093e-05
3.6946935e-05
4.3139966e-05
5.1303222e-05
6.1841173e-05
7.5464885e-05
9.3450336e-05
0.00011816922
0.00015433273
0.00021239283
0.0003199252
0.00057276575
0.001453319
2.8306135e-05
2.9579408e-05
3.2415323e-05
3.6837196e-05
4.298714e-05
5.1106224e-05
6.1603857e-05
7.5195266e-05
9.3159641e-05
0.00011787128
0.00015404406
0.00021213371
0.00031972261
0.00057266178
0.0014533474
2.8266381e-05
2.9527409e-05
3.2337656e-05
3.6723763e-05
4.2831946e-05
5.0908136e-05
6.1366565e-05
7.4926576e-05
9.2870588e-05
0.00011757552
0.0001537579
0.00021187699
0.00031952121
0.0005725545
0.0014533523
2.8220834e-05
2.9470043e-05
3.2255496e-05
3.6607018e-05
4.2674753e-05
5.0709326e-05
6.1129676e-05
7.4659221e-05
9.2583612e-05
0.00011728241
0.00015347471
0.00021162312
0.00031932145
0.00057244441
0.0014533349
2.8169915e-05
2.9407719e-05
3.2169234e-05
3.6487327e-05
4.2515911e-05
5.0510143e-05
6.0893553e-05
7.4393584e-05
9.2299119e-05
0.00011699235
0.00015319493
0.00021137254
0.00031912374
0.00057233198
0.0014532965
2.8114029e-05
2.9340831e-05
3.2079241e-05
3.6365039e-05
4.2355753e-05
5.0310915e-05
6.0658535e-05
7.4130025e-05
9.2017493e-05
0.00011670577
0.00015291896
0.00021112564
0.00031892848
0.00057221765
0.0014532381
2.8053563e-05
2.9269756e-05
3.1985873e-05
3.6240488e-05
4.2194596e-05
5.0111956e-05
6.0424942e-05
7.3868882e-05
9.173909e-05
0.00011642302
0.00015264718
0.00021088279
0.00031873601
0.00057210185
0.0014531611
2.7988886e-05
2.9194852e-05
3.1889472e-05
3.6113993e-05
4.2032741e-05
4.9913559e-05
6.0193075e-05
7.3610469e-05
9.1464242e-05
0.00011614445
0.00015237992
0.00021064432
0.00031854665
0.00057198496
0.0014530665
2.7920355e-05
2.9116465e-05
3.1790362e-05
3.5985856e-05
4.1870473e-05
4.9716002e-05
5.9963215e-05
7.3355079e-05
9.1193256e-05
0.00011587037
0.00015211751
0.00021041054
0.00031836071
0.00057186736
0.0014529556
2.7848307e-05
2.9034924e-05
3.1688853e-05
3.5856366e-05
4.1708064e-05
4.9519547e-05
5.9735624e-05
7.3102985e-05
9.0926415e-05
0.00011560109
0.00015186024
0.0002101817
0.00031817845
0.00057174938
0.0014528294
2.7773065e-05
2.8950542e-05
3.1585241e-05
3.5725797e-05
4.1545767e-05
4.9324438e-05
5.9510547e-05
7.2854438e-05
9.0663981e-05
0.00011533685
0.00015160836
0.00020995807
0.0003180001
0.00057163134
0.0014526891
2.7694939e-05
2.8863618e-05
3.1479808e-05
3.5594409e-05
4.1383825e-05
4.9130907e-05
5.9288213e-05
7.2609671e-05
9.0406191e-05
0.00011507791
0.0001513621
0.00020973986
0.00031782588
0.00057151353
0.0014525357
2.7614222e-05
2.877444e-05
3.1372821e-05
3.5462449e-05
4.1222465e-05
4.8939166e-05
5.9068831e-05
7.2368894e-05
9.0153261e-05
0.00011482447
0.00015112167
0.00020952725
0.00031765596
0.00057139622
0.0014523701
2.7531195e-05
2.8683277e-05
3.1264535e-05
3.5330149e-05
4.1061901e-05
4.8749417e-05
5.8852596e-05
7.2132304e-05
8.9905385e-05
0.00011457673
0.00015088725
0.00020932041
0.0003174905
0.00057127965
0.0014521935
2.7446126e-05
2.8590388e-05
3.1155192e-05
3.5197732e-05
4.0902334e-05
4.8561847e-05
5.8639686e-05
7.1900074e-05
8.9662737e-05
0.00011433485
0.000150659
0.00020911947
0.00031732966
0.00057116406
0.0014520068
2.7359267e-05
2.849602e-05
3.1045021e-05
3.5065405e-05
4.0743952e-05
4.8376628e-05
5.8430265e-05
7.1672365e-05
8.9425473e-05
0.00011409899
0.00015043704
0.00020892458
0.00031717366
0.00057104998
0.0014518108
2.727086e-05
2.8400405e-05
3.0934238e-05
3.4933366e-05
4.0586933e-05
4.8193921e-05
5.8224483e-05
7.1449319e-05
8.919373e-05
0.00011386926
0.0001502215
0.00020873582
0.0003170225
0.00057093663
0.0014516062
2.7181134e-05
2.8303764e-05
3.082305e-05
3.48018e-05
4.0431441e-05
4.8013873e-05
5.8022475e-05
7.1231063e-05
8.8967625e-05
0.00011364579
0.00015001246
0.00020855324
0.00031687611
0.00057082384
0.0014513937
2.7090307e-05
2.8206307e-05
3.0711651e-05
3.4670881e-05
4.027763e-05
4.783662e-05
5.7824362e-05
7.1017707e-05
8.8747259e-05
0.00011342865
0.00014981001
0.00020837698
0.00031673488
0.00057071085
0.001451174
2.6998585e-05
2.8108233e-05
3.0600224e-05
3.4540773e-05
4.0125641e-05
4.7662286e-05
5.7630254e-05
7.0809349e-05
8.8532719e-05
0.00011321792
0.0001496142
0.00020820704
0.0003165984
0.00057059808
0.0014509477
2.6906162e-05
2.800973e-05
3.0488941e-05
3.4411628e-05
3.9975609e-05
4.7490983e-05
5.7440246e-05
7.0606071e-05
8.8324075e-05
0.00011301365
0.00014942505
0.00020804334
0.00031646642
0.000570486
0.0014507155
2.6813223e-05
2.7910973e-05
3.0377966e-05
3.4283591e-05
3.9827654e-05
4.7322815e-05
5.7254426e-05
7.0407946e-05
8.8121383e-05
0.0001128159
0.00014924263
0.00020788602
0.00031633845
0.00057037514
0.0014504783
2.6719942e-05
2.7812132e-05
3.0267452e-05
3.4156795e-05
3.968189e-05
4.7157874e-05
5.7072866e-05
7.021503e-05
8.7924688e-05
0.00011262468
0.00014906691
0.00020773491
0.00031621448
0.0005702659
0.0014502367
2.6626484e-05
2.7713363e-05
3.0157541e-05
3.4031364e-05
3.953842e-05
4.6996241e-05
5.6895631e-05
7.0027371e-05
8.7734018e-05
0.00011244
0.00014889784
0.00020758978
0.0003160947
0.00057015851
0.0014499915
2.6533003e-05
2.7614815e-05
3.0048369e-05
3.3907413e-05
3.9397338e-05
4.6837992e-05
5.6722775e-05
6.9845006e-05
8.7549397e-05
0.00011226188
0.00014873548
0.00020745024
0.00031597927
0.00057005318
0.0014497434
2.6439646e-05
2.7516627e-05
2.994006e-05
3.3785052e-05
3.925873e-05
4.6683189e-05
5.6554342e-05
6.9667961e-05
8.7370832e-05
0.0001120903
0.00014857968
0.00020731621
0.00031586829
0.00056995009
0.0014494931
2.6346549e-05
2.7418929e-05
2.9832733e-05
3.3664377e-05
3.9122675e-05
4.653189e-05
5.6390368e-05
6.949625e-05
8.7198307e-05
0.00011192518
0.00014843024
0.00020718776
0.00031576181
0.00056984938
0.0014492411
2.6253842e-05
2.7321845e-05
2.9726497e-05
3.3545481e-05
3.8989242e-05
4.6384144e-05
5.6230883e-05
6.9329886e-05
8.7031838e-05
0.00011176658
0.00014828683
0.0002070649
0.00031565984
0.00056975116
0.001448988
2.6161644e-05
2.7225488e-05
2.9621454e-05
3.3428447e-05
3.8858496e-05
4.6239992e-05
5.6075904e-05
6.9168866e-05
8.6871373e-05
0.00011161431
0.00014814943
0.00020694761
0.0003155624
0.00056965553
0.0014487344
2.607007e-05
2.7129966e-05
2.9517697e-05
3.3313353e-05
3.8730491e-05
4.6099468e-05
5.5925448e-05
6.9013185e-05
8.6716898e-05
0.00011146816
0.00014801802
0.00020683585
0.00031546947
0.00056956255
0.0014484807
2.5979224e-05
2.7035378e-05
2.9415314e-05
3.3200267e-05
3.8605278e-05
4.5962601e-05
5.5779519e-05
6.8862825e-05
8.6568353e-05
0.00011132797
0.00014789256
0.00020672957
0.00031538101
0.00056947228
0.0014482275
2.5889204e-05
2.6941817e-05
2.9314386e-05
3.3089255e-05
3.84829e-05
4.5829412e-05
5.5638116e-05
6.8717756e-05
8.6425571e-05
0.0001111937
0.00014777297
0.0002066287
0.00031529697
0.00056938475
0.0014479752
2.5800104e-05
2.6849369e-05
2.9214987e-05
3.2980374e-05
3.8363395e-05
4.569992e-05
5.5501239e-05
6.8577966e-05
8.6288385e-05
0.0001110653
0.00014765919
0.00020653317
0.00031521731
0.00056929998
0.0014477242
2.5712007e-05
2.6758114e-05
2.9117185e-05
3.2873675e-05
3.8246797e-05
4.5574134e-05
5.5368874e-05
6.8443318e-05
8.6156747e-05
0.00011094269
0.00014755112
0.00020644289
0.00031514194
0.00056921799
0.0014474749
2.5624994e-05
2.6668125e-05
2.9021044e-05
3.2769205e-05
3.8133132e-05
4.5452064e-05
5.5241011e-05
6.8313687e-05
8.6030593e-05
0.00011082579
0.00014744868
0.00020635777
0.00031507079
0.00056913878
0.0014472276
2.5539137e-05
2.6579472e-05
2.8926619e-05
3.2667008e-05
3.8022426e-05
4.5333722e-05
5.5117539e-05
6.8189024e-05
8.5909853e-05
0.00011071451
0.00014735177
0.00020627769
0.00031500377
0.00056906233
0.0014469826
2.5454503e-05
2.6492216e-05
2.8833965e-05
3.256712e-05
3.7914701e-05
4.5219079e-05
5.4998391e-05
6.8069272e-05
8.579445e-05
0.00011060877
0.00014726028
0.00020620256
0.0003149408
0.00056898864
0.0014467403
2.5371157e-05
2.6406416e-05
2.8743128e-05
3.2469577e-05
3.7809978e-05
4.5108069e-05
5.4883526e-05
6.7954369e-05
8.5684303e-05
0.00011050845
0.0001471741
0.00020613225
0.00031488178
0.00056891768
0.0014465009
2.5289156e-05
2.6322126e-05
2.8654158e-05
3.2374419e-05
3.7708217e-05
4.5000664e-05
5.4772897e-05
6.7844249e-05
8.5579328e-05
0.00011041347
0.00014709311
0.00020606665
0.00031482661
0.00056884943
0.0014462647
2.5208556e-05
2.62394e-05
2.8567095e-05
3.2281638e-05
3.7609409e-05
4.4896837e-05
5.4666456e-05
6.7738843e-05
8.5479434e-05
0.00011032371
0.00014701719
0.00020600563
0.00031477518
0.00056878385
0.0014460319
2.5129407e-05
2.6158279e-05
2.8481959e-05
3.2191242e-05
3.7513543e-05
4.4796557e-05
5.4564152e-05
6.7638078e-05
8.5384529e-05
0.00011023905
0.00014694621
0.00020594906
0.00031472739
0.00056872091
0.0014458026
2.505175e-05
2.6078796e-05
2.8398769e-05
3.2103236e-05
3.7420605e-05
4.469979e-05
5.446593e-05
6.7541878e-05
8.5294515e-05
0.0001101594
0.00014688006
0.00020589682
0.00031468313
0.00056866056
0.0014455772
2.4975617e-05
2.6000978e-05
2.8317544e-05
3.201762e-05
3.7330579e-05
4.46065e-05
5.4371732e-05
6.7450164e-05
8.5209292e-05
0.00011008461
0.00014681859
0.00020584877
0.00031464229
0.00056860276
0.0014453558
2.4901039e-05
2.5924849e-05
2.8238295e-05
3.1934394e-05
3.7243446e-05
4.4516648e-05
5.42815e-05
6.7362854e-05
8.5128759e-05
0.00011001459
0.00014676167
0.00020580479
0.00031460475
0.00056854748
0.0014451385
2.482804e-05
2.5850431e-05
2.8161034e-05
3.1853555e-05
3.7159186e-05
4.4430194e-05
5.419517e-05
6.7279866e-05
8.5052811e-05
0.0001099492
0.00014670918
0.00020576473
0.00031457041
0.00056849465
0.0014449254
2.4756644e-05
2.5777739e-05
2.8085768e-05
3.1775095e-05
3.7077774e-05
4.4347095e-05
5.4112678e-05
6.7201112e-05
8.498134e-05
0.00010988831
0.00014666097
0.00020572846
0.00031453916
0.00056844423
0.0014447168
2.4686867e-05
2.5706789e-05
2.8012503e-05
3.1699007e-05
3.6999185e-05
4.4267305e-05
5.4033959e-05
6.7126504e-05
8.4914238e-05
0.00010983181
0.00014661691
0.00020569586
0.00031451088
0.00056839617
0.0014445126
2.4618726e-05
2.5637592e-05
2.7941239e-05
3.1625279e-05
3.6923392e-05
4.4190777e-05
5.3958943e-05
6.7055953e-05
8.4851395e-05
0.00010977957
0.00014657686
0.00020566678
0.00031448546
0.00056835041
0.0014443131
2.4552234e-05
2.5570156e-05
2.7871977e-05
3.1553898e-05
3.6850364e-05
4.4117462e-05
5.388756e-05
6.6989367e-05
8.47927e-05
0.00010973146
0.0001465407
0.00020564109
0.00031446279
0.00056830691
0.0014441182
2.44874e-05
2.5504487e-05
2.7804715e-05
3.1484848e-05
3.6780069e-05
4.4047309e-05
5.3819739e-05
6.6926654e-05
8.473804e-05
0.00010968734
0.00014650827
0.00020561866
0.00031444276
0.00056826561
0.001443928
2.4424232e-05
2.5440589e-05
2.7739446e-05
3.1418112e-05
3.6712475e-05
4.3980265e-05
5.3755406e-05
6.6867719e-05
8.4687301e-05
0.0001096471
0.00014647944
0.00020559936
0.00031442527
0.00056822644
0.0014437426
2.4362734e-05
2.5378463e-05
2.7676164e-05
3.135367e-05
3.6647544e-05
4.3916276e-05
5.3694488e-05
6.6812467e-05
8.4640372e-05
0.00010961061
0.00014645409
0.00020558306
0.0003144102
0.00056818937
0.001443562
2.430291e-05
2.5318106e-05
2.761486e-05
3.1291501e-05
3.6585241e-05
4.3855286e-05
5.3636908e-05
6.6760803e-05
8.4597136e-05
0.00010957773
0.00014643207
0.00020556964
0.00031439746
0.00056815432
0.0014433864
2.4244759e-05
2.5259518e-05
2.7555521e-05
3.1231581e-05
3.6525525e-05
4.3797239e-05
5.3582589e-05
6.6712631e-05
8.4557482e-05
0.00010954834
0.00014641326
0.00020555895
0.00031438694
0.00056812126
0.0014432156
2.4188281e-05
2.5202691e-05
2.7498136e-05
3.1173885e-05
3.6468358e-05
4.3742076e-05
5.3531455e-05
6.6667853e-05
8.4521293e-05
0.00010952232
0.00014639752
0.0002055509
0.00031437854
0.00056809012
0.0014430497
2.4133471e-05
2.5147619e-05
2.7442689e-05
3.1118386e-05
3.6413697e-05
4.3689739e-05
5.3483427e-05
6.6626373e-05
8.4488458e-05
0.00010949953
0.00014638472
0.00020554534
0.00031437216
0.00056806084
0.0014428887
2.4080324e-05
2.5094293e-05
2.7389163e-05
3.1065058e-05
3.6361499e-05
4.3640166e-05
5.3438426e-05
6.6588093e-05
8.4458863e-05
0.00010947986
0.00014637474
0.00020554216
0.00031436771
0.00056803338
0.0014427327
2.4028833e-05
2.5042702e-05
2.733754e-05
3.1013869e-05
3.631172e-05
4.3593297e-05
5.3396373e-05
6.6552916e-05
8.4432394e-05
0.00010946318
0.00014636745
0.00020554124
0.00031436508
0.00056800767
0.0014425815
2.3978989e-05
2.4992833e-05
2.72878e-05
3.0964789e-05
3.6264316e-05
4.3549071e-05
5.3357188e-05
6.6520746e-05
8.4408941e-05
0.00010944937
0.00014636273
0.00020554247
0.00031436419
0.00056798367
0.0014424353
2.393078e-05
2.4944674e-05
2.7239922e-05
3.0917786e-05
3.621924e-05
4.3507424e-05
5.3320791e-05
6.6491485e-05
8.4388392e-05
0.0001094383
0.00014636045
0.00020554574
0.00031436495
0.00056796132
0.0014422939
2.3884196e-05
2.4898207e-05
2.7193884e-05
3.0872827e-05
3.6176446e-05
4.3468293e-05
5.3287102e-05
6.6465036e-05
8.4370637e-05
0.00010942987
0.0001463605
0.00020555094
0.00031436727
0.00056794057
0.0014421573
2.3839223e-05
2.4853418e-05
2.7149661e-05
3.0829878e-05
3.6135884e-05
4.3431616e-05
5.3256042e-05
6.6441305e-05
8.4355568e-05
0.00010942395
0.00014636276
0.00020555795
0.00031437106
0.00056792136
0.0014420255
2.3795844e-05
2.4810287e-05
2.7107229e-05
3.0788903e-05
3.6097508e-05
4.3397329e-05
5.322753e-05
6.6420196e-05
8.4343077e-05
0.00010942044
0.00014636711
0.00020556668
0.00031437624
0.00056790365
0.0014418985
2.3754046e-05
2.4768794e-05
2.7066561e-05
3.0749866e-05
3.6061268e-05
4.3365367e-05
5.3201487e-05
6.6401615e-05
8.4333058e-05
0.0001094192
0.00014637345
0.00020557703
0.00031438273
0.00056788739
0.0014417762
2.3713808e-05
2.4728921e-05
2.7027631e-05
3.071273e-05
3.6027114e-05
4.3335666e-05
5.3177833e-05
6.6385467e-05
8.4325406e-05
0.00010942015
0.00014638166
0.00020558889
0.00031439045
0.00056787252
0.0014416586
2.3675115e-05
2.4690645e-05
2.6990411e-05
3.0677458e-05
3.5994996e-05
4.3308162e-05
5.3156489e-05
6.637166e-05
8.4320018e-05
0.00010942316
0.00014639165
0.00020560218
0.00031439933
0.00056785899
0.0014415456
2.3637945e-05
2.4653943e-05
2.695487e-05
3.064401e-05
3.5964864e-05
4.328279e-05
5.3137377e-05
6.6360104e-05
8.4316792e-05
0.00010942814
0.0001464033
0.00020561679
0.00031440929
0.00056784676
0.0014414371
2.3602277e-05
2.4618792e-05
2.6920981e-05
3.0612349e-05
3.5936667e-05
4.3259488e-05
5.3120418e-05
6.6350706e-05
8.431563e-05
0.00010943498
0.00014641651
0.00020563264
0.00031442026
0.00056783578
0.0014413331
2.3568091e-05
2.4585168e-05
2.6888712e-05
3.0582434e-05
3.5910353e-05
4.3238189e-05
5.3105535e-05
6.6343377e-05
8.4316432e-05
0.00010944357
0.00014643119
0.00020564964
0.00031443218
0.00056782601
0.0014412335
2.3535364e-05
2.4553045e-05
2.6858031e-05
3.0554226e-05
3.5885873e-05
4.3218831e-05
5.3092652e-05
6.6338031e-05
8.4319102e-05
0.00010945382
0.00014644724
0.0002056677
0.00031444497
0.00056781739
0.0014411382
2.3504073e-05
2.4522397e-05
2.6828908e-05
3.0527683e-05
3.5863174e-05
4.320135e-05
5.3081691e-05
6.6334579e-05
8.4323547e-05
0.00010946563
0.00014646457
0.00020568676
0.00031445857
0.00056780988
0.0014410473
2.3474193e-05
2.4493198e-05
2.680131e-05
3.0502766e-05
3.5842205e-05
4.3185682e-05
5.307258e-05
6.6332936e-05
8.4329673e-05
0.00010947891
0.00014648308
0.00020570671
0.00031447293
0.00056780343
0.0014409605
2.3445699e-05
2.446542e-05
2.6775203e-05
3.0479433e-05
3.5822914e-05
4.3171766e-05
5.3065242e-05
6.6333019e-05
8.4337392e-05
0.00010949356
0.0001465027
0.0002057275
0.00031448797
0.00056779802
0.0014408779
2.3418567e-05
2.4439036e-05
2.6750556e-05
3.0457643e-05
3.5805252e-05
4.3159538e-05
5.3059605e-05
6.6334745e-05
8.4346613e-05
0.0001095095
0.00014652334
0.00020574905
0.00031450364
0.00056779358
0.0014407993
2.339277e-05
2.4414016e-05
2.6727333e-05
3.0437355e-05
3.5789166e-05
4.3148937e-05
5.3055597e-05
6.6338033e-05
8.4357251e-05
0.00010952663
0.00014654491
0.00020577128
0.00031451989
0.00056779008
0.0014407247
2.3368282e-05
2.4390333e-05
2.6705501e-05
3.0418527e-05
3.5774606e-05
4.3139901e-05
5.3053146e-05
6.6342803e-05
8.4369222e-05
0.00010954489
0.00014656733
0.00020579412
0.00031453667
0.00056778748
0.0014406539
2.3345076e-05
2.4367957e-05
2.6685026e-05
3.0401118e-05
3.5761521e-05
4.3132371e-05
5.3052182e-05
6.6348978e-05
8.4382444e-05
0.00010956417
0.00014659054
0.00020581752
0.00031455391
0.00056778574
0.001440587
2.3323124e-05
2.4346858e-05
2.6665873e-05
3.0385085e-05
3.574986e-05
4.3126286e-05
5.3052637e-05
6.6356482e-05
8.4396836e-05
0.00010958441
0.00014661445
0.00020584141
0.00031457158
0.00056778482
0.0014405238
2.3302399e-05
2.4327006e-05
2.6648008e-05
3.0370389e-05
3.5739575e-05
4.3121588e-05
5.3054443e-05
6.636524e-05
8.4412321e-05
0.00010960552
0.000146639
0.00020586573
0.00031458962
0.00056778468
0.0014404642
2.3282872e-05
2.4308371e-05
2.6631396e-05
3.0356986e-05
3.5730614e-05
4.3118217e-05
5.3057532e-05
6.637518e-05
8.4428824e-05
0.00010962744
0.00014666412
0.00020589042
0.00031460799
0.00056778529
0.0014404081
2.3264515e-05
2.4290922e-05
2.6616001e-05
3.0344835e-05
3.572293e-05
4.3116117e-05
5.3061841e-05
6.638623e-05
8.444627e-05
0.00010965009
0.00014668973
0.00020591543
0.00031462665
0.0005677866
0.0014403555
2.32473e-05
2.4274629e-05
2.6601789e-05
3.0333897e-05
3.5716474e-05
4.311523e-05
5.3067305e-05
6.6398322e-05
8.4464588e-05
0.0001096734
0.00014671579
0.0002059407
0.00031464555
0.00056778858
0.0014403062
2.3231197e-05
2.4259461e-05
2.6588725e-05
3.0324129e-05
3.5711196e-05
4.3115502e-05
5.3073862e-05
6.6411387e-05
8.4483709e-05
0.0001096973
0.00014674222
0.00020596618
0.00031466466
0.0005677912
0.0014402602
2.3216178e-05
2.4245388e-05
2.6576774e-05
3.0315492e-05
3.5707051e-05
4.3116877e-05
5.3081449e-05
6.6425361e-05
8.4503566e-05
0.00010972173
0.00014676898
0.00020599182
0.00031468393
0.00056779442
0.0014402174
2.3202213e-05
2.4232377e-05
2.6565902e-05
3.0307944e-05
3.5703991e-05
4.3119301e-05
5.3090008e-05
6.6440178e-05
8.4524095e-05
0.00010974663
0.000146796
0.00020601758
0.00031470333
0.00056779821
0.0014401777
2.3189272e-05
2.4220399e-05
2.6556072e-05
3.0301446e-05
3.5701969e-05
4.3122722e-05
5.309948e-05
6.6455778e-05
8.4545231e-05
0.00010977194
0.00014682323
0.00020604342
0.00031472283
0.00056780254
0.001440141
2.3177328e-05
2.4209422e-05
2.6547252e-05
3.0295958e-05
3.5700941e-05
4.3127089e-05
5.3109808e-05
6.64721e-05
8.4566916e-05
0.00010979759
0.00014685061
0.00020606928
0.00031474239
0.00056780737
0.0014401072
2.3166351e-05
2.4199415e-05
2.6539407e-05
3.0291441e-05
3.570086e-05
4.3132349e-05
5.3120936e-05
6.6489086e-05
8.4589089e-05
0.00010982355
0.00014687811
0.00020609514
0.00031476197
0.00056781268
0.0014400762
2.315631e-05
2.4190348e-05
2.6532503e-05
3.0287857e-05
3.5701683e-05
4.3138454e-05
5.313281e-05
6.6506678e-05
8.4611695e-05
0.00010984974
0.00014690568
0.00020612095
0.00031478156
0.00056781844
0.0014400479
2.3147178e-05
2.4182189e-05
2.6526505e-05
3.0285167e-05
3.5703367e-05
4.3145354e-05
5.3145378e-05
6.6524821e-05
8.463468e-05
0.00010987612
0.00014693327
0.00020614667
0.00031480112
0.00056782461
0.0014400223
2.3138925e-05
2.4174909e-05
2.652138e-05
3.0283333e-05
3.5705869e-05
4.3153003e-05
5.3158587e-05
6.6543463e-05
8.4657991e-05
0.00010990265
0.00014696083
0.00020617228
0.00031482063
0.00056783117
0.0014399993
2.3131521e-05
2.4168477e-05
2.6517095e-05
3.0282317e-05
3.5709146e-05
4.3161354e-05
5.3172389e-05
6.6562553e-05
8.4681578e-05
0.00010992927
0.00014698833
0.00020619775
0.00031484005
0.00056783809
0.0014399787
2.3124939e-05
2.4162863e-05
2.6513618e-05
3.0282085e-05
3.5713158e-05
4.3170362e-05
5.3186735e-05
6.658204e-05
8.4705392e-05
0.00010995595
0.00014701574
0.00020622303
0.00031485937
0.00056784535
0.0014399604
2.3119149e-05
2.4158036e-05
2.6510915e-05
3.0282598e-05
3.5717865e-05
4.3179982e-05
5.3201578e-05
6.6601877e-05
8.4729387e-05
0.00010998263
0.00014704301
0.0002062481
0.00031487857
0.00056785292
0.0014399445
2.3114124e-05
2.4153968e-05
2.6508955e-05
3.0283822e-05
3.5723226e-05
4.3190173e-05
5.3216872e-05
6.6622018e-05
8.475352e-05
0.00011000929
0.00014707011
0.00020627294
0.00031489761
0.00056786077
0.0014399308
2.3109834e-05
2.415063e-05
2.6507705e-05
3.0285722e-05
3.5729205e-05
4.3200891e-05
5.3232574e-05
6.6642419e-05
8.4777747e-05
0.00011003587
0.00014709701
0.00020629752
0.00031491648
0.00056786888
0.0014399192
2.3106253e-05
2.4147991e-05
2.6507135e-05
3.0288263e-05
3.5735762e-05
4.3212096e-05
5.3248641e-05
6.6663037e-05
8.4802028e-05
0.00011006236
0.00014712368
0.00020632182
0.00031493517
0.00056787723
0.0014399097
2.3103352e-05
2.4146023e-05
2.6507214e-05
3.0291411e-05
3.5742862e-05
4.322375e-05
5.3265033e-05
6.668383e-05
8.4826324e-05
0.0001100887
0.00014715009
0.00020634581
0.00031495365
0.00056788579
0.0014399021
2.3101103e-05
2.4144698e-05
2.6507912e-05
3.0295135e-05
3.5750468e-05
4.3235813e-05
5.3281709e-05
6.670476e-05
8.4850599e-05
0.00011011487
0.00014717621
0.00020636948
0.0003149719
0.00056789455
0.0014398964
2.3099481e-05
2.4143989e-05
2.6509198e-05
3.0299401e-05
3.5758546e-05
4.3248248e-05
5.3298631e-05
6.672579e-05
8.4874817e-05
0.00011014084
0.00014720202
0.0002063928
0.00031498992
0.00056790348
0.0014398924
2.3098458e-05
2.4143867e-05
2.6511043e-05
3.0304179e-05
3.5767061e-05
4.326102e-05
5.3315762e-05
6.6746882e-05
8.4898945e-05
0.00011016658
0.0001472275
0.00020641576
0.00031500768
0.00056791255
0.0014398902
2.3098008e-05
2.4144305e-05
2.6513419e-05
3.0309436e-05
3.5775981e-05
4.3274094e-05
5.3333068e-05
6.6768004e-05
8.4922951e-05
0.00011019206
0.00014725262
0.00020643834
0.00031502518
0.00056792176
0.0014398897
2.3098104e-05
2.4145277e-05
2.6516298e-05
3.0315143e-05
3.5785273e-05
4.3287437e-05
5.3350514e-05
6.6789121e-05
8.4946806e-05
0.00011021725
0.00014727737
0.00020646052
0.00031504239
0.00056793108
0.0014398907
2.3098723e-05
2.4146757e-05
2.6519652e-05
3.0321271e-05
3.5794907e-05
4.3301015e-05
5.3368068e-05
6.6810203e-05
8.4970481e-05
0.00011024214
0.00014730172
0.0002064823
0.00031505932
0.00056794049
0.0014398932
2.3099838e-05
2.4148719e-05
2.6523454e-05
3.0327791e-05
3.5804851e-05
4.3314798e-05
5.3385698e-05
6.683122e-05
8.499395e-05
0.0001102667
0.00014732566
0.00020650366
0.00031507594
0.00056794997
0.0014398971
2.3101425e-05
2.4151137e-05
2.6527677e-05
3.0334675e-05
3.5815077e-05
4.3328755e-05
5.3403375e-05
6.6852144e-05
8.5017187e-05
0.00011029091
0.00014734918
0.00020652459
0.00031509225
0.00056795951
0.0014399024
2.3103459e-05
2.4153987e-05
2.6532296e-05
3.0341896e-05
3.5825557e-05
4.3342858e-05
5.342107e-05
6.6872948e-05
8.5040169e-05
0.00011031475
0.00014737225
0.00020654507
0.00031510824
0.00056796909
0.0014399089
2.3105917e-05
2.4157245e-05
2.6537285e-05
3.0349427e-05
3.5836262e-05
4.3357078e-05
5.3438756e-05
6.6893606e-05
8.5062874e-05
0.0001103382
0.00014739486
0.00020656511
0.0003151239
0.0005679787
0.0014399166
2.3108776e-05
2.4160887e-05
2.654262e-05
3.0357243e-05
3.5847167e-05
4.337139e-05
5.3456407e-05
6.6914095e-05
8.5085281e-05
0.00011036124
0.00014741701
0.00020658469
0.00031513922
0.00056798831
0.0014399255
2.3112012e-05
2.416489e-05
2.6548277e-05
3.0365319e-05
3.5858245e-05
4.3385767e-05
5.3473998e-05
6.6934393e-05
8.5107371e-05
0.00011038387
0.00014743869
0.0002066038
0.0003151542
0.00056799792
0.0014399354
2.3115604e-05
2.416923e-05
2.6554233e-05
3.0373631e-05
3.5869473e-05
4.3400185e-05
5.3491506e-05
6.6954478e-05
8.5129126e-05
0.00011040607
0.00014745988
0.00020662244
0.00031516884
0.00056800752
0.0014399463
2.311953e-05
2.4173887e-05
2.6560464e-05
3.0382155e-05
3.5880827e-05
4.3414621e-05
5.3508909e-05
6.697433e-05
8.515053e-05
0.00011042782
0.00014748057
0.0002066406
0.00031518312
0.00056801708
0.0014399581
2.3123768e-05
2.4178838e-05
2.656695e-05
3.039087e-05
3.5892283e-05
4.3429052e-05
5.3526185e-05
6.6993931e-05
8.5171568e-05
0.00011044912
0.00014750076
0.00020665829
0.00031519705
0.0005680266
0.0014399709
2.3128298e-05
2.4184062e-05
2.6573667e-05
3.0399752e-05
3.5903821e-05
4.3443456e-05
5.3543316e-05
6.7013263e-05
8.5192226e-05
0.00011046995
0.00014752045
0.0002066755
0.00031521062
0.00056803607
0.0014399844
2.31331e-05
2.418954e-05
2.6580597e-05
3.0408782e-05
3.5915418e-05
4.3457815e-05
5.3560281e-05
6.7032311e-05
8.521249e-05
0.0001104903
0.00014753963
0.00020669222
0.00031522383
0.00056804548
0.0014399987
2.3138153e-05
2.4195251e-05
2.6587717e-05
3.0417938e-05
3.5927055e-05
4.3472108e-05
5.3577065e-05
6.7051059e-05
8.5232351e-05
0.00011051018
0.00014755828
0.00020670845
0.00031523667
0.00056805481
0.0014400137
2.3143439e-05
2.4201175e-05
2.659501e-05
3.0427202e-05
3.5938713e-05
4.3486317e-05
5.359365e-05
6.7069493e-05
8.5251796e-05
0.00011052956
0.00014757643
0.0002067242
0.00031524916
0.00056806408
0.0014400293
2.3148939e-05
2.4207295e-05
2.6602456e-05
3.0436554e-05
3.5950374e-05
4.3500425e-05
5.361002e-05
6.7087602e-05
8.5270818e-05
0.00011054846
0.00014759405
0.00020673946
0.0003152613
0.00056807325
0.0014400456
2.3154635e-05
2.4213592e-05
2.6610037e-05
3.0445976e-05
3.5962019e-05
4.3514416e-05
5.3626163e-05
6.7105373e-05
8.5289408e-05
0.00011056685
0.00014761115
0.00020675425
0.00031527307
0.00056808225
0.0014400623
2.3160509e-05
2.4220048e-05
2.6617735e-05
3.0455452e-05
3.5973632e-05
4.3528273e-05
5.3642063e-05
6.7122796e-05
8.5307558e-05
0.00011058474
0.00014762773
0.00020676855
0.00031528447
0.00056809105
0.0014400795
2.3166544e-05
2.4226646e-05
2.6625534e-05
3.0464964e-05
3.5985197e-05
4.3541984e-05
5.3657709e-05
6.7139862e-05
8.5325263e-05
0.00011060213
0.00014764379
0.00020678237
0.00031529552
0.00056809959
0.0014400971
2.3172724e-05
2.423337e-05
2.6633417e-05
3.0474496e-05
3.59967e-05
4.3555534e-05
5.367309e-05
6.7156561e-05
8.5342518e-05
0.00011061901
0.00014765933
0.00020679572
0.00031530618
0.00056810789
0.0014401151
2.3179033e-05
2.4240205e-05
2.6641368e-05
3.0484034e-05
3.6008126e-05
4.3568909e-05
5.3688194e-05
6.7172886e-05
8.5359317e-05
0.00011063539
0.00014767435
0.00020680858
0.00031531643
0.00056811598
0.0014401334
2.3185455e-05
2.4247134e-05
2.6649372e-05
3.0493562e-05
3.601946e-05
4.35821e-05
5.3703013e-05
6.718883e-05
8.5375657e-05
0.00011065126
0.00014768885
0.00020682098
0.00031532624
0.00056812388
0.0014401519
2.3191977e-05
2.4254143e-05
2.6657416e-05
3.0503068e-05
3.6030692e-05
4.3595093e-05
5.3717537e-05
6.7204388e-05
8.5391537e-05
0.00011066662
0.00014770285
0.00020683291
0.00031533562
0.00056813161
0.0014401707
2.3198582e-05
2.4261218e-05
2.6665484e-05
3.0512537e-05
3.6041808e-05
4.360788e-05
5.3731758e-05
6.7219554e-05
8.5406954e-05
0.00011068147
0.00014771634
0.00020684434
0.00031534459
0.00056813916
0.0014401897
2.3205258e-05
2.4268344e-05
2.6673564e-05
3.0521957e-05
3.6052797e-05
4.362045e-05
5.374567e-05
6.7234325e-05
8.5421907e-05
0.00011069583
0.00014772932
0.00020685527
0.00031535316
0.00056814655
0.0014402089
2.3211991e-05
2.427551e-05
2.6681644e-05
3.0531317e-05
3.6063649e-05
4.3632796e-05
5.3759267e-05
6.7248697e-05
8.5436397e-05
0.00011070968
0.0001477418
0.0002068657
0.00031536135
0.00056815376
0.0014402282
2.3218769e-05
2.4282703e-05
2.668971e-05
3.0540605e-05
3.6074354e-05
4.3644908e-05
5.3772542e-05
6.7262667e-05
8.5450423e-05
0.00011072304
0.00014775377
0.00020687563
0.00031536917
0.00056816081
0.0014402476
2.322558e-05
2.428991e-05
2.6697752e-05
3.0549811e-05
3.6084903e-05
4.3656781e-05
5.3785492e-05
6.7276235e-05
8.5463989e-05
0.00011073591
0.00014776522
0.00020688509
0.00031537663
0.00056816769
0.0014402671
2.3232411e-05
2.4297121e-05
2.6705759e-05
3.0558924e-05
3.6095288e-05
4.3668407e-05
5.3798112e-05
6.7289399e-05
8.5477095e-05
0.00011074828
0.00014777615
0.00020689409
0.00031538373
0.0005681744
0.0014402866
2.3239252e-05
2.4304324e-05
2.6713721e-05
3.0567937e-05
3.61055e-05
4.3679781e-05
5.38104e-05
6.7302159e-05
8.5489743e-05
0.00011076016
0.00014778658
0.00020690264
0.0003153905
0.00056818094
0.0014403061
2.3246092e-05
2.4311508e-05
2.6721628e-05
3.0576839e-05
3.6115533e-05
4.3690898e-05
5.3822354e-05
6.7314518e-05
8.5501941e-05
0.00011077153
0.00014779651
0.00020691075
0.00031539693
0.00056818731
0.0014403255
2.3252921e-05
2.4318665e-05
2.672947e-05
3.0585623e-05
3.6125381e-05
4.3701754e-05
5.3833972e-05
6.7326473e-05
8.5513685e-05
0.00011078241
0.00014780596
0.00020691844
0.00031540304
0.00056819352
0.0014403449
2.325973e-05
2.4325785e-05
2.6737239e-05
3.0594282e-05
3.6135037e-05
4.3712346e-05
5.3845253e-05
6.7338031e-05
8.5524967e-05
0.00011079281
0.00014781494
0.00020692571
0.00031540885
0.00056819957
0.0014403641
2.3266508e-05
2.4332859e-05
2.6744928e-05
3.0602808e-05
3.6144497e-05
4.372267e-05
5.3856196e-05
6.734919e-05
8.5535791e-05
0.00011080272
0.00014782346
0.00020693258
0.00031541435
0.00056820546
0.0014403833
2.3273249e-05
2.4339879e-05
2.6752528e-05
3.0611196e-05
3.6153756e-05
4.3732726e-05
5.3866805e-05
6.7359945e-05
8.5546164e-05
0.00011081217
0.00014783154
0.00020693906
0.00031541955
0.0005682112
0.0014404023
2.3279942e-05
2.4346837e-05
2.6760033e-05
3.061944e-05
3.616281e-05
4.374251e-05
5.3877077e-05
6.7370294e-05
8.5556091e-05
0.00011082117
0.00014783917
0.00020694516
0.00031542448
0.00056821678
0.0014404211
2.3286582e-05
2.4353725e-05
2.6767435e-05
3.0627534e-05
3.6171656e-05
4.3752024e-05
5.3887006e-05
6.7380243e-05
8.5565581e-05
0.00011082971
0.00014784638
0.0002069509
0.00031542914
0.00056822223
0.0014404397
2.3293159e-05
2.4360537e-05
2.677473e-05
3.0635474e-05
3.6180292e-05
4.3761262e-05
5.3896593e-05
6.7389796e-05
8.5574641e-05
0.00011083782
0.00014785318
0.00020695628
0.00031543354
0.00056822754
0.0014404582
2.3299668e-05
2.4367266e-05
2.678191e-05
3.0643256e-05
3.6188714e-05
4.3770221e-05
5.3905838e-05
6.7398956e-05
8.5583277e-05
0.0001108455
0.00014785957
0.00020696131
0.00031543768
0.00056823271
0.0014404764
2.3306101e-05
2.4373905e-05
2.6788973e-05
3.0650876e-05
3.6196918e-05
4.37789e-05
5.3914744e-05
6.7407731e-05
8.5591497e-05
0.00011085275
0.00014786557
0.00020696601
0.00031544158
0.00056823775
0.0014404945
2.3312454e-05
2.4380451e-05
2.6795912e-05
3.065833e-05
3.6204901e-05
4.3787297e-05
5.3923314e-05
6.7416123e-05
8.559931e-05
0.0001108596
0.00014787119
0.00020697039
0.00031544524
0.00056824267
0.0014405124
2.3318721e-05
2.4386898e-05
2.6802723e-05
3.0665612e-05
3.6212659e-05
4.3795415e-05
5.393155e-05
6.7424139e-05
8.5606722e-05
0.00011086605
0.00014787643
0.00020697445
0.00031544867
0.00056824746
0.0014405301
2.3324895e-05
2.4393239e-05
2.68094e-05
3.0672719e-05
3.6220192e-05
4.3803252e-05
5.3939454e-05
6.7431785e-05
8.5613743e-05
0.00011087211
0.00014788131
0.0002069782
0.00031545186
0.00056825211
0.0014405476
2.3330973e-05
2.4399471e-05
2.6815939e-05
3.0679648e-05
3.6227498e-05
4.381081e-05
5.3947031e-05
6.7439066e-05
8.5620378e-05
0.00011087779
0.00014788584
0.00020698165
0.00031545484
0.00056825663
0.0014405649
2.3336948e-05
2.4405587e-05
2.6822337e-05
3.0686396e-05
3.6234576e-05
4.381809e-05
5.3954285e-05
6.7445988e-05
8.5626637e-05
0.00011088309
0.00014789003
0.0002069848
0.00031545759
0.000568261
0.0014405819
2.3342816e-05
2.4411585e-05
2.682859e-05
3.0692962e-05
3.6241425e-05
4.3825094e-05
5.3961218e-05
6.7452557e-05
8.5632528e-05
0.00011088803
0.00014789388
0.00020698767
0.00031546011
0.00056826522
0.0014405988
2.3348574e-05
2.441746e-05
2.6834694e-05
3.0699343e-05
3.6248047e-05
4.3831824e-05
5.3967836e-05
6.745878e-05
8.5638058e-05
0.00011089262
0.0001478974
0.00020699026
0.00031546242
0.00056826927
0.0014406154
2.3354218e-05
2.4423209e-05
2.6840648e-05
3.0705538e-05
3.625444e-05
4.3838283e-05
5.3974142e-05
6.7464663e-05
8.5643236e-05
0.00011089686
0.0001479006
0.00020699258
0.00031546451
0.00056827316
0.0014406318
2.3359743e-05
2.4428828e-05
2.6846448e-05
3.0711547e-05
3.6260607e-05
4.3844472e-05
5.3980143e-05
6.7470214e-05
8.5648071e-05
0.00011090077
0.0001479035
0.00020699464
0.00031546639
0.00056827686
0.0014406478
2.3365148e-05
2.4434316e-05
2.6852094e-05
3.0717368e-05
3.6266548e-05
4.3850396e-05
5.3985843e-05
6.7475439e-05
8.5652571e-05
0.00011090435
0.0001479061
0.00020699643
0.00031546805
0.00056828038
0.0014406636
2.3370429e-05
2.443967e-05
2.6857584e-05
3.0723002e-05
3.6272264e-05
4.3856058e-05
5.3991248e-05
6.7480346e-05
8.5656745e-05
0.00011090761
0.00014790841
0.00020699798
0.00031546951
0.0005682837
0.001440679
2.3375585e-05
2.4444889e-05
2.6862918e-05
3.0728449e-05
3.6277758e-05
4.3861461e-05
5.3996363e-05
6.7484943e-05
8.5660602e-05
0.00011091057
0.00014791044
0.00020699929
0.00031547077
0.00056828683
0.001440694
2.3380614e-05
2.4449971e-05
2.6868093e-05
3.073371e-05
3.6283033e-05
4.3866611e-05
5.4001196e-05
6.7489239e-05
8.5664153e-05
0.00011091323
0.0001479122
0.00020700037
0.00031547183
0.00056828977
0.0014407086
2.3385515e-05
2.4454914e-05
2.6873111e-05
3.0738786e-05
3.628809e-05
4.3871512e-05
5.4005752e-05
6.749324e-05
8.5667407e-05
0.00011091561
0.00014791371
0.00020700123
0.00031547271
0.00056829252
0.0014407227
2.3390285e-05
2.4459719e-05
2.6877972e-05
3.0743678e-05
3.6292933e-05
4.3876168e-05
5.4010039e-05
6.7496957e-05
8.5670374e-05
0.00011091772
0.00014791497
0.00020700189
0.00031547343
0.00056829509
0.0014407363
2.3394925e-05
2.4464385e-05
2.6882675e-05
3.0748388e-05
3.6297566e-05
4.3880585e-05
5.4014063e-05
6.7500398e-05
8.5673066e-05
0.00011091956
0.000147916
0.00020700236
0.00031547399
0.00056829751
0.0014407494
2.3399433e-05
2.4468911e-05
2.6887222e-05
3.0752919e-05
3.6301991e-05
4.3884769e-05
5.4017832e-05
6.7503573e-05
8.5675491e-05
0.00011092116
0.00014791681
0.00020700264
0.00031547441
0.00056829978
0.001440762
2.340381e-05
2.4473297e-05
2.6891613e-05
3.0757271e-05
3.6306213e-05
4.3888724e-05
5.4021354e-05
6.7506489e-05
8.5677662e-05
0.00011092252
0.00014791741
0.00020700276
0.0003154747
0.00056830194
0.0014407742
2.3408054e-05
2.4477544e-05
2.689585e-05
3.0761447e-05
3.6310235e-05
4.3892456e-05
5.4024635e-05
6.7509157e-05
8.5679588e-05
0.00011092365
0.00014791782
0.00020700272
0.00031547488
0.00056830399
0.0014407858
2.3412165e-05
2.4481652e-05
2.6899932e-05
3.0765449e-05
3.6314061e-05
4.3895971e-05
5.4027683e-05
6.7511586e-05
8.568128e-05
0.00011092456
0.00014791804
0.00020700255
0.00031547497
0.00056830596
0.001440797
2.3416144e-05
2.448562e-05
2.6903863e-05
3.0769281e-05
3.6317695e-05
4.3899275e-05
5.4030506e-05
6.7513783e-05
8.5682747e-05
0.00011092527
0.00014791809
0.00020700224
0.00031547497
0.00056830787
0.0014408077
2.341999e-05
2.448945e-05
2.6907641e-05
3.0772944e-05
3.6321141e-05
4.3902372e-05
5.4033109e-05
6.7515758e-05
8.5683999e-05
0.00011092578
0.00014791798
0.00020700181
0.00031547489
0.00056830974
0.0014408181
2.3423704e-05
2.4493142e-05
2.691127e-05
3.077644e-05
3.6324402e-05
4.3905269e-05
5.4035501e-05
6.7517518e-05
8.5685045e-05
0.00011092611
0.00014791771
0.00020700126
0.00031547475
0.00056831158
0.0014408282
2.3427285e-05
2.4496697e-05
2.6914751e-05
3.0779772e-05
3.6327482e-05
4.3907969e-05
5.4037687e-05
6.7519071e-05
8.5685893e-05
0.00011092626
0.0001479173
0.00020700061
0.00031547455
0.00056831339
0.001440838
2.3430735e-05
2.4500115e-05
2.6918084e-05
3.0782943e-05
3.6330385e-05
4.3910479e-05
5.4039673e-05
6.7520424e-05
8.5686551e-05
0.00011092624
0.00014791674
0.00020699986
0.00031547428
0.00056831517
0.0014408476
2.3434053e-05
2.4503397e-05
2.6921271e-05
3.0785955e-05
3.6333115e-05
4.3912803e-05
5.4041466e-05
6.7521585e-05
8.5687026e-05
0.00011092606
0.00014791605
0.000206999
0.00031547394
0.00056831691
0.001440857
2.3437241e-05
2.4506544e-05
2.6924314e-05
3.0788809e-05
3.6335674e-05
4.3914945e-05
5.4043072e-05
6.7522559e-05
8.5687325e-05
0.00011092572
0.00014791523
0.00020699804
0.00031547353
0.00056831861
0.0014408663
2.34403e-05
2.4509557e-05
2.6927214e-05
3.079151e-05
3.6338067e-05
4.391691e-05
5.4044495e-05
6.7523353e-05
8.5687453e-05
0.00011092523
0.00014791428
0.00020699698
0.00031547305
0.00056832023
0.0014408754
2.344323e-05
2.4512438e-05
2.6929973e-05
3.0794059e-05
3.6340297e-05
4.3918703e-05
5.4045741e-05
6.7523972e-05
8.5687418e-05
0.00011092459
0.00014791321
0.00020699582
0.00031547247
0.00056832177
0.0014408845
2.3446033e-05
2.4515188e-05
2.6932594e-05
3.0796459e-05
3.6342368e-05
4.3920329e-05
5.4046816e-05
6.7524423e-05
8.5687225e-05
0.00011092381
0.00014791202
0.00020699456
0.00031547181
0.00056832319
0.0014408933
2.344871e-05
2.4517809e-05
2.6935079e-05
3.0798713e-05
3.6344282e-05
4.3921791e-05
5.4047725e-05
6.7524711e-05
8.5686879e-05
0.0001109229
0.00014791071
0.00020699319
0.00031547103
0.00056832447
0.0014409021
2.3451265e-05
2.4520303e-05
2.6937429e-05
3.0800824e-05
3.6346046e-05
4.3923095e-05
5.4048474e-05
6.7524842e-05
8.5686387e-05
0.00011092185
0.00014790929
0.00020699173
0.00031547015
0.00056832559
0.0014409106
2.3453698e-05
2.4522672e-05
2.6939649e-05
3.0802796e-05
3.6347662e-05
4.3924246e-05
5.4049068e-05
6.7524823e-05
8.5685755e-05
0.00011092068
0.00014790775
0.00020699016
0.00031546915
0.00056832652
0.0014409188
2.3456013e-05
2.4524919e-05
2.694174e-05
3.0804633e-05
3.6349134e-05
4.3925249e-05
5.4049513e-05
6.752466e-05
8.5684989e-05
0.0001109194
0.00014790612
0.0002069885
0.00031546803
0.00056832725
0.0014409267
2.3458212e-05
2.4527048e-05
2.6943706e-05
3.0806337e-05
3.6350469e-05
4.3926109e-05
5.4049816e-05
6.752436e-05
8.5684097e-05
0.000110918
0.00014790439
0.00020698674
0.00031546681
0.00056832777
0.0014409341
2.3460298e-05
2.452906e-05
2.6945551e-05
3.0807914e-05
3.635167e-05
4.3926833e-05
5.4049983e-05
6.752393e-05
8.5683086e-05
0.00011091649
0.00014790257
0.00020698491
0.00031546548
0.00056832809
0.0014409411
2.3462274e-05
2.4530959e-05
2.6947278e-05
3.0809367e-05
3.6352744e-05
4.3927427e-05
5.4050021e-05
6.7523378e-05
8.5681964e-05
0.00011091489
0.00014790067
0.000206983
0.00031546405
0.00056832822
0.0014409476
2.3464142e-05
2.4532749e-05
2.6948892e-05
3.0810702e-05
3.6353694e-05
4.3927896e-05
5.4049937e-05
6.7522711e-05
8.5680741e-05
0.00011091321
0.0001478987
0.00020698103
0.00031546256
0.00056832818
0.0014409534
2.3465907e-05
2.4534432e-05
2.6950395e-05
3.0811923e-05
3.6354527e-05
4.3928247e-05
5.4049738e-05
6.7521938e-05
8.5679423e-05
0.00011091144
0.00014789667
0.00020697902
0.000315461
0.00056832799
0.0014409587
2.346757e-05
2.4536012e-05
2.6951793e-05
3.0813034e-05
3.6355249e-05
4.3928487e-05
5.4049433e-05
6.7521066e-05
8.5678022e-05
0.00011090962
0.0001478946
0.00020697698
0.00031545942
0.00056832769
0.0014409633
2.3469135e-05
2.4537493e-05
2.6953088e-05
3.081404e-05
3.6355864e-05
4.3928622e-05
5.4049028e-05
6.7520105e-05
8.5676546e-05
0.00011090773
0.00014789249
0.00020697492
0.00031545782
0.00056832732
0.0014409673
2.3470605e-05
2.4538878e-05
2.6954284e-05
3.0814946e-05
3.6356378e-05
4.3928658e-05
5.404853e-05
6.7519062e-05
8.5675003e-05
0.0001109058
0.00014789035
0.00020697285
0.00031545623
0.00056832692
0.0014409708
2.3471982e-05
2.4540168e-05
2.6955386e-05
3.0815756e-05
3.6356796e-05
4.3928601e-05
5.4047947e-05
6.7517945e-05
8.5673401e-05
0.00011090383
0.0001478882
0.0002069708
0.00031545467
0.00056832654
0.0014409737
2.3473269e-05
2.4541369e-05
2.6956396e-05
3.0816473e-05
3.6357123e-05
4.3928458e-05
5.4047284e-05
6.7516761e-05
8.567175e-05
0.00011090183
0.00014788604
0.00020696877
0.00031545315
0.0005683262
0.0014409762
2.3474467e-05
2.4542481e-05
2.6957317e-05
3.0817103e-05
3.6357364e-05
4.3928233e-05
5.4046548e-05
6.7515517e-05
8.5670055e-05
0.0001108998
0.00014788389
0.00020696676
0.0003154517
0.00056832594
0.0014409783
2.3475579e-05
2.4543507e-05
2.6958153e-05
3.0817647e-05
3.6357523e-05
4.3927931e-05
5.4045745e-05
6.7514218e-05
8.5668323e-05
0.00011089777
0.00014788174
0.00020696479
0.00031545032
0.00056832579
0.0014409802
2.3476607e-05
2.4544449e-05
2.6958906e-05
3.081811e-05
3.6357603e-05
4.3927556e-05
5.4044878e-05
6.751287e-05
8.5666559e-05
0.00011089571
0.0001478796
0.00020696286
0.00031544901
0.00056832575
0.001440982
2.3477552e-05
2.454531e-05
2.6959578e-05
3.0818493e-05
3.6357607e-05
4.3927113e-05
5.4043953e-05
6.7511476e-05
8.5664767e-05
0.00011089365
0.00014787748
0.00020696096
0.00031544777
0.00056832583
0.0014409838
2.3478417e-05
2.454609e-05
2.6960171e-05
3.08188e-05
3.635754e-05
4.3926604e-05
5.4042973e-05
6.7510041e-05
8.5662949e-05
0.00011089159
0.00014787537
0.0002069591
0.00031544659
0.00056832602
0.0014409856
2.3479202e-05
2.4546792e-05
2.6960687e-05
3.0819033e-05
3.6357402e-05
4.3926032e-05
5.404194e-05
6.7508568e-05
8.5661109e-05
0.00011088951
0.00014787327
0.00020695726
0.00031544545
0.00056832631
0.0014409876
2.3479909e-05
2.4547418e-05
2.6961128e-05
3.0819194e-05
3.6357197e-05
4.3925401e-05
5.4040858e-05
6.7507057e-05
8.5659246e-05
0.00011088744
0.00014787117
0.00020695545
0.00031544435
0.00056832665
0.0014409898
2.348054e-05
2.4547968e-05
2.6961495e-05
3.0819284e-05
3.6356927e-05
4.3924712e-05
5.4039728e-05
6.7505511e-05
8.5657363e-05
0.00011088535
0.00014786908
0.00020695364
0.00031544325
0.00056832702
0.0014409922
2.3481096e-05
2.4548444e-05
2.6961791e-05
3.0819305e-05
3.6356594e-05
4.3923967e-05
5.4038552e-05
6.7503932e-05
8.5655459e-05
0.00011088326
0.00014786699
0.00020695183
0.00031544215
0.00056832738
0.0014409948
2.3481581e-05
2.454885e-05
2.6962018e-05
3.0819261e-05
3.6356199e-05
4.3923168e-05
5.4037332e-05
6.750232e-05
8.5653535e-05
0.00011088115
0.0001478649
0.00020695001
0.00031544101
0.00056832767
0.0014409975
2.3481996e-05
2.4549186e-05
2.6962176e-05
3.0819152e-05
3.6355745e-05
4.3922317e-05
5.403607e-05
6.7500677e-05
8.5651592e-05
0.00011087904
0.0001478628
0.00020694818
0.00031543982
0.00056832785
0.0014410005
2.3482343e-05
2.4549454e-05
2.6962269e-05
3.0818981e-05
3.6355235e-05
4.3921418e-05
5.4034768e-05
6.7499005e-05
8.5649629e-05
0.00011087691
0.00014786068
0.00020694631
0.00031543857
0.0005683279
0.0014410034
2.3482625e-05
2.4549659e-05
2.69623e-05
3.081875e-05
3.635467e-05
4.3920471e-05
5.4033428e-05
6.7497305e-05
8.5647648e-05
0.00011087477
0.00014785856
0.00020694442
0.00031543724
0.00056832776
0.0014410063
2.3482846e-05
2.4549802e-05
2.6962271e-05
3.0818463e-05
3.6354054e-05
4.391948e-05
5.4032054e-05
6.749558e-05
8.5645652e-05
0.00011087263
0.00014785643
0.00020694251
0.00031543583
0.00056832743
0.0014410091
2.3483009e-05
2.4549887e-05
2.6962185e-05
3.0818123e-05
3.635339e-05
4.3918449e-05
5.4030647e-05
6.7493833e-05
8.5643643e-05
0.00011087048
0.00014785428
0.00020694056
0.00031543433
0.00056832688
0.0014410116
2.3483116e-05
2.4549917e-05
2.6962046e-05
3.0817733e-05
3.6352682e-05
4.391738e-05
5.4029212e-05
6.7492068e-05
8.5641624e-05
0.00011086832
0.00014785214
0.00020693859
0.00031543276
0.00056832612
0.0014410137
2.3483173e-05
2.4549895e-05
2.6961857e-05
3.0817296e-05
3.6351933e-05
4.3916278e-05
5.4027753e-05
6.7490288e-05
8.5639601e-05
0.00011086617
0.00014784999
0.00020693661
0.00031543113
0.00056832516
0.0014410154
2.3483181e-05
2.4549826e-05
2.6961622e-05
3.0816818e-05
3.6351147e-05
4.3915148e-05
5.4026275e-05
6.7488498e-05
8.5637577e-05
0.00011086402
0.00014784785
0.00020693463
0.00031542945
0.00056832402
0.0014410165
2.3483146e-05
2.4549713e-05
2.6961345e-05
3.0816301e-05
3.6350329e-05
4.3913992e-05
5.4024781e-05
6.7486704e-05
8.5635559e-05
0.00011086188
0.00014784573
0.00020693266
0.00031542775
0.00056832274
0.001441017
2.3483069e-05
2.4549559e-05
2.6961029e-05
3.0815749e-05
3.6349483e-05
4.3912817e-05
5.4023277e-05
6.7484911e-05
8.5633552e-05
0.00011085977
0.00014784364
0.00020693072
0.00031542605
0.00056832136
0.0014410169
2.3482955e-05
2.4549369e-05
2.696068e-05
3.0815168e-05
3.6348613e-05
4.3911627e-05
5.4021769e-05
6.7483124e-05
8.5631564e-05
0.00011085769
0.00014784159
0.00020692882
0.00031542438
0.00056831992
0.0014410162
2.3482806e-05
2.4549145e-05
2.6960299e-05
3.0814561e-05
3.6347723e-05
4.3910426e-05
5.402026e-05
6.7481349e-05
8.5629598e-05
0.00011085564
0.00014783958
0.00020692697
0.00031542276
0.00056831848
0.0014410149
2.3482625e-05
2.454889e-05
2.6959891e-05
3.081393e-05
3.6346819e-05
4.3909219e-05
5.4018756e-05
6.747959e-05
8.5627662e-05
0.00011085363
0.00014783763
0.00020692518
0.00031542122
0.0005683171
0.0014410131
2.3482415e-05
2.4548608e-05
2.6959458e-05
3.0813281e-05
3.6345902e-05
4.390801e-05
5.4017261e-05
6.7477853e-05
8.5625761e-05
0.00011085167
0.00014783573
0.00020692348
0.00031541978
0.00056831582
0.0014410109
2.3482178e-05
2.4548299e-05
2.6959003e-05
3.0812615e-05
3.6344976e-05
4.3906801e-05
5.4015779e-05
6.7476141e-05
8.5623898e-05
0.00011084977
0.00014783391
0.00020692187
0.00031541845
0.00056831468
0.0014410084
2.3481914e-05
2.4547968e-05
2.6958529e-05
3.0811935e-05
3.6344045e-05
4.3905597e-05
5.4014312e-05
6.7474457e-05
8.5622076e-05
0.00011084792
0.00014783215
0.00020692034
0.00031541725
0.0005683137
0.0014410057
2.3481627e-05
2.4547614e-05
2.6958036e-05
3.0811244e-05
3.634311e-05
4.3904399e-05
5.4012864e-05
6.7472805e-05
8.56203e-05
0.00011084612
0.00014783047
0.0002069189
0.00031541617
0.00056831291
0.0014410029
2.3481315e-05
2.4547239e-05
2.6957528e-05
3.0810542e-05
3.6342173e-05
4.390321e-05
5.4011436e-05
6.7471185e-05
8.5618568e-05
0.00011084439
0.00014782886
0.00020691756
0.00031541521
0.00056831231
0.0014410002
2.3480981e-05
2.4546844e-05
2.6957003e-05
3.0809831e-05
3.6341236e-05
4.390203e-05
5.4010029e-05
6.7469599e-05
8.5616882e-05
0.00011084271
0.00014782732
0.0002069163
0.00031541437
0.00056831189
0.0014409977
2.3480624e-05
2.4546429e-05
2.6956464e-05
3.0809112e-05
3.6340299e-05
4.3900861e-05
5.4008643e-05
6.7468047e-05
8.5615242e-05
0.00011084108
0.00014782584
0.00020691512
0.00031541363
0.00056831165
0.0014409955
2.3480245e-05
2.4545996e-05
2.695591e-05
3.0808386e-05
3.6339362e-05
4.3899702e-05
5.400728e-05
6.7466527e-05
8.5613644e-05
0.00011083951
0.00014782443
0.000206914
0.00031541298
0.00056831156
0.0014409937
2.3479845e-05
2.4545543e-05
2.6955342e-05
3.0807651e-05
3.6338427e-05
4.3898554e-05
5.4005938e-05
6.7465039e-05
8.5612088e-05
0.00011083799
0.00014782306
0.00020691294
0.0003154124
0.00056831161
0.0014409922
2.3479423e-05
2.4545072e-05
2.6954761e-05
3.0806909e-05
3.6337491e-05
4.3897416e-05
5.4004615e-05
6.7463581e-05
8.5610571e-05
0.00011083651
0.00014782174
0.00020691193
0.00031541187
0.00056831174
0.0014409912
2.3478981e-05
2.4544582e-05
2.6954165e-05
3.0806159e-05
3.6336556e-05
4.3896287e-05
5.4003312e-05
6.7462152e-05
8.5609088e-05
0.00011083507
0.00014782046
0.00020691094
0.00031541136
0.00056831192
0.0014409907
2.3478518e-05
2.4544074e-05
2.6953555e-05
3.0805402e-05
3.6335621e-05
4.3895167e-05
5.4002026e-05
6.7460748e-05
8.5607638e-05
0.00011083367
0.00014781921
0.00020690997
0.00031541084
0.00056831209
0.0014409905
2.3478035e-05
2.4543549e-05
2.6952931e-05
3.0804637e-05
3.6334686e-05
4.3894055e-05
5.4000757e-05
6.7459368e-05
8.5606218e-05
0.0001108323
0.00014781799
0.00020690901
0.0003154103
0.00056831222
0.0014409907
2.3477534e-05
2.4543006e-05
2.6952295e-05
3.0803864e-05
3.633375e-05
4.3892951e-05
5.3999504e-05
6.7458011e-05
8.5604825e-05
0.00011083095
0.00014781678
0.00020690805
0.00031540972
0.00056831227
0.0014409912
2.3477015e-05
2.4542447e-05
2.6951645e-05
3.0803084e-05
3.6332814e-05
4.3891854e-05
5.3998266e-05
6.7456675e-05
8.5603456e-05
0.00011082963
0.00014781559
0.00020690708
0.00031540908
0.00056831218
0.0014409918
2.347648e-05
2.4541874e-05
2.6950985e-05
3.0802297e-05
3.6331878e-05
4.3890764e-05
5.3997041e-05
6.745536e-05
8.5602111e-05
0.00011082833
0.0001478144
0.00020690609
0.00031540837
0.00056831194
0.0014409926
2.3475932e-05
2.4541287e-05
2.6950314e-05
3.0801506e-05
3.6330943e-05
4.3889682e-05
5.3995832e-05
6.7454064e-05
8.5600789e-05
0.00011082704
0.00014781323
0.00020690508
0.00031540758
0.00056831151
0.0014409933
2.347537e-05
2.4540689e-05
2.6949634e-05
3.080071e-05
3.6330009e-05
4.3888608e-05
5.3994637e-05
6.7452789e-05
8.5599489e-05
0.00011082578
0.00014781207
0.00020690404
0.0003154067
0.00056831086
0.0014409939
2.3474799e-05
2.4540081e-05
2.6948948e-05
3.0799911e-05
3.6329079e-05
4.3887544e-05
5.3993459e-05
6.7451535e-05
8.5598213e-05
0.00011082454
0.00014781091
0.000206903
0.00031540574
0.00056830997
0.0014409942
2.347422e-05
2.4539466e-05
2.6948256e-05
3.0799112e-05
3.6328154e-05
4.3886492e-05
5.3992298e-05
6.7450303e-05
8.5596962e-05
0.00011082333
0.00014780977
0.00020690193
0.0003154047
0.00056830885
0.0014409941
2.3473636e-05
2.4538846e-05
2.6947562e-05
3.0798315e-05
3.6327235e-05
4.3885452e-05
5.3991156e-05
6.7449096e-05
8.5595738e-05
0.00011082213
0.00014780865
0.00020690088
0.00031540363
0.00056830756
0.0014409935
2.3473048e-05
2.4538224e-05
2.6946867e-05
3.0797521e-05
3.6326326e-05
4.3884428e-05
5.3990036e-05
6.7447916e-05
8.5594545e-05
0.00011082098
0.00014780755
0.00020689983
0.00031540253
0.00056830614
0.0014409925
2.347246e-05
2.45376e-05
2.6946175e-05
3.0796732e-05
3.6325428e-05
4.3883422e-05
5.398894e-05
6.7446766e-05
8.5593384e-05
0.00011081985
0.00014780649
0.00020689881
0.00031540144
0.00056830464
0.0014409908
2.3471872e-05
2.4536979e-05
2.6945486e-05
3.0795952e-05
3.6324543e-05
4.3882434e-05
5.398787e-05
6.7445647e-05
8.5592259e-05
0.00011081876
0.00014780546
0.00020689784
0.00031540038
0.00056830312
0.0014409887
2.3471289e-05
2.4536362e-05
2.6944804e-05
3.0795183e-05
3.6323675e-05
4.3881469e-05
5.3986828e-05
6.7444562e-05
8.5591173e-05
0.00011081772
0.00014780449
0.00020689692
0.00031539939
0.00056830164
0.001440986
2.347071e-05
2.4535751e-05
2.6944131e-05
3.0794426e-05
3.6322823e-05
4.3880529e-05
5.3985817e-05
6.7443512e-05
8.5590129e-05
0.00011081672
0.00014780357
0.00020689606
0.00031539848
0.00056830026
0.001440983
2.3470137e-05
2.4535147e-05
2.6943467e-05
3.0793683e-05
3.6321992e-05
4.3879613e-05
5.3984837e-05
6.7442502e-05
8.5589129e-05
0.00011081578
0.00014780271
0.00020689529
0.00031539767
0.00056829901
0.0014409796
2.3469573e-05
2.4534552e-05
2.6942816e-05
3.0792956e-05
3.6321182e-05
4.3878725e-05
5.3983891e-05
6.7441532e-05
8.5588177e-05
0.00011081489
0.00014780192
0.00020689459
0.00031539699
0.00056829793
0.001440976
2.3469017e-05
2.4533967e-05
2.6942177e-05
3.0792246e-05
3.6320394e-05
4.3877866e-05
5.3982981e-05
6.7440604e-05
8.5587274e-05
0.00011081405
0.00014780119
0.00020689398
0.00031539642
0.00056829705
0.0014409724
2.346847e-05
2.4533393e-05
2.6941552e-05
3.0791554e-05
3.6319629e-05
4.3877036e-05
5.3982106e-05
6.7439718e-05
8.558642e-05
0.00011081328
0.00014780053
0.00020689346
0.00031539599
0.00056829638
0.0014409687
2.3467933e-05
2.4532831e-05
2.6940941e-05
3.079088e-05
3.6318888e-05
4.3876236e-05
5.3981269e-05
6.7438876e-05
8.5585615e-05
0.00011081255
0.00014779994
0.00020689302
0.00031539567
0.00056829592
0.0014409653
2.3467405e-05
2.453228e-05
2.6940345e-05
3.0790226e-05
3.6318172e-05
4.3875466e-05
5.3980467e-05
6.7438076e-05
8.5584859e-05
0.00011081189
0.0001477994
0.00020689266
0.00031539547
0.00056829566
0.001440962
2.3466886e-05
2.453174e-05
2.6939764e-05
3.0789591e-05
3.631748e-05
4.3874726e-05
5.3979702e-05
6.7437319e-05
8.5584149e-05
0.00011081127
0.00014779893
0.00020689236
0.00031539537
0.00056829559
0.0014409591
2.3466376e-05
2.4531211e-05
2.6939197e-05
3.0788974e-05
3.6316811e-05
4.3874016e-05
5.3978972e-05
6.7436601e-05
8.5583484e-05
0.0001108107
0.0001477985
0.00020689213
0.00031539535
0.00056829569
0.0014409566
2.3465875e-05
2.4530692e-05
2.6938643e-05
3.0788375e-05
3.6316166e-05
4.3873334e-05
5.3978276e-05
6.7435922e-05
8.5582861e-05
0.00011081018
0.00014779812
0.00020689194
0.0003153954
0.00056829592
0.0014409545
2.3465381e-05
2.4530183e-05
2.6938103e-05
3.0787793e-05
3.6315542e-05
4.3872679e-05
5.3977611e-05
6.7435279e-05
8.5582276e-05
0.00011080969
0.00014779778
0.00020689179
0.00031539549
0.00056829625
0.0014409529
2.3464898e-05
2.4529687e-05
2.6937578e-05
3.0787231e-05
3.6314943e-05
4.3872053e-05
5.3976979e-05
6.743467e-05
8.5581727e-05
0.00011080924
0.00014779747
0.00020689166
0.00031539561
0.00056829665
0.0014409516
)
;

boundaryField
{
    water_inlet
    {
        type            turbulentMixingLengthDissipationRateInlet;
        mixingLength    0.005;
        phi             phi;
        k               k;
        value           uniform 0.00011791765;
    }
    water_outlet
    {
        type            inletOutlet;
        inletValue      uniform 0.0001;
        value           nonuniform List<scalar> 
15
(
2.3464898e-05
2.4529687e-05
2.6937578e-05
3.0787231e-05
3.6314943e-05
4.3872053e-05
5.3976979e-05
6.743467e-05
8.5581727e-05
0.00011080924
0.00014779747
0.00020689166
0.00031539561
0.00056829665
0.0014409516
)
;
    }
    water_wedge1
    {
        type            wedge;
    }
    water_wedge2
    {
        type            wedge;
    }
    water_to_rock
    {
        type            epsilonWallFunction;
        blending        stepwise;
        value           nonuniform List<scalar> 
400
(
0.00073980483
0.0010520452
0.0013270628
0.0015411415
0.0016895689
0.0017792142
0.0018218943
0.0018300463
0.0018145574
0.0017840405
0.001744886
0.0017016307
0.00165739
0.0016142425
0.0015735325
0.0015360911
0.0015023901
0.0014726449
0.0014468811
0.00142498
0.0014067117
0.0013917631
0.0013797649
0.0013703185
0.0013630208
0.0013574861
0.001353362
0.0013503406
0.0013481619
0.0013466143
0.00134553
0.0013447796
0.0013442658
0.0013439174
0.0013436835
0.0013435288
0.0013434302
0.001343373
0.0013433493
0.0013433553
0.0013433902
0.0013434553
0.0013435527
0.0013436849
0.0013438547
0.0013440645
0.0013443165
0.0013446125
0.0013449537
0.001345341
0.0013457749
0.0013462556
0.0013467828
0.001347356
0.0013479746
0.0013486378
0.0013493444
0.0013500934
0.0013508836
0.0013517137
0.0013525823
0.0013534882
0.0013544295
0.0013554045
0.001356411
0.001357447
0.0013585105
0.0013595997
0.0013607134
0.0013618503
0.0013630097
0.0013641909
0.0013653934
0.0013666164
0.001367859
0.0013691204
0.0013703998
0.0013716964
0.0013730095
0.0013743381
0.0013756814
0.0013770387
0.0013784091
0.0013797918
0.0013811859
0.0013825907
0.0013840054
0.0013854292
0.0013868613
0.001388301
0.0013897473
0.0013911997
0.0013926572
0.0013941192
0.0013955849
0.0013970535
0.0013985243
0.0013999964
0.0014014692
0.0014029417
0.0014044133
0.001405883
0.0014073501
0.0014088137
0.0014102728
0.0014117266
0.0014131741
0.0014146144
0.0014160462
0.0014174686
0.0014188805
0.0014202806
0.0014216676
0.0014230404
0.0014243975
0.0014257377
0.0014270594
0.0014283612
0.0014296416
0.0014308991
0.0014321323
0.0014333396
0.0014345195
0.0014356706
0.0014367915
0.0014378807
0.001438937
0.0014399591
0.001440946
0.0014418966
0.0014428099
0.0014436853
0.0014445219
0.0014453192
0.0014460768
0.0014467945
0.0014474721
0.0014481095
0.0014487068
0.0014492644
0.0014497826
0.0014502617
0.0014507025
0.0014511055
0.0014514716
0.0014518016
0.0014520964
0.0014523571
0.0014525847
0.0014527802
0.0014529449
0.0014530799
0.0014531865
0.0014532657
0.001453319
0.0014533474
0.0014533523
0.0014533349
0.0014532965
0.0014532381
0.0014531611
0.0014530665
0.0014529556
0.0014528294
0.0014526891
0.0014525357
0.0014523701
0.0014521935
0.0014520068
0.0014518108
0.0014516062
0.0014513937
0.001451174
0.0014509477
0.0014507155
0.0014504783
0.0014502367
0.0014499915
0.0014497434
0.0014494931
0.0014492411
0.001448988
0.0014487344
0.0014484807
0.0014482275
0.0014479752
0.0014477242
0.0014474749
0.0014472276
0.0014469826
0.0014467403
0.0014465009
0.0014462647
0.0014460319
0.0014458026
0.0014455772
0.0014453558
0.0014451385
0.0014449254
0.0014447168
0.0014445126
0.0014443131
0.0014441182
0.001443928
0.0014437426
0.001443562
0.0014433864
0.0014432156
0.0014430497
0.0014428887
0.0014427327
0.0014425815
0.0014424353
0.0014422939
0.0014421573
0.0014420255
0.0014418985
0.0014417762
0.0014416586
0.0014415456
0.0014414371
0.0014413331
0.0014412335
0.0014411382
0.0014410473
0.0014409605
0.0014408779
0.0014407993
0.0014407247
0.0014406539
0.001440587
0.0014405238
0.0014404642
0.0014404081
0.0014403555
0.0014403062
0.0014402602
0.0014402174
0.0014401777
0.001440141
0.0014401072
0.0014400762
0.0014400479
0.0014400223
0.0014399993
0.0014399787
0.0014399604
0.0014399445
0.0014399308
0.0014399192
0.0014399097
0.0014399021
0.0014398964
0.0014398924
0.0014398902
0.0014398897
0.0014398907
0.0014398932
0.0014398971
0.0014399024
0.0014399089
0.0014399166
0.0014399255
0.0014399354
0.0014399463
0.0014399581
0.0014399709
0.0014399844
0.0014399987
0.0014400137
0.0014400293
0.0014400456
0.0014400623
0.0014400795
0.0014400971
0.0014401151
0.0014401334
0.0014401519
0.0014401707
0.0014401897
0.0014402089
0.0014402282
0.0014402476
0.0014402671
0.0014402866
0.0014403061
0.0014403255
0.0014403449
0.0014403641
0.0014403833
0.0014404023
0.0014404211
0.0014404397
0.0014404582
0.0014404764
0.0014404945
0.0014405124
0.0014405301
0.0014405476
0.0014405649
0.0014405819
0.0014405988
0.0014406154
0.0014406318
0.0014406478
0.0014406636
0.001440679
0.001440694
0.0014407086
0.0014407227
0.0014407363
0.0014407494
0.001440762
0.0014407742
0.0014407858
0.001440797
0.0014408077
0.0014408181
0.0014408282
0.001440838
0.0014408476
0.001440857
0.0014408663
0.0014408754
0.0014408845
0.0014408933
0.0014409021
0.0014409106
0.0014409188
0.0014409267
0.0014409341
0.0014409411
0.0014409476
0.0014409534
0.0014409587
0.0014409633
0.0014409673
0.0014409708
0.0014409737
0.0014409762
0.0014409783
0.0014409802
0.001440982
0.0014409838
0.0014409856
0.0014409876
0.0014409898
0.0014409922
0.0014409948
0.0014409975
0.0014410005
0.0014410034
0.0014410063
0.0014410091
0.0014410116
0.0014410137
0.0014410154
0.0014410165
0.001441017
0.0014410169
0.0014410162
0.0014410149
0.0014410131
0.0014410109
0.0014410084
0.0014410057
0.0014410029
0.0014410002
0.0014409977
0.0014409955
0.0014409937
0.0014409922
0.0014409912
0.0014409907
0.0014409905
0.0014409907
0.0014409912
0.0014409918
0.0014409926
0.0014409933
0.0014409939
0.0014409942
0.0014409941
0.0014409935
0.0014409925
0.0014409908
0.0014409887
0.001440986
0.001440983
0.0014409796
0.001440976
0.0014409724
0.0014409687
0.0014409653
0.001440962
0.0014409591
0.0014409566
0.0014409545
0.0014409529
0.0014409516
)
;
    }
}


// ************************************************************************* //
