/*--------------------------------*- C++ -*----------------------------------*\
| =========                 |                                                 |
| \\      /  F ield         | OpenFOAM: The Open Source CFD Toolbox           |
|  \\    /   O peration     | Version:  2506                                  |
|   \\  /    A nd           | Website:  www.openfoam.com                      |
|    \\/     M anipulation  |                                                 |
\*---------------------------------------------------------------------------*/
FoamFile
{
    version     2.0;
    format      ascii;
    arch        "LSB;label=32;scalar=64";
    class       volScalarField;
    location    "25000/water";
    object      k;
}
// * * * * * * * * * * * * * * * * * * * * * * * * * * * * * * * * * * * * * //

dimensions      [0 2 -2 0 0 0 0];

internalField   nonuniform List<scalar> 
6000
(
0.0002144485
0.00021444827
0.00021444833
0.00021444852
0.00021444878
0.00021444911
0.00021444953
0.00021445001
0.00021445038
0.00021444961
0.00021444477
0.00021444847
0.00021482328
0.00022098609
0.00033298785
0.00019735372
0.00019735408
0.00019735481
0.00019735601
0.00019735759
0.00019735962
0.00019736212
0.0001973649
0.00019736678
0.00019736231
0.00019733424
0.0001972933
0.00019808165
0.00021190706
0.00042108833
0.00018260526
0.00018260625
0.00018260756
0.00018260957
0.0001826122
0.00018261554
0.00018261945
0.00018262311
0.00018262253
0.00018260174
0.00018251429
0.00018235696
0.00018354965
0.00020571076
0.0004915993
0.00016977104
0.00016977195
0.00016977358
0.00016977617
0.00016977959
0.00016978384
0.00016978847
0.00016979119
0.00016978242
0.00016972799
0.0001695392
0.00016920344
0.00017083025
0.00020141509
0.00054314021
0.00015851703
0.00015851791
0.00015851979
0.00015852287
0.0001585269
0.00015853173
0.00015853623
0.00015853548
0.0001585108
0.00015840225
0.00015807228
0.00015752308
0.00015966967
0.00019844232
0.00057747636
0.00014858047
0.00014858142
0.00014858351
0.00014858695
0.00014859139
0.00014859636
0.00014859955
0.0001485919
0.00014854197
0.00014835849
0.00014785779
0.00014709963
0.00014993181
0.00019659445
0.00059772639
0.00013975169
0.00013975271
0.00013975496
0.00013975864
0.00013976325
0.00013976781
0.00013976817
0.00013974945
0.00013966425
0.0001393877
0.00013870223
0.00013778194
0.00014154644
0.00019585229
0.00060724748
0.00013186192
0.00013186298
0.00013186534
0.00013186914
0.00013187366
0.00013187713
0.00013187282
0.00013183836
0.00013170812
0.00013132527
0.00013045854
0.00012946164
0.00013447268
0.00019626303
0.00060905754
0.00012477404
0.00012477514
0.00012477755
0.00012478136
0.00012478548
0.00012478703
0.00012477592
0.00012472085
0.00012453699
0.00012404097
0.00012301362
0.00012205827
0.00012868159
0.00019789321
0.0006056161
0.00011837572
0.00011837682
0.00011837924
0.0001183829
0.00011838626
0.00011838492
0.00011836468
0.00011828424
0.00011804014
0.00011743108
0.00011627928
0.00011550993
0.00012414935
0.00020080676
0.00059880682
0.0001125741
0.0001125752
0.00011257756
0.00011258091
0.00011258305
0.00011257774
0.00011254594
0.00011243584
0.00011212738
0.0001114124
0.00011018555
0.00010976786
0.00012085593
0.00020505367
0.00059001308
0.00010729189
0.00010729297
0.0001072952
0.00010729803
0.00010729845
0.00010728799
0.00010724223
0.00010709893
0.00010672477
0.00010591759
0.00010467621
0.00010479348
0.00011878602
0.00021066301
0.00058022149
0.0001024643
0.00010246533
0.00010246733
0.00010246942
0.00010246756
0.00010245071
0.00010238875
0.00010220964
0.0001017714
0.00010089174
9.9705638e-05
0.000100557
0.00011793046
0.00021763683
0.00057012062
9.8036637e-05
9.8037572e-05
9.8039255e-05
9.8040328e-05
9.8035582e-05
9.8011091e-05
9.7930966e-05
9.7714594e-05
9.7216801e-05
9.6289669e-05
9.5236719e-05
9.703687e-05
0.00011828673
0.00022594366
0.0005601824
9.3962451e-05
9.3963259e-05
9.3964497e-05
9.3964262e-05
9.3955981e-05
9.3922652e-05
9.3822751e-05
9.3568903e-05
9.3018884e-05
9.2074025e-05
9.1239503e-05
9.4219615e-05
0.00011985802
0.00023551194
0.0005507241
9.0202076e-05
9.020271e-05
9.0203366e-05
9.0201504e-05
9.0189027e-05
9.0145749e-05
9.0024925e-05
8.9734681e-05
8.9142411e-05
8.8213812e-05
8.7690325e-05
9.20998e-05
0.00012265037
0.00024622465
0.00054195294
8.6721448e-05
8.6721856e-05
8.6721776e-05
8.6717945e-05
8.6700619e-05
8.664642e-05
8.6504047e-05
8.61798e-05
8.5557736e-05
8.4683334e-05
8.4571272e-05
9.0679902e-05
0.00012666793
0.00025791693
0.00053399692
8.3491166e-05
8.3491287e-05
8.3490304e-05
8.3484151e-05
8.3461349e-05
8.3395437e-05
8.3231463e-05
8.2876915e-05
8.2239851e-05
8.1461425e-05
8.1869885e-05
8.9969913e-05
0.00013190642
0.00027037857
0.00052692519
8.0485733e-05
8.0485502e-05
8.0483437e-05
8.0474603e-05
8.0445747e-05
8.0367548e-05
8.018253e-05
7.9802669e-05
7.9167636e-05
7.8530889e-05
7.9578989e-05
8.9986537e-05
0.00013834557
0.00028336255
0.00052076146
7.7682937e-05
7.7682283e-05
7.767895e-05
7.7667083e-05
7.7631664e-05
7.7540855e-05
7.7335982e-05
7.6937064e-05
7.6323276e-05
7.5878109e-05
7.7696612e-05
9.0751816e-05
0.00014594134
0.00029659939
0.00051549302
7.5063349e-05
7.5062196e-05
7.5057404e-05
7.5042167e-05
7.4999765e-05
7.4896302e-05
7.4673418e-05
7.4262946e-05
7.369182e-05
7.3492783e-05
7.6225917e-05
9.2291049e-05
0.00015461944
0.000309816
0.00051107779
7.2609902e-05
7.2608172e-05
7.260173e-05
7.2582813e-05
7.2533118e-05
7.2417256e-05
7.2178869e-05
7.1765596e-05
7.1260831e-05
7.1367745e-05
7.5175079e-05
9.4629939e-05
0.00016427135
0.00032275576
0.00050745065
7.0307551e-05
7.0305165e-05
7.0296888e-05
7.0274015e-05
7.0216842e-05
7.0089161e-05
6.9838457e-05
6.94324e-05
6.9020131e-05
6.949887e-05
7.4557053e-05
9.7790946e-05
0.00017475428
0.00033519669
0.00050453
6.8142984e-05
6.8139863e-05
6.8129574e-05
6.8102519e-05
6.8037823e-05
6.7899244e-05
6.7640104e-05
6.7252585e-05
6.6961603e-05
6.7885016e-05
7.438916e-05
0.00010178904
0.0001858954
0.00034696444
0.00050222457
6.6104382e-05
6.6100451e-05
6.608799e-05
6.6056581e-05
6.5984475e-05
6.5836276e-05
6.5573296e-05
6.5217006e-05
6.5079053e-05
6.6528011e-05
7.4692423e-05
0.00010662718
0.00019750037
0.00035793855
0.00050043991
6.418122e-05
6.4176406e-05
6.4161633e-05
6.4125766e-05
6.4046535e-05
6.3890369e-05
6.3628889e-05
6.3317981e-05
6.3368113e-05
6.5432644e-05
7.5490606e-05
0.00011229203
0.00020936498
0.00036805173
0.00049908424
6.2364094e-05
6.2358333e-05
6.2341135e-05
6.230078e-05
6.2214894e-05
6.2052808e-05
6.1798947e-05
6.1549161e-05
6.182618e-05
6.4606648e-05
7.6808891e-05
0.00011875054
0.00022128816
0.00037728353
0.00049807291
6.064458e-05
6.0637817e-05
6.0618111e-05
6.0573325e-05
6.0481451e-05
6.031591e-05
6.0076617e-05
5.9905429e-05
6.045239e-05
6.4060644e-05
7.8672186e-05
0.00012594803
0.00023308444
0.00038565069
0.00049733132
5.9015114e-05
5.9007302e-05
5.8985044e-05
5.8935977e-05
5.8838997e-05
5.8672904e-05
5.8456016e-05
5.8382826e-05
5.9247607e-05
6.3808021e-05
8.1103079e-05
0.00013380822
0.00024459408
0.00039319633
0.00049679626
5.746888e-05
5.745999e-05
5.7435175e-05
5.7382083e-05
5.7281105e-05
5.7117831e-05
5.6932149e-05
5.6978499e-05
5.8214438e-05
6.3864708e-05
8.4119512e-05
0.00014223537
0.00025568959
0.00039997992
0.00049641599
5.599973e-05
5.5989745e-05
5.596242e-05
5.590567e-05
5.5802046e-05
5.5645466e-05
5.5500841e-05
5.5690669e-05
5.7357258e-05
6.4248811e-05
8.7732332e-05
0.00015111851
0.00026627829
0.00040606902
0.00049614946
5.4602101e-05
5.4591025e-05
5.4561286e-05
5.4501369e-05
5.4396714e-05
5.4251246e-05
5.4158685e-05
5.4518612e-05
5.6682235e-05
6.498008e-05
9.1942944e-05
0.00016033718
0.00027630116
0.00041153335
0.00049596497
5.3270953e-05
5.3258808e-05
5.3226813e-05
5.3164353e-05
5.3060564e-05
5.2931212e-05
5.2903001e-05
5.3462663e-05
5.6197344e-05
6.6079183e-05
9.674133e-05
0.00016976802
0.00028572901
0.00041644086
0.00049583865
5.2001708e-05
5.198854e-05
5.1954511e-05
5.1890276e-05
5.1789556e-05
5.1681971e-05
5.1731808e-05
5.2524225e-05
5.5912364e-05
6.7566767e-05
0.00010210472
0.00017929138
0.00029455685
0.00042085544
0.00049575298
5.0790203e-05
5.0776083e-05
5.0740313e-05
5.067523e-05
5.0580113e-05
5.050065e-05
5.0643813e-05
5.1705789e-05
5.5838829e-05
6.9462333e-05
0.00010799714
0.0001887971
0.0003027979
0.00042483587
0.00049569544
4.9632648e-05
4.9617675e-05
4.9580534e-05
4.9515698e-05
4.942908e-05
4.9384875e-05
4.9638394e-05
5.1010966e-05
5.5989919e-05
7.1782923e-05
0.00011437001
0.00019818902
0.00031047772
0.00042843533
0.0004956574
4.8525586e-05
4.8509888e-05
4.8471831e-05
4.8408525e-05
4.8333699e-05
4.8332748e-05
4.8715611e-05
5.0444524e-05
5.6380277e-05
7.454173e-05
0.00012116371
0.00020738765
0.00031762942
0.0004317015
0.00049563313
4.7465859e-05
4.74496e-05
4.7411173e-05
4.7350883e-05
4.7291577e-05
4.7342831e-05
4.7876207e-05
5.0012417e-05
5.7025722e-05
7.7746682e-05
0.00012831014
0.00021633122
0.00032428982
0.00043467668
0.00049561908
4.6450583e-05
4.6433963e-05
4.6395814e-05
4.6340247e-05
4.6300671e-05
4.641414e-05
4.7121628e-05
4.9721817e-05
5.7942849e-05
8.139917e-05
0.00013573579
0.0002249751
0.00033049683
0.00043739818
0.00049561324
4.5477121e-05
4.5460379e-05
4.5423267e-05
4.5374375e-05
4.5359268e-05
4.5546142e-05
4.6454049e-05
4.9581126e-05
5.914851e-05
8.5493023e-05
0.00014336522
0.00023329016
0.00033628765
0.00043989867
0.00049561471
4.4543061e-05
4.4526479e-05
4.4491284e-05
4.4451289e-05
4.446598e-05
4.4738756e-05
4.5876394e-05
4.9599966e-05
6.065916e-05
9.0013886e-05
0.00015112442
0.00024126037
0.0003416978
0.00044220662
0.00049562332
4.3646195e-05
4.3630105e-05
4.359784e-05
4.3569259e-05
4.3619731e-05
4.3992365e-05
4.5392377e-05
4.9789137e-05
6.2490101e-05
9.4939094e-05
0.00015894371
0.00024888021
0.00034676054
0.00044434669
0.00049563933
4.2784505e-05
4.2769292e-05
4.2741115e-05
4.2726796e-05
4.2819756e-05
4.3307822e-05
4.500653e-05
5.0160522e-05
6.4654627e-05
0.00010023808
0.00016676015
0.00025615209
0.00035150662
0.00044634014
0.00049566327
4.1956147e-05
4.1942252e-05
4.1919486e-05
4.1922641e-05
4.2065604e-05
4.2686473e-05
4.4724243e-05
5.0726936e-05
6.7163136e-05
0.00010587334
0.00017451902
0.00026308404
0.00035596428
0.00044820531
0.00049569579
4.1159436e-05
4.1147367e-05
4.1131511e-05
4.1155759e-05
4.1357136e-05
4.2130176e-05
4.4551789e-05
5.1501906e-05
7.0022255e-05
0.00011180181
0.00018217461
0.0002696879
0.00036015925
0.00044995792
0.00049573755
4.039284e-05
4.0383173e-05
4.0375928e-05
4.0425336e-05
4.0694537e-05
4.1641323e-05
4.4496351e-05
5.2499368e-05
7.3234062e-05
0.00011797661
0.00018969027
0.00027597786
0.0003641149
0.00045161147
0.00049578915
3.9654963e-05
3.9648355e-05
3.9651641e-05
3.9730781e-05
4.0078323e-05
4.1222872e-05
4.456603e-05
5.3733282e-05
7.6795465e-05
0.00012434897
0.00019703788
0.00028196939
0.00036785236
0.00045317754
0.00049585112
3.8944544e-05
3.8941738e-05
3.8957721e-05
3.9071722e-05
3.9509355e-05
4.0878378e-05
4.4769828e-05
5.5217168e-05
8.0697837e-05
0.00013087001
0.00020419699
0.00028767849
0.00037139066
0.00045466608
0.00049592389
3.8260447e-05
3.8262283e-05
3.8293404e-05
3.8448018e-05
3.8988856e-05
4.0612023e-05
4.5117612e-05
5.6963565e-05
8.4926925e-05
0.00013749256
0.00021115369
0.00029312118
0.00037474695
0.00045608564
0.00049600778
3.7601653e-05
3.7609082e-05
3.7658086e-05
3.7859757e-05
3.8518429e-05
4.0428651e-05
4.5620027e-05
5.898344e-05
8.9463087e-05
0.00014417246
0.0002178995
0.00029831319
0.0003779366
0.00045744356
0.000496103
3.6967262e-05
3.6981351e-05
3.7051327e-05
3.7307273e-05
3.8100083e-05
4.0333798e-05
4.6288377e-05
6.1285577e-05
9.4281838e-05
0.00015086964
0.00022443029
0.0003032697
0.00038097346
0.00045874619
0.00049620967
3.6356483e-05
3.6378439e-05
3.6472853e-05
3.6791149e-05
3.7736252e-05
4.0333717e-05
4.7134446e-05
6.3875981e-05
9.9354659e-05
0.0001575488
0.00023074526
0.00030800524
0.0003838699
0.00045999902
0.00049632781
3.5768637e-05
3.5799814e-05
3.5922562e-05
3.6312237e-05
3.7429827e-05
4.0435396e-05
4.8170255e-05
6.6757347e-05
0.00010465001
0.00016417961
0.00023684619
0.00031253355
0.00038663709
0.00046120681
0.00049645738
3.5203153e-05
3.5245078e-05
3.5400526e-05
3.587167e-05
3.7184184e-05
4.0646558e-05
4.9407771e-05
6.9928637e-05
0.00011013447
0.00017073672
0.00024273671
0.00031686759
0.00038928502
0.0004623737
0.00049659824
3.4659571e-05
3.4713957e-05
3.4907005e-05
3.5470884e-05
3.7003215e-05
4.0975651e-05
5.0858547e-05
7.3384812e-05
0.00011577385
0.00017719948
0.00024842184
0.0003210195
0.00039182272
0.00046350329
0.00049675023
3.4137541e-05
3.4206315e-05
3.4442453e-05
3.5111632e-05
3.6891358e-05
4.1431804e-05
5.2533317e-05
7.7116752e-05
0.00012153431
0.00018355154
0.00025390755
0.0003250006
0.00039425829
0.00046459876
0.00049691314
3.3636827e-05
3.3722154e-05
3.4007531e-05
3.4796015e-05
3.685363e-05
4.2024755e-05
5.4441557e-05
8.1111373e-05
0.00012738325
0.00018978028
0.00025920043
0.00032882146
0.00039659905
0.00046566287
0.0004970867
3.3157312e-05
3.3261621e-05
3.3603121e-05
3.4526502e-05
3.6895649e-05
4.276474e-05
5.6591027e-05
8.5351953e-05
0.0001332901
0.00019587635
0.00026430748
0.00033249187
0.00039885164
0.00046669808
0.00049727064
3.2699001e-05
3.2825019e-05
3.3230344e-05
3.4305957e-05
3.7023659e-05
4.3662348e-05
5.8987333e-05
8.9818625e-05
0.00013922682
0.00020183312
0.00026923589
0.0003360209
0.00040102203
0.00046770655
0.00049746464
3.2262029e-05
3.2412818e-05
3.2890574e-05
3.413767e-05
3.7244541e-05
4.4728312e-05
6.1633529e-05
9.4489015e-05
0.00014516823
0.00020764623
0.00027399292
0.00033941697
0.00040311566
0.0004686902
0.0004976684
3.1846672e-05
3.2025663e-05
3.2585463e-05
3.4025389e-05
3.7565809e-05
4.5973269e-05
6.4529802e-05
9.9338965e-05
0.00015109218
0.00021331315
0.00027858577
0.00034268789
0.00040513746
0.00046965075
0.00049788158
3.1453353e-05
3.1664392e-05
3.2316961e-05
3.3973345e-05
3.7995594e-05
4.7407469e-05
6.7673256e-05
0.00010434329
0.00015697947
0.00021883288
0.00028302151
0.00034584084
0.0004070919
0.00047058966
0.00049810386
3.1082657e-05
3.1330051e-05
3.2087341e-05
3.3986286e-05
3.8542602e-05
4.9040446e-05
7.1057841e-05
0.00010947652
0.0001628138
0.00022420564
0.00028730703
0.00034888258
0.00040898321
0.00047150441
0.00049833477
3.0735343e-05
3.1023913e-05
3.1899228e-05
3.4069503e-05
3.921604e-05
5.0880666e-05
7.4674405e-05
0.00011471354
0.00016858149
0.00022943257
0.000291449
0.00035181924
0.00041081465
0.00047239505
0.0004985739
3.0412362e-05
3.0747498e-05
3.1755626e-05
3.4228857e-05
4.0025518e-05
5.293516e-05
7.8510898e-05
0.00012003018
0.00017427128
0.00023451559
0.00029545376
0.00035465639
0.0004125891
0.00047326293
0.0004988207
3.0114878e-05
3.0502599e-05
3.1659947e-05
3.4470788e-05
4.0980902e-05
5.5209177e-05
8.2552692e-05
0.00012540362
0.00017987401
0.00023945714
0.00029932739
0.00035739917
0.00041430936
0.00047410987
0.00049907467
2.9844282e-05
3.0291301e-05
3.1616049e-05
3.480233e-05
4.2092139e-05
5.7705866e-05
8.678302e-05
0.00013081272
0.0001853824
0.00024426015
0.00030307572
0.00036005264
0.0004159775
0.00047493647
0.0004993353
2.9602223e-05
3.0116019e-05
3.1628258e-05
3.5231097e-05
4.3369031e-05
6.0426021e-05
9.1183473e-05
0.00013623819
0.00019079079
0.00024892784
0.00030670433
0.00036262128
0.00041759499
0.00047574362
0.00049960217
2.9390632e-05
2.9979519e-05
3.1701412e-05
3.5765257e-05
4.4820984e-05
6.3367913e-05
9.5734534e-05
0.00014166272
0.00019609491
0.00025346366
0.00031021842
0.0003651089
0.00041916378
0.00047653274
0.00049987495
2.9211753e-05
2.9884958e-05
3.1840879e-05
3.6413486e-05
4.6456716e-05
6.6527206e-05
0.00010041611
0.00014707091
0.00020129167
0.00025787115
0.00031362283
0.00036751904
0.00042068625
0.00047730512
0.00050015337
2.9068174e-05
2.9835916e-05
3.2052589e-05
3.7184888e-05
4.8283952e-05
6.9896997e-05
0.00010520802
0.00015244926
0.00020637897
0.00026215397
0.00031692222
0.00036985505
0.00042216444
0.00047806215
0.00050043719
2.8962866e-05
2.9836434e-05
3.2343055e-05
3.8088881e-05
5.0309114e-05
7.346795e-05
0.00011009043
0.00015778604
0.00021135557
0.00026631588
0.00032012131
0.00037211986
0.00042359916
0.00047880564
0.00050072628
2.889922e-05
2.9891051e-05
3.2719378e-05
3.913506e-05
5.2537019e-05
7.7228533e-05
0.00011504425
0.00016307119
0.00021622096
0.00027036058
0.00032322396
0.00037431565
0.000424993
0.00047953649
0.00050102048
2.8881091e-05
3.0004842e-05
3.3189243e-05
4.0333005e-05
5.4970621e-05
8.1165341e-05
0.00012005133
0.00016829612
0.00022097515
0.00027429157
0.00032623373
0.00037644517
0.00042634824
0.00048025527
0.00050131962
2.8912841e-05
3.0183458e-05
3.3760905e-05
4.1692069e-05
5.761079e-05
8.5263461e-05
0.00012509473
0.0001734536
0.00022561861
0.00027811226
0.00032915398
0.00037851129
0.00042766693
0.00048096239
0.00050162346
2.8999388e-05
3.0433155e-05
3.4443138e-05
4.3221126e-05
6.0456175e-05
8.9506884e-05
0.0001301588
0.0001785376
0.00023015233
0.00028182654
0.0003319885
0.00038051463
0.00042895145
0.00048165858
0.00050193181
2.914625e-05
3.0760826e-05
3.5245168e-05
4.4928293e-05
6.350314e-05
9.3878908e-05
0.00013522927
0.0001835432
0.00023457754
0.00028543753
0.00033473936
0.00038245843
0.00043020349
0.00048234444
0.00050224446
2.9359596e-05
3.1174019e-05
3.617657e-05
4.6820648e-05
6.6745793e-05
9.836253e-05
0.0001402932
0.00018846637
0.00023889558
0.00028894804
0.0003374092
0.00038434561
0.00043142439
0.00048302046
0.00050256122
2.9646287e-05
3.1680947e-05
3.7247128e-05
4.8903936e-05
7.0176099e-05
0.00010294079
0.00014533901
0.00019330383
0.00024310787
0.00029236082
0.00034000093
0.00038617878
0.00043261535
0.00048368697
0.00050288188
3.0013915e-05
3.2290475e-05
3.8466663e-05
5.118231e-05
7.3784077e-05
0.00010759708
0.00015035638
0.0001980532
0.00024721663
0.00029567959
0.00034251505
0.00038796063
0.0004337777
0.00048434429
0.00050320624
3.0470836e-05
3.3012087e-05
3.9844814e-05
5.3658091e-05
7.7558058e-05
0.00011231536
0.0001553362
0.0002027126
0.00025122341
0.0002989058
0.00034495516
0.00038969328
0.00043491265
0.00048499273
0.00050353409
3.1026185e-05
3.3855829e-05
4.1390796e-05
5.6331595e-05
8.1484988e-05
0.00011708038
0.00016027045
0.00020728053
0.00025512965
0.00030204164
0.00034732441
0.00039137858
0.00043602125
0.00048563255
0.00050386523
3.1689875e-05
3.4832209e-05
4.3113122e-05
5.9201023e-05
8.5550759e-05
0.00012187776
0.0001651521
0.00021175607
0.00025893733
0.0003050888
0.00034962568
0.00039301829
0.00043710441
0.00048626394
0.00050419946
3.2472571e-05
3.595206e-05
4.5019312e-05
6.2262422e-05
8.9740543e-05
0.0001266941
0.00016997513
0.00021613885
0.00026264855
0.00030804847
0.00035186161
0.00039461414
0.00043816297
0.0004868871
0.00050453657
3.3385624e-05
3.7226363e-05
4.7115599e-05
6.5509731e-05
9.4039109e-05
0.00013151701
0.00017473425
0.00022042827
0.00026626392
0.000310924
0.00035403448
0.0003961677
0.00043919774
0.00048750217
0.00050487636
3.444097e-05
3.8666016e-05
4.9406646e-05
6.8934905e-05
9.8431102e-05
0.00013633505
0.00017942474
0.0002246238
0.00026978479
0.00031371829
0.00035614638
0.00039768038
0.00044020942
0.00048810926
0.00050521864
3.5650972e-05
4.028156e-05
5.1895302e-05
7.2528099e-05
0.00010290132
0.00014113789
0.00018404315
0.00022872684
0.00027321044
0.00031643401
0.00035819936
0.00039915348
0.00044119865
0.00048870846
0.00050556321
3.7028204e-05
4.208287e-05
5.45824e-05
7.6277908e-05
0.00010743491
0.00014591607
0.00018858591
0.00023273613
0.00027654351
0.0003190735
0.00036019532
0.00040058823
0.000442166
0.00048929986
0.00050590988
3.8585165e-05
4.4078803e-05
5.7466625e-05
8.0171639e-05
0.00011201748
0.00015066088
0.00019304969
0.0002366512
0.00027978645
0.00032163892
0.00036213597
0.00040198571
0.00044311201
0.00048988348
0.00050625845
4.0333931e-05
4.6276849e-05
6.0544452e-05
8.4195614e-05
0.00011663536
0.00015536493
0.00019743335
0.00024046995
0.00028294141
0.00032413234
0.00036402291
0.00040334694
0.00044403714
0.00049045937
0.00050660872
4.2285736e-05
4.8682762e-05
6.3810164e-05
8.8335449e-05
0.00012127551
0.00016002104
0.00020173335
0.00024419347
0.00028601033
0.0003265557
0.0003658576
0.00040467284
0.00044494181
0.00049102752
0.00050696052
4.445051e-05
5.130024e-05
6.725594e-05
9.2576317e-05
0.0001259256
0.00016462269
0.00020594645
0.00024782306
0.00028899503
0.00032891078
0.00036764139
0.00040596424
0.00044582637
0.00049158793
0.00050731365
4.6836378e-05
5.4130633e-05
7.0872036e-05
9.6903292e-05
0.00013057443
0.00016916536
0.00021006854
0.00025135979
0.00029189724
0.00033119921
0.00036937552
0.00040722189
0.00044669116
0.00049214056
0.00050766793
4.9449168e-05
5.7172725e-05
7.4646967e-05
0.00010130138
0.00013521091
0.00017364199
0.00021409909
0.00025480461
0.00029471857
0.00033342251
0.00037106111
0.00040844648
0.00044753643
0.00049268535
0.00050802316
5.229195e-05
6.0422614e-05
7.8567846e-05
0.00010575614
0.0001398262
0.00017804498
0.00021803737
0.00025815847
0.00029746051
0.00033558206
0.00037269919
0.0004096386
0.00044836242
0.00049322225
0.00050837917
5.5364654e-05
6.3873655e-05
8.2620542e-05
0.00011025311
0.00014440982
0.00018236965
0.00022188265
0.00026142229
0.00030012441
0.00033767911
0.00037429067
0.00041079879
0.00044916931
0.00049375116
0.00050873576
5.8663811e-05
6.7516587e-05
8.6790298e-05
0.0001147796
0.00014895006
0.00018661237
0.00022563433
0.00026459687
0.00030271151
0.0003397148
0.00037583636
0.00041192749
0.00044995725
0.00049427198
0.00050909274
6.2182434e-05
7.1339664e-05
9.1061701e-05
0.0001193209
0.00015343801
0.00019076972
0.00022929185
0.00026768297
0.00030522293
0.00034169013
0.00037733698
0.00041302512
0.00045072633
0.00049478459
0.00050944994
6.5910126e-05
7.5329111e-05
9.541951e-05
0.00012386163
0.00015786607
0.00019483859
0.00023285469
0.00027068124
0.00030765965
0.00034360601
0.00037879316
0.00041409197
0.00045147661
0.00049528884
0.00050980716
6.983363e-05
7.9469639e-05
9.9845242e-05
0.00012838907
0.00016222718
0.00019881613
0.00023632237
0.00027359225
0.00031002254
0.00034546319
0.00038020543
0.00041512832
0.0004522081
0.00049578457
0.00051016421
7.3936134e-05
8.3742395e-05
0.0001043217
0.00013289122
0.00016651487
0.00020269968
0.00023969437
0.00027641646
0.00031231232
0.00034726234
0.00038157422
0.00041613435
0.0004529208
0.0004962716
0.0005105209
7.819758e-05
8.8127386e-05
0.00010883197
0.00013735684
0.00017072314
0.00020648681
0.00024297021
0.00027915425
0.00031452963
0.00034900401
0.00038289988
0.00041711019
0.00045361462
0.00049674972
0.00051087702
8.259574e-05
9.2603755e-05
0.0001133596
0.00014177542
0.0001748465
0.00021017525
0.00024614937
0.00028180587
0.00031667493
0.00035068861
0.00038418266
0.0004180559
0.00045428948
0.00049721872
0.00051123238
8.7106877e-05
9.7150207e-05
0.00011788868
0.0001461372
0.0001788799
0.00021376289
0.00024923132
0.00028437152
0.00031874861
0.00035231647
0.00038542273
0.00041897147
0.0004549452
0.00049767835
0.00051158676
9.1706413e-05
0.00010174541
0.000122404
0.00015043311
0.00018281872
0.0002172478
0.00025221553
0.00028685125
0.00032075093
0.00035388781
0.00038662018
0.00041985684
0.00045558162
0.00049812835
0.00051193995
9.6369555e-05
0.00010636839
0.00012689114
0.00015465481
0.0001866588
0.0002206282
0.00025510146
0.00028924508
0.00032268204
0.00035540274
0.00038777499
0.00042071188
0.00045619849
0.00049856841
0.00051229173
0.00010107186
0.00011099881
0.0001313365
0.00015879466
0.00019039634
0.00022390247
0.00025788857
0.00029155294
0.000324542
0.00035686128
0.00038888708
0.00042153638
0.00045679554
0.00049899823
0.00051264186
0.00010578973
0.00011561732
0.00013572743
0.0001628457
0.00019402797
0.00022706917
0.00026057635
0.00029377469
0.00032633077
0.00035826336
0.0003899563
0.00042233012
0.00045737246
0.00049941748
0.00051299011
0.00011050077
0.00012020571
0.00014005223
0.00016680164
0.00019755073
0.00023012703
0.00026316432
0.00029591017
0.00032804824
0.00035960883
0.00039098242
0.00042309277
0.00045792889
0.00049982578
0.00051333622
0.00011518413
0.00012474712
0.00014430021
0.00017065688
0.00020096203
0.00023307498
0.00026565206
0.00029795918
0.00032969427
0.00036089746
0.00039196513
0.00042382399
0.00045846445
0.00050022276
0.00051367994
0.00011982069
0.00012922615
0.00014846172
0.00017440647
0.0002042597
0.00023591216
0.00026803923
0.00029992151
0.00033126862
0.00036212899
0.0003929041
0.00042452336
0.0004589787
0.00050060802
0.00051402098
0.00012439317
0.00013362894
0.00015252812
0.00017804609
0.00020744193
0.0002386379
0.00027032556
0.00030179699
0.00033277107
0.00036330309
0.00039379891
0.00042519043
0.0004594712
0.00050098111
0.00051435907
0.00012888622
0.00013794316
0.00015649182
0.00018157207
0.00021050732
0.00024125177
0.00027251091
0.00030358546
0.00033420137
0.0003644194
0.00039464914
0.00042582474
0.00045994144
0.00050134161
0.00051469391
0.00013328638
0.00014215803
0.00016034623
0.00018498132
0.00021345482
0.00024375357
0.00027459526
0.00030528684
0.00033555928
0.00036547756
0.00039545431
0.00042642576
0.00046038894
0.00050168906
0.00051502519
0.00013758208
0.00014626428
0.00016408575
0.00018827137
0.00021628376
0.00024614333
0.00027657874
0.00030690111
0.0003368446
0.0003664772
0.00039621397
0.00042699299
0.00046081317
0.00050202297
0.00051535259
0.00014176351
0.00015025408
0.00016770571
0.0001914403
0.00021899382
0.00024842132
0.00027846164
0.00030842833
0.00033805716
0.00036741797
0.00039692764
0.00042752587
0.00046121359
0.00050234288
0.00051567578
0.00014582253
0.00015412098
0.00017120234
0.00019448674
0.00022158503
0.00025058804
0.00028024439
0.00030986871
0.00033919688
0.00036829956
0.00039759485
0.0004280239
0.00046158968
0.00050264831
0.00051599443
0.00014975257
0.00015785976
0.00017457272
0.0001974098
0.00022405774
0.00025264422
0.00028192762
0.00031122254
0.00034026375
0.00036912171
0.00039821519
0.00042848655
0.00046194092
0.00050293879
0.00051630818
0.00015354849
0.00016146641
0.00017781473
0.00020020911
0.00022641261
0.00025459084
0.00028351213
0.00031249028
0.00034125785
0.00036988422
0.00039878827
0.00042891335
0.0004622668
0.00050321384
0.00051661669
0.0001572064
0.00016493796
0.00018092694
0.00020288472
0.00022865057
0.00025642907
0.00028499889
0.00031367252
0.00034217938
0.00037058698
0.00039931376
0.00042930386
0.00046256685
0.00050347302
0.0005169196
0.00016072361
0.00016827244
0.00018390862
0.0002054371
0.00023077286
0.00025816031
0.00028638904
0.00031476999
0.00034302867
0.00037122997
0.00039979141
0.00042965768
0.00046284062
0.00050371592
0.00051721654
0.00016409844
0.00017146871
0.00018675962
0.00020786709
0.00023278092
0.00025978613
0.00028768393
0.00031578359
0.00034380617
0.00037181329
0.00040022105
0.0004299745
0.00046308774
0.00050394212
0.00051750717
0.00016733011
0.00017452643
0.00018948035
0.00021017588
0.00023467646
0.0002613083
0.00028888503
0.00031671436
0.00034451248
0.00037233713
0.00040060261
0.00043025406
0.00046330785
0.00050415129
0.00051779113
0.00017041866
0.00017744591
0.0001920717
0.00021236497
0.00023646138
0.00026272875
0.000289994
0.00031756352
0.00034514832
0.00037280183
0.00040093612
0.0004304962
0.00046350071
0.00050434311
0.00051806808
0.00017336478
0.00018022808
0.00019453498
0.00021443614
0.00023813775
0.00026404957
0.00029101263
0.00031833241
0.00034571457
0.00037320786
0.00040122173
0.00043070086
0.0004636661
0.00050451731
0.00051833767
0.00017616979
0.00018287437
0.00019687188
0.0002163914
0.00023970783
0.00026527298
0.00029194286
0.00031902252
0.00034621226
0.00037355582
0.0004014597
0.00043086806
0.00046380392
0.00050467369
0.00051859959
0.00017883549
0.00018538664
0.00019908443
0.000218233
0.000241174
0.00026640132
0.00029278675
0.0003196355
0.00034664256
0.00037384643
0.00040165042
0.00043099795
0.00046391414
0.00050481211
0.00051885353
0.00018136413
0.00018776714
0.00020117493
0.00021996335
0.00024253879
0.00026743704
0.00029354648
0.00032017309
0.00034700675
0.00037408057
0.00040179442
0.00043109078
0.00046399683
0.00050493249
0.00051909921
0.00018375829
0.00019001843
0.00020314591
0.00022158503
0.00024380481
0.00026838267
0.00029422432
0.00032063719
0.00034730628
0.00037425925
0.00040189233
0.00043114692
0.00046405214
0.00050503481
0.00051933635
0.00018602088
0.00019214334
0.00020500012
0.00022310076
0.00024497478
0.00026924085
0.00029482265
0.00032102978
0.0003475427
0.00037438361
0.00040194495
0.00043116686
0.00046408033
0.00050511914
0.00051956471
0.00018815501
0.00019414489
0.00020674045
0.00022451338
0.00024605148
0.00027001424
0.0002953439
0.00032135296
0.00034771769
0.00037445491
0.00040195315
0.00043115118
0.00046408176
0.00050518559
0.00051978409
0.000190164
0.00019602631
0.00020836995
0.00022582578
0.00024703776
0.00027070557
0.00029579059
0.00032160889
0.00034783303
0.00037447453
0.00040191798
0.00043110062
0.00046405687
0.00050523438
0.00051999428
0.00019205134
0.00019779092
0.00020989177
0.00022704096
0.0002479365
0.00027131763
0.00029616528
0.00032179983
0.00034789059
0.00037444398
0.00040184056
0.00043101598
0.00046400622
0.00050526577
0.00052019515
0.00019382061
0.00019944219
0.00021130912
0.00022816196
0.00024875062
0.00027185321
0.00029647057
0.0003219281
0.00034789235
0.00037436484
0.00040172214
0.0004308982
0.00046393043
0.00050528009
0.00052038655
0.00019547546
0.00020098363
0.00021262531
0.00022919186
0.00024948307
0.00027231512
0.00029670909
0.00032199607
0.00034784035
0.00037423881
0.00040156407
0.0004307483
0.00046383023
0.00050527774
0.00052056839
0.00019701962
0.00020241881
0.00021384364
0.00023013376
0.0002501368
0.00027270619
0.00029688351
0.00032200614
0.0003477367
0.00037406766
0.00040136779
0.00043056741
0.00046370642
0.00050525919
0.00052074061
0.00019845684
0.00020375134
0.00021496746
0.00023099077
0.00025071474
0.00027302923
0.00029699649
0.00032196078
0.00034758356
0.00037385325
0.00040113483
0.00043035672
0.00046355989
0.00050522496
0.00052090318
0.00019979088
0.00020498482
0.00021600013
0.00023176599
0.00025121984
0.00027328708
0.0002970507
0.00032186244
0.00034738314
0.00037359748
0.00040086677
0.00043011751
0.00046339158
0.00050517562
0.0005210561
0.00020102548
0.00020612284
0.000216945
0.00023246253
0.00025165503
0.00027348251
0.0002970488
0.00032171361
0.00034713769
0.00037330233
0.00040056529
0.00042985114
0.0004632025
0.00050511177
0.0005211994
0.00020216438
0.00020716901
0.0002178054
0.00023308347
0.0002520232
0.00027361831
0.00029699346
0.00032151678
0.00034684948
0.00037296978
0.00040023209
0.00042955899
0.0004629937
0.00050503409
0.00052133313
0.00020321127
0.00020812686
0.00021858461
0.00023363186
0.00025232722
0.00027369723
0.00029688729
0.00032127443
0.00034652078
0.0003726019
0.00039986894
0.00042924252
0.00046276629
0.00050494327
0.00052145739
0.0002041698
0.00020899992
0.00021928592
0.00023411072
0.00025256994
0.00027372197
0.00029673291
0.00032098903
0.0003461539
0.00037220072
0.00039947761
0.00042890322
0.00046252142
0.00050484001
0.00052157229
0.00020504357
0.00020979163
0.00021991255
0.00023452303
0.00025275413
0.00027369522
0.00029653288
0.00032066304
0.0003457511
0.00037176832
0.00039905994
0.00042854259
0.00046226023
0.00050472508
0.00052167797
0.0002058361
0.00021050541
0.00022046766
0.00023487172
0.00025288257
0.0002736196
0.00029628976
0.00032029888
0.00034531468
0.00037130678
0.00039861773
0.00042816218
0.00046198394
0.00050459923
0.0005217746
0.00020655088
0.00021114459
0.00022095438
0.00023515967
0.00025295794
0.0002734977
0.00029600603
0.00031989894
0.00034484688
0.00037081816
0.00039815283
0.00042776353
0.00046169372
0.00050446324
0.00052186237
0.00020719129
0.00021171247
0.00022137576
0.00023538972
0.0002529829
0.00027333205
0.00029568415
0.00031946559
0.00034434993
0.00037030453
0.00039766706
0.00042734818
0.0004613908
0.00050431788
0.00052194147
0.00020776066
0.00021221223
0.00022173481
0.00023556464
0.00025296005
0.00027312514
0.00029532651
0.00031900114
0.00034382603
0.0003697679
0.00039716224
0.00042691767
0.00046107636
0.00050416395
0.00052201215
0.00020826224
0.00021264702
0.00022203445
0.00023568714
0.00025289193
0.0002728794
0.00029493547
0.00031850786
0.00034327735
0.00036921029
0.00039664017
0.00042647354
0.00046075161
0.00050400221
0.00052207463
0.00020869918
0.0002130199
0.00022227755
0.00023575988
0.00025278102
0.00027259718
0.00029451332
0.00031798798
0.000342706
0.00036863368
0.0003961026
0.00042601729
0.00046041771
0.00050383344
0.00052212916
0.00020907457
0.00021333384
0.0002224669
0.00023578545
0.00025262975
0.00027228081
0.0002940623
0.00031744364
0.00034211405
0.00036803998
0.00039555129
0.0004255504
0.00046007584
0.00050365839
0.00052217602
0.00020939141
0.00021359174
0.00022260522
0.00023576637
0.00025244047
0.00027193254
0.00029358458
0.00031687698
0.00034150352
0.00036743108
0.00039498792
0.00042507432
0.00045972711
0.00050347781
0.00052221549
0.00020965261
0.00021379644
0.00022269517
0.0002357051
0.00025221549
0.00027155455
0.00029308227
0.00031629003
0.00034087638
0.00036680883
0.00039441416
0.00042459047
0.00045937264
0.00050329242
0.00052224783
0.000209861
0.00021395066
0.00022273933
0.00023560403
0.00025195703
0.00027114896
0.00029255743
0.00031568478
0.00034023453
0.00036617501
0.00039383161
0.00042410021
0.0004590135
0.00050310293
0.00052227335
0.00021001934
0.00021405708
0.00022274018
0.00023546548
0.00025166727
0.00027071783
0.00029201204
0.00031506316
0.0003395798
0.00036553133
0.00039324183
0.00042360487
0.00045865071
0.00050291001
0.00052229234
0.00021013027
0.00021411827
0.00022270017
0.00023529172
0.0002513483
0.00027026316
0.00029144802
0.00031442701
0.000338914
0.00036487947
0.00039264632
0.00042310573
0.00045828526
0.00050271431
0.00052230509
0.00021019639
0.00021413674
0.00022262165
0.00023508492
0.00025100217
0.00026978688
0.00029086723
0.00031377815
0.00033823882
0.00036422103
0.00039204651
0.00042260401
0.00045791812
0.00050251646
0.0005223119
0.00021022017
0.0002141149
0.0002225069
0.0002348472
0.00025063085
0.00026929085
0.00029027145
0.00031311828
0.00033755592
0.00036355756
0.00039144381
0.00042210089
0.00045755018
0.00050231705
0.00052231306
0.00021020405
0.00021405509
0.00022235812
0.00023458062
0.00025023625
0.00026877687
0.00028966242
0.00031244908
0.00033686688
0.00036289052
0.00039083952
0.00042159748
0.00045718231
0.00050211665
0.00052230889
0.00021015034
0.00021395959
0.00022217745
0.00023428715
0.0002498202
0.00026824667
0.00028904177
0.00031177212
0.00033617321
0.00036222132
0.0003902349
0.00042109484
0.00045681531
0.0005019158
0.00052229966
0.00021006131
0.00021383057
0.00022196695
0.00023396871
0.00024938449
0.00026770192
0.00028841111
0.00031108893
0.00033547636
0.0003615513
0.00038963115
0.00042059397
0.00045644996
0.00050171499
0.00052228567
0.00020993912
0.00021367016
0.00022172862
0.00023362715
0.00024893082
0.00026714423
0.00028777195
0.00031040096
0.00033477771
0.00036088175
0.00038902941
0.00042009582
0.00045608697
0.00050151469
0.00052226721
0.00020978587
0.00021348037
0.00022146436
0.00023326424
0.00024846084
0.00026657513
0.00028712575
0.0003097096
0.00033407856
0.00036021385
0.00038843073
0.00041960128
0.00045572702
0.00050131535
0.00052224455
0.00020960358
0.00021326319
0.00022117604
0.00023288171
0.00024797614
0.0002659961
0.00028647391
0.00030901616
0.00033338015
0.00035954876
0.00038783612
0.00041911116
0.00045537072
0.00050111738
0.00052221797
0.0002093942
0.00021302049
0.00022086543
0.00023248119
0.00024747824
0.00026540856
0.00028581774
0.00030832191
0.00033268367
0.00035888754
0.00038724651
0.00041862625
0.00045501866
0.00050092114
0.00052218774
0.00020915959
0.00021275409
0.00022053426
0.00023206429
0.0002469686
0.00026481386
0.00028515853
0.00030762804
0.0003319902
0.0003582312
0.0003866628
0.00041814726
0.00045467136
0.000500727
0.00052215411
0.00020890156
0.00021246575
0.00022018416
0.00023163252
0.00024644861
0.00026421329
0.00028449747
0.00030693565
0.00033130081
0.00035758069
0.00038608578
0.00041767484
0.00045432931
0.00050053527
0.00052211734
0.00020862184
0.00021215714
0.00021981672
0.00023118734
0.00024591964
0.00026360808
0.0002838357
0.00030624584
0.00033061647
0.00035693687
0.00038551621
0.0004172096
0.00045399296
0.00050034624
0.00052207768
0.00020832209
0.00021182989
0.00021943347
0.00023073017
0.00024538294
0.00026299942
0.00028317432
0.00030555958
0.00032993809
0.00035630058
0.0003849548
0.0004167521
0.00045366271
0.00050016016
0.00052203536
0.0002080039
0.00021148553
0.00021903586
0.00023026233
0.00024483976
0.00026238841
0.00028251434
0.00030487783
0.00032926654
0.00035567256
0.00038440217
0.00041630284
0.0004533389
0.00049997716
0.00052199061
0.00020766881
0.00021112556
0.00021862529
0.00022978513
0.00024429125
0.00026177613
0.00028185674
0.00030420147
0.0003286026
0.00035505352
0.00038385891
0.00041586227
0.00045302186
0.00049979673
0.00052194363
0.00020731829
0.00021075141
0.0002182031
0.00022929979
0.00024373855
0.00026116358
0.00028120243
0.00030353133
0.00032794703
0.0003544441
0.00038332556
0.00041543079
0.00045271178
0.00049961887
0.0005218946
0.00020695373
0.00021036442
0.00021777057
0.00022880748
0.0002431827
0.00026055172
0.00028055228
0.00030286819
0.00032730051
0.00035384488
0.00038280257
0.00041500871
0.00045240879
0.0004994438
0.00052184368
0.00020657648
0.00020996591
0.00021732892
0.00022830933
0.00024262472
0.00025994145
0.00027990708
0.00030221276
0.00032666366
0.0003532564
0.00038229039
0.00041459639
0.00045211284
0.00049927159
0.00052179101
0.00020618783
0.00020955713
0.00021687933
0.0002278064
0.00024206557
0.00025933363
0.00027926761
0.00030156571
0.00032603706
0.00035267915
0.00038178939
0.00041419403
0.00045182392
0.00049910249
0.00052173677
0.00020578901
0.00020913926
0.00021642291
0.00022729971
0.00024150615
0.00025872906
0.00027863457
0.00030092766
0.00032542126
0.00035211355
0.00038129988
0.00041380177
0.00045154215
0.00049893675
0.00052168112
0.00020538119
0.00020871345
0.00021596073
0.00022679023
0.00024094734
0.0002581285
0.00027800862
0.00030029918
0.00032481671
0.00035156
0.00038082216
0.0004134197
0.00045126752
0.00049877471
0.00052162424
0.00020496548
0.00020828078
0.00021549379
0.00022627887
0.00024038993
0.00025753267
0.00027739037
0.00029968079
0.00032422387
0.00035101883
0.00038035644
0.00041304783
0.00045100017
0.00049861663
0.00052156632
0.00020454297
0.00020784228
0.00021502306
0.00022576652
0.00023983472
0.00025694222
0.0002767804
0.00029907298
0.00032364312
0.00035049033
0.00037990286
0.00041268621
0.0004507403
0.00049846265
0.00052150754
0.00020411465
0.00020739893
0.00021454947
0.00022525399
0.00023928241
0.00025635779
0.00027617924
0.00029847619
0.00032307481
0.00034997477
0.00037946153
0.0004123348
0.00045048812
0.00049831292
0.00052144805
0.00020368151
0.00020695167
0.00021407386
0.00022474206
0.00023873369
0.00025577996
0.00027558736
0.0002978908
0.00032251924
0.00034947232
0.00037903247
0.00041199367
0.00045024377
0.00049816755
0.00052138801
0.00020324446
0.0002065014
0.00021359708
0.00022423148
0.0002381892
0.00025520926
0.00027500523
0.00029731717
0.00032197666
0.00034898311
0.00037861571
0.00041166296
0.00045000733
0.00049802664
0.00052132758
0.00020280437
0.00020604894
0.00021311991
0.00022372295
0.00023764955
0.00025464621
0.00027443325
0.00029675563
0.00032144733
0.00034850728
0.00037821111
0.0004113428
0.00044977889
0.00049789024
0.00052126688
0.00020236207
0.0002055951
0.00021264307
0.00022321711
0.0002371153
0.00025409127
0.00027387178
0.00029620645
0.00032093138
0.0003480448
0.0003778188
0.00041103327
0.00044955846
0.00049775841
0.00052120606
0.00020191835
0.00020514065
0.00021216727
0.00022271459
0.00023658697
0.00025354487
0.00027332118
0.00029566987
0.00032042895
0.00034759561
0.00037743886
0.00041073438
0.00044934608
0.00049763117
0.00052114522
0.00020147396
0.00020468629
0.00021169318
0.00022221597
0.00023606506
0.00025300741
0.00027278173
0.00029514609
0.00031994012
0.00034715969
0.00037707135
0.00041044615
0.00044914172
0.00049750852
0.00052108449
0.00020102959
0.0002042327
0.0002112214
0.00022172179
0.00023555002
0.00025247925
0.00027225371
0.00029463526
0.00031946484
0.00034673714
0.00037671628
0.00041016855
0.00044894537
0.00049739047
0.00052102396
0.00020058591
0.00020378052
0.00021075253
0.00022123256
0.00023504228
0.00025196073
0.00027173735
0.00029413753
0.00031900307
0.00034632799
0.00037637364
0.00040990155
0.00044875696
0.00049727699
0.00052096375
0.00020014355
0.00020333035
0.00021028711
0.00022074877
0.00023454222
0.00025145213
0.00027123284
0.00029365287
0.00031855487
0.00034593226
0.00037604339
0.00040964507
0.00044857644
0.00049716806
0.00052090393
0.0001997031
0.00020288276
0.00020982566
0.00022027085
0.00023405021
0.00025095373
0.00027074036
0.00029318126
0.0003181203
0.00034554992
0.00037572548
0.00040939904
0.00044840372
0.00049706362
0.00052084459
0.00019926511
0.00020243829
0.00020936867
0.00021979922
0.00023356659
0.00025046578
0.0002702599
0.00029272279
0.00031769936
0.00034518095
0.00037541983
0.00040916336
0.00044823871
0.00049696364
0.00052078581
0.00019883012
0.00020199743
0.00020891658
0.00021933426
0.00023309164
0.00024998843
0.00026979153
0.00029227751
0.00031729206
0.00034482527
0.00037512633
0.00040893791
0.0004480813
0.00049686806
0.00052072767
0.00019839862
0.00020156066
0.00020846982
0.00021887633
0.00023262565
0.00024952175
0.00026933536
0.00029184546
0.00031689835
0.0003444828
0.00037484486
0.00040872255
0.00044793138
0.00049677681
0.00052067022
0.00019797106
0.00020112841
0.0002080288
0.00021842578
0.00023216876
0.0002490659
0.00026889147
0.00029142665
0.0003165182
0.00034415345
0.0003745753
0.00040851714
0.00044778882
0.00049668982
0.00052061353
0.00019754788
0.00020070111
0.00020759387
0.00021798282
0.00023172117
0.000248621
0.00026845991
0.00029102106
0.00031615151
0.00034383708
0.00037431748
0.00040832152
0.00044765349
0.00049660701
0.00052055766
0.0001971295
0.00020027912
0.00020716532
0.0002175477
0.00023128305
0.00024818717
0.00026804071
0.00029062867
0.00031579821
0.00034353357
0.00037407126
0.00040813553
0.00044752523
0.00049652831
0.00052050265
0.00019671626
0.00019986278
0.00020674346
0.00021712066
0.00023085456
0.00024776448
0.0002676339
0.00029024941
0.00031545819
0.00034324277
0.00037383644
0.00040795898
0.00044740391
0.00049645363
0.00052044854
0.00019630849
0.00019945239
0.00020632852
0.00021670188
0.00023043585
0.000247353
0.00026723947
0.00028988323
0.00031513132
0.0003429645
0.00037361283
0.0004077917
0.00044728937
0.00049638289
0.00052039539
0.00019590649
0.00019904822
0.00020592076
0.00021629156
0.00023002703
0.0002469528
0.0002668574
0.00028953004
0.00031481746
0.00034269859
0.00037340026
0.00040763347
0.00044718145
0.00049631598
0.00052034323
0.00019551054
0.00019865055
0.0002055204
0.00021588987
0.00022962821
0.00024656389
0.00026648766
0.00028918974
0.00031451646
0.00034244485
0.00037319849
0.00040748412
0.00044707999
0.00049625283
0.00052029209
0.00019512089
0.0001982596
0.00020512763
0.00021549694
0.00022923946
0.0002461863
0.00026613019
0.00028886222
0.00031422816
0.00034220307
0.00037300732
0.00040734342
0.00044698482
0.00049619333
0.000520242
0.00019473779
0.0001978756
0.00020474264
0.00021511292
0.00022886087
0.00024582003
0.00026578494
0.00028854735
0.00031395237
0.00034197305
0.00037282652
0.00040721117
0.00044689577
0.00049613739
0.00052019299
0.00019436144
0.00019749873
0.00020436559
0.00021473791
0.00022849247
0.00024546506
0.00026545181
0.00028824498
0.00031368891
0.00034175456
0.00037265586
0.00040708716
0.00044681266
0.00049608492
0.00052014508
0.00019399204
0.00019712919
0.00020399662
0.000214372
0.0002281343
0.00024512136
0.00026513071
0.00028795497
0.00031343758
0.00034154738
0.00037249511
0.00040697116
0.00044673534
0.0004960358
0.00052009828
0.00019362978
0.00019676714
0.00020363586
0.00021401528
0.00022778638
0.00024478888
0.00026482153
0.00028767715
0.00031319818
0.00034135127
0.00037234403
0.00040686295
0.00044666362
0.00049598995
0.00052005262
0.0001932748
0.00019641271
0.00020328342
0.00021366781
0.00022744872
0.00024446757
0.00026452416
0.00028741135
0.00031297047
0.000341166
0.00037220237
0.00040676232
0.00044659733
0.00049594727
0.00052000811
0.00019292726
0.00019606603
0.0002029394
0.00021332963
0.0002271213
0.00024415736
0.00026423847
0.00028715739
0.00031275425
0.0003409913
0.00037206988
0.00040666904
0.0004465363
0.00049590766
0.00051996476
0.00019258728
0.00019572722
0.00020260386
0.00021300078
0.00022680411
0.00024385816
0.0002639643
0.00028691506
0.00031254928
0.00034082694
0.00037194632
0.00040658288
0.00044648035
0.00049587101
0.00051992258
0.00019225497
0.00019539638
0.00020227689
0.00021268127
0.0002264971
0.00024356989
0.00026370152
0.00028668418
0.00031235532
0.00034067265
0.00037183143
0.00040650362
0.00044642931
0.00049583724
0.00051988156
0.00019193043
0.00019507358
0.00020195853
0.00021237111
0.00022620024
0.00024329242
0.00026344997
0.00028646452
0.00031217214
0.00034052818
0.00037172495
0.00040643104
0.00044638301
0.00049580624
0.00051984173
0.00019161373
0.00019475889
0.00020164881
0.0002120703
0.00022591345
0.00024302566
0.00026320946
0.00028625589
0.00031199948
0.00034039327
0.00037162665
0.0004063649
0.00044634127
0.00049577791
0.00051980307
0.00019130496
0.00019445236
0.00020134775
0.00021177882
0.00022563668
0.00024276948
0.00026297984
0.00028605806
0.00031183709
0.00034026765
0.00037153625
0.000406305
0.00044630393
0.00049575217
0.00051976559
0.00019100415
0.00019415404
0.00020105538
0.00021149664
0.00022536984
0.00024252374
0.00026276091
0.00028587081
0.00031168473
0.00034015107
0.00037145351
0.0004062511
0.00044627083
0.00049572892
0.00051972929
0.00019071135
0.00019386395
0.00020077169
0.0002112237
0.00022511284
0.00024228831
0.00026255248
0.00028569389
0.00031154213
0.00034004325
0.00037137817
0.000406203
0.00044624179
0.00049570806
0.00051969416
0.0001904266
0.00019358211
0.00020049666
0.00021095998
0.00022486559
0.00024206302
0.00026235437
0.00028552709
0.00031140903
0.00033994393
0.00037130999
0.00040616046
0.00044621665
0.00049568951
0.00051966019
0.00019014991
0.00019330852
0.00020023028
0.00021070539
0.00022462797
0.00024184774
0.00026216636
0.00028537016
0.00031128518
0.00033985285
0.00037124871
0.00040612329
0.00044619526
0.00049567317
0.00051962739
0.00018988127
0.00019304318
0.0001999725
0.00021045988
0.00022439988
0.0002416423
0.00026198826
0.00028522286
0.00031117032
0.00033976973
0.00037119408
0.00040609126
0.00044617745
0.00049565895
0.00051959573
0.0001896207
0.00019278607
0.0001997233
0.00021022335
0.00022418118
0.00024144652
0.00026181985
0.00028508496
0.00031106417
0.00033969432
0.00037114587
0.00040606416
0.00044616308
0.00049564678
0.00051956522
0.00018936817
0.00019253716
0.00019948261
0.00020999574
0.00022397175
0.00024126024
0.00026166092
0.00028495619
0.00031096649
0.00033962636
0.00037110382
0.0004060418
0.00044615199
0.00049563655
0.00051953584
0.00018912366
0.00019229641
0.00019925037
0.00020977693
0.00022377145
0.00024108328
0.00026151125
0.00028483633
0.000310877
0.00033956558
0.00037106769
0.00040602397
0.00044614403
0.0004956282
0.00051950757
0.00018888714
0.00019206379
0.00019902652
0.00020956682
0.00022358015
0.00024091545
0.00026137062
0.00028472511
0.00031079545
0.00033951172
0.00037103725
0.00040601047
0.00044613906
0.00049562163
0.00051948042
0.00018865855
0.00019183922
0.00019881097
0.00020936531
0.00022339768
0.00024075656
0.0002612388
0.00028462229
0.00031072157
0.00033946453
0.00037101226
0.00040600111
0.00044613693
0.00049561677
0.00051945435
0.00018843786
0.00019162267
0.00019860365
0.00020917228
0.0002232239
0.00024060642
0.00026111558
0.00028452762
0.00031065511
0.00033942375
0.0003709925
0.00040599569
0.00044613751
0.00049561354
0.00051942937
0.00018822499
0.00019141404
0.00019840445
0.00020898761
0.00022305864
0.00024046484
0.00026100072
0.00028444085
0.0003105958
0.00033938914
0.00037097773
0.00040599403
0.00044614065
0.00049561186
0.00051940544
0.00018801989
0.00019121326
0.00019821329
0.00020881116
0.00022290175
0.00024033162
0.000260894
0.00028436173
0.00031054339
0.00033936045
0.00037096774
0.00040599594
0.00044614623
0.00049561165
0.00051938256
0.00018782247
0.00019102026
0.00019803005
0.0002086428
0.00022275306
0.00024020655
0.00026079518
0.00028429002
0.00031049762
0.00033933742
0.00037096229
0.00040600124
0.00044615411
0.00049561285
0.0005193607
0.00018763266
0.00019083494
0.00019785462
0.0002084824
0.00022261239
0.00024008944
0.00026070404
0.00028422546
0.00031045825
0.00033931982
0.00037096119
0.00040600976
0.00044616417
0.00049561538
0.00051933986
0.00018745037
0.0001906572
0.00019768689
0.0002083298
0.00022247958
0.00023998009
0.00026062035
0.00028416781
0.00031042502
0.00033930742
0.00037096421
0.00040602132
0.00044617628
0.00049561916
0.00051932001
0.00018727551
0.00019048694
0.00019752674
0.00020818487
0.00022235444
0.00023987827
0.00026054387
0.00028411682
0.00031039769
0.00033929997
0.00037097115
0.00040603576
0.00044619033
0.00049562414
0.00051930113
0.00018710796
0.00019032405
0.00019737404
0.00020804746
0.00022223679
0.00023978379
0.00026047438
0.00028407226
0.00031037602
0.00033929725
0.0003709818
0.00040605291
0.00044620619
0.00049563025
0.0005192832
0.00018694764
0.00019016842
0.00019722866
0.0002079174
0.00022212646
0.00023969644
0.00026041165
0.00028403388
0.00031035975
0.00033929903
0.00037099598
0.00040607261
0.00044622376
0.00049563741
0.0005192662
0.00018679444
0.00019001993
0.00019709047
0.00020779454
0.00022202327
0.00023961601
0.00026035544
0.00028400144
0.00031034867
0.0003393051
0.00037101348
0.00040609472
0.00044624292
0.00049564558
0.00051925012
0.00018664823
0.00018987846
0.00019695932
0.00020767873
0.00022192701
0.0002395423
0.00026030554
0.00028397471
0.00031034253
0.00033931522
0.00037103411
0.00040611906
0.00044626356
0.00049565468
0.00051923492
0.0001865089
0.00018974388
0.00019683508
0.00020756979
0.00022183752
0.00023947508
0.00026026172
0.00028395346
0.00031034111
0.00033932921
0.0003710577
0.00040614551
0.00044628558
0.00049566465
0.0005192206
0.00018637633
0.00018961608
0.00019671761
0.00020746756
0.0002217546
0.00023941416
0.00026022375
0.00028393745
0.00031034419
0.00033934683
0.00037108407
0.00040617391
0.00044630888
0.00049567545
0.00051920713
0.00018625039
0.0001894949
0.00019660675
0.00020737189
0.00022167806
0.00023935933
0.00026019142
0.00028392646
0.00031035153
0.0003393679
0.00037111303
0.00040620413
0.00044633337
0.000495687
0.00051919448
0.00018613095
0.00018938022
0.00019650236
0.00020728259
0.00022160772
0.00023931038
0.00026016449
0.00028392026
0.00031036293
0.00033939222
0.00037114441
0.00040623604
0.00044635894
0.00049569927
0.00051918265
0.00018601789
0.0001892719
0.00019640428
0.0002071995
0.00022154339
0.00023926711
0.00026014277
0.00028391865
0.00031037818
0.00033941959
0.00037117807
0.0004062695
0.00044638551
0.00049571219
0.00051917159
0.00018591107
0.00018916981
0.00019631237
0.00020712246
0.00022148488
0.00023922931
0.00026012603
0.0002839214
0.00031039707
0.00033944982
0.00037121382
0.00040630439
0.00044641299
0.00049572572
0.00051916131
0.00018581035
0.00018907378
0.00019622646
0.00020705129
0.000221432
0.00023919679
0.00026011407
0.00028392829
0.00031041939
0.00033948273
0.00037125153
0.00040634059
0.00044644129
0.0004957398
0.00051915176
0.00018571559
0.00018898369
0.00019614641
0.00020698582
0.00022138458
0.00023916934
0.00026010667
0.00028393914
0.00031044495
0.00033951815
0.00037129104
0.00040637797
0.00044647033
0.0004957544
0.00051914293
0.00018562665
0.00018889939
0.00019607206
0.00020692588
0.00022134241
0.00023914676
0.00026010363
0.00028395372
0.00031047356
0.0003395559
0.00037133219
0.00040641644
0.00044650003
0.00049576945
0.00051913481
0.0001855434
0.00018882073
0.00019600324
0.0002068713
0.00022130533
0.00023912885
0.00026010476
0.00028397184
0.00031050503
0.00033959581
0.00037137487
0.00040645587
0.00044653033
0.00049578493
0.00051912736
0.00018546568
0.00018874756
0.00019593981
0.00020682191
0.00022127313
0.00023911544
0.00026010984
0.00028399331
0.00031053917
0.00033963772
0.00037141891
0.00040649617
0.00044656114
0.00049580078
0.00051912056
0.00018539335
0.00018867973
0.0001958816
0.00020677753
0.00022124566
0.00023910631
0.0002601187
0.00028401794
0.00031057581
0.00033968147
0.00037146421
0.00040653723
0.00044659239
0.00049581697
0.00051911441
0.00018532626
0.00018861709
0.00019582845
0.00020673801
0.00022122271
0.00023910129
0.00026013112
0.00028404553
0.00031061478
0.00033972691
0.00037151062
0.00040657896
0.00044662402
0.00049583346
0.00051910886
0.00018526428
0.00018855949
0.00019578021
0.00020670317
0.00022120411
0.0002391002
0.00026014694
0.00028407592
0.0003106559
0.0003397739
0.00037155803
0.00040662126
0.00044665597
0.00049585021
0.00051910391
0.00018520725
0.00018850679
0.00019573671
0.00020667284
0.0002211897
0.00023910284
0.00026016597
0.00028410892
0.00031069901
0.00033982228
0.00037160632
0.00040666404
0.00044668817
0.00049586718
0.00051909953
0.00018515503
0.00018845882
0.00019569781
0.00020664685
0.00022117928
0.00023910904
0.00026018802
0.00028414435
0.00031074396
0.00033987193
0.00037165537
0.00040670722
0.00044672057
0.00049588435
0.00051909571
0.00018510746
0.00018841544
0.00019566334
0.00020662506
0.0002211727
0.00023911862
0.00026021293
0.00028418206
0.00031079059
0.0003399227
0.00037170509
0.00040675072
0.0004467531
0.00049590166
0.00051909241
0.0001850644
0.00018837651
0.00019563315
0.00020660728
0.00022116978
0.0002391314
0.00026024051
0.00028422188
0.00031083876
0.00033997447
0.00037175535
0.00040679445
0.00044678572
0.00049591911
0.00051908963
0.00018502571
0.00018834186
0.00019560708
0.00020659335
0.00022117035
0.00023914723
0.00026027061
0.00028426364
0.0003108883
0.00034002711
0.00037180607
0.00040683835
0.00044681837
0.00049593664
0.00051908733
0.00018499124
0.00018831135
0.00019558497
0.00020658313
0.00022117426
0.00023916593
0.00026030306
0.0002843072
0.0003109391
0.00034008051
0.00037185714
0.00040688234
0.00044685101
0.00049595424
0.00051908551
0.00018496083
0.00018828484
0.00019556668
0.00020657644
0.00022118132
0.00023918734
0.0002603377
0.0002843524
0.00031099101
0.00034013454
0.00037190848
0.00040692634
0.00044688358
0.00049597187
0.00051908414
0.00018493436
0.00018826217
0.00019555206
0.00020657314
0.0002211914
0.0002392113
0.00026037437
0.0002843991
0.0003110439
0.00034018911
0.00037195999
0.0004069703
0.00044691605
0.00049598951
0.0005190832
0.00018491167
0.00018824321
0.00019554095
0.00020657307
0.00022120433
0.00023923765
0.00026041293
0.00028444716
0.00031109765
0.00034024409
0.00037201159
0.00040701415
0.00044694836
0.00049600713
0.00051908267
0.00018489262
0.0001882278
0.00019553321
0.00020657608
0.00022121996
0.00023926625
0.00026045322
0.00028449644
0.00031115214
0.0003402994
0.00037206321
0.00040705784
0.00044698049
0.0004960247
0.00051908254
0.00018487707
0.0001882158
0.00019552869
0.00020658202
0.00022123814
0.00023929694
0.00026049511
0.00028454682
0.00031120725
0.00034035493
0.00037211475
0.0004071013
0.00044701238
0.00049604221
0.00051908278
0.00018486488
0.00018820708
0.00019552725
0.00020659074
0.00022125872
0.00023932958
0.00026053846
0.00028459816
0.00031126287
0.00034041059
0.00037216615
0.00040714448
0.00044704402
0.00049605963
0.00051908338
0.00018485591
0.00018820148
0.00019552875
0.00020660211
0.00022128156
0.00023936403
0.00026058314
0.00028465034
0.00031131888
0.00034046629
0.00037221735
0.00040718734
0.00044707535
0.00049607694
0.00051908432
0.00018485002
0.00018819889
0.00019553305
0.00020661598
0.00022130652
0.00023940015
0.00026062901
0.00028470324
0.0003113752
0.00034052195
0.00037226826
0.00040722982
0.00044710635
0.00049609412
0.00051908559
0.00018484709
0.00018819915
0.00019554
0.00020663222
0.00022133346
0.00023943782
0.00026067595
0.00028475676
0.00031143172
0.00034057748
0.00037231884
0.00040727188
0.00044713699
0.00049611114
0.00051908715
0.00018484698
0.00018820214
0.00019554949
0.00020665068
0.00022136225
0.00023947689
0.00026072384
0.00028481078
0.00031148835
0.00034063281
0.00037236902
0.00040731347
0.00044716725
0.000496128
0.000519089
0.00018484955
0.00018820772
0.00019556137
0.00020667124
0.00022139277
0.00023951726
0.00026077257
0.0002848652
0.00031154499
0.00034068787
0.00037241875
0.00040735457
0.00044719709
0.00049614468
0.00051909113
0.00018485468
0.00018821577
0.00019557551
0.00020669378
0.00022142487
0.00023955879
0.00026082201
0.00028491991
0.00031160157
0.00034074258
0.00037246798
0.00040739512
0.00044722649
0.00049616115
0.00051909351
0.00018486224
0.00018822616
0.0001955918
0.00020671816
0.00022145845
0.00023960137
0.00026087208
0.00028497483
0.00031165801
0.00034079689
0.00037251665
0.0004074351
0.00044725543
0.00049617741
0.00051909613
0.00018487212
0.00018823877
0.0001956101
0.00020674426
0.00022149339
0.0002396449
0.00026092265
0.00028502987
0.00031171421
0.00034085073
0.00037256472
0.00040747448
0.00044728388
0.00049619344
0.00051909898
0.00018488417
0.00018825347
0.00019563029
0.00020677196
0.00022152956
0.00023968925
0.00026097364
0.00028508493
0.00031177013
0.00034090405
0.00037261215
0.00040751322
0.00044731184
0.00049620923
0.00051910204
0.0001848983
0.00018827015
0.00019565227
0.00020680115
0.00022156686
0.00023973432
0.00026102495
0.00028513993
0.00031182568
0.00034095679
0.00037265891
0.00040755131
0.00044733929
0.00049622477
0.00051910529
0.00018491437
0.00018828868
0.0001956759
0.00020683172
0.00022160518
0.00023978002
0.00026107648
0.0002851948
0.0003118808
0.0003410089
0.00037270495
0.00040758871
0.0004473662
0.00049624005
0.00051910873
0.00018493229
0.00018830896
0.00019570109
0.00020686355
0.00022164442
0.00023982625
0.00026112815
0.00028524946
0.00031193543
0.00034106034
0.00037275023
0.00040762541
0.00044739257
0.00049625507
0.00051911234
0.00018495192
0.00018833088
0.00019572771
0.00020689654
0.00022168446
0.00023987291
0.00026117988
0.00028530383
0.00031198951
0.00034111105
0.00037279474
0.00040766138
0.00044741838
0.00049626975
0.0005191161
0.00018497317
0.00018835431
0.00019575566
0.00020693059
0.00022172523
0.00023991992
0.00026123159
0.00028535786
0.00031204299
0.00034116101
0.00037283844
0.00040769661
0.00044744362
0.00049628407
0.00051912001
0.00018499592
0.00018837917
0.00019578485
0.00020696559
0.00022176661
0.00023996718
0.0002612832
0.00028541148
0.00031209582
0.00034121017
0.00037288131
0.00040773108
0.00044746827
0.00049629802
0.00051912403
0.00018502008
0.00018840534
0.00019581516
0.00020700145
0.00022180852
0.00024001462
0.00026133463
0.00028546462
0.00031214795
0.0003412585
0.00037292332
0.00040776477
0.00044749231
0.00049631159
0.00051912817
0.00018504554
0.00018843273
0.0001958465
0.00020703807
0.00022185088
0.00024006215
0.00026138583
0.00028551723
0.00031219934
0.00034130597
0.00037296445
0.00040779767
0.00044751571
0.00049632478
0.00051913241
0.0001850722
0.00018846123
0.00019587878
0.00020707537
0.00022189359
0.0002401097
0.00026143672
0.00028556927
0.00031224994
0.00034135254
0.00037300469
0.00040782977
0.00044753846
0.00049633759
0.00051913673
0.00018509997
0.00018849075
0.0001959119
0.00020711325
0.00022193658
0.0002401572
0.00026148724
0.00028562066
0.00031229971
0.0003413982
0.000373044
0.00040786104
0.00044756054
0.00049635003
0.00051914112
0.00018512875
0.00018852121
0.00019594577
0.00020715164
0.00022197978
0.00024020458
0.00026153734
0.00028567138
0.00031234863
0.0003414429
0.00037308238
0.00040789147
0.00044758195
0.00049636212
0.00051914557
0.00018515846
0.0001885525
0.00019598031
0.00020719044
0.00022202309
0.00024025177
0.00026158696
0.00028572138
0.00031239666
0.00034148664
0.00037311982
0.00040792104
0.00044760269
0.00049637386
0.00051915008
0.000185189
0.00018858455
0.00019601543
0.00020722959
0.00022206646
0.00024029872
0.00026163605
0.00028577061
0.00031244376
0.0003415294
0.00037315628
0.00040794975
0.00044762277
0.00049638526
0.00051915464
0.00018522029
0.00018861728
0.00019605106
0.00020726901
0.00022210982
0.00024034535
0.00026168455
0.00028581904
0.00031248992
0.00034157114
0.00037319177
0.00040797756
0.00044764219
0.00049639632
0.00051915923
0.00018525225
0.00018865059
0.00019608711
0.00020730862
0.0002221531
0.00024039163
0.00026173243
0.00028586663
0.00031253511
0.00034161187
0.00037322627
0.0004080045
0.00044766096
0.00049640704
0.00051916386
0.0001852848
0.00018868442
0.00019612352
0.00020734836
0.00022219624
0.00024043748
0.00026177964
0.00028591335
0.0003125793
0.00034165155
0.00037325975
0.00040803055
0.0004476791
0.00049641744
0.00051916851
0.00018531786
0.00018871868
0.00019616021
0.00020738816
0.00022223918
0.00024048288
0.00026182614
0.00028595917
0.00031262247
0.00034169019
0.00037329221
0.00040805573
0.0004476966
0.00049642751
0.00051917317
0.00018535136
0.00018875331
0.00019619712
0.00020742796
0.00022228187
0.00024052776
0.0002618719
0.00028600407
0.00031266462
0.00034172775
0.00037332364
0.00040808005
0.00044771348
0.00049643725
0.00051917784
0.00018538523
0.00018878824
0.00019623417
0.0002074677
0.00022232426
0.00024057208
0.00026191688
0.00028604802
0.00031270571
0.00034176423
0.00037335405
0.00040810351
0.00044772975
0.00049644667
0.00051918252
0.0001854194
0.0001888234
0.00019627131
0.00020750733
0.00022236629
0.00024061582
0.00026196105
0.000286091
0.00031274573
0.00034179961
0.00037338344
0.00040812613
0.0004477454
0.00049645578
0.00051918719
0.00018545381
0.00018885874
0.00019630847
0.00020754678
0.00022240792
0.00024065892
0.00026200439
0.000286133
0.00031278468
0.00034183388
0.00037341182
0.0004081479
0.00044776045
0.00049646456
0.00051919185
0.00018548839
0.00018889417
0.00019634561
0.00020758601
0.00022244911
0.00024070136
0.00026204687
0.00028617398
0.00031282252
0.00034186706
0.0003734392
0.00040816885
0.0004477749
0.00049647304
0.00051919649
0.00018552308
0.00018892966
0.00019638266
0.00020762497
0.00022248982
0.0002407431
0.00026208846
0.00028621394
0.00031285925
0.00034189914
0.00037346559
0.00040818898
0.00044778877
0.00049648121
0.00051920111
0.00018555784
0.00018896515
0.00019641958
0.00020766362
0.00022253001
0.00024078411
0.00026212915
0.00028625285
0.00031289486
0.00034193014
0.00037349099
0.00040820829
0.00044780206
0.00049648907
0.0005192057
0.00018559259
0.00018900058
0.00019645631
0.00020770191
0.00022256964
0.00024082437
0.00026216891
0.0002862907
0.00031292937
0.00034196005
0.00037351542
0.00040822681
0.00044781478
0.00049649662
0.00051921026
0.0001856273
0.0001890359
0.00019649282
0.00020773981
0.00022260868
0.00024086385
0.00026220771
0.00028632748
0.00031296276
0.00034198889
0.00037353889
0.00040824454
0.00044782694
0.00049650388
0.00051921478
0.00018566191
0.00018907106
0.00019652905
0.00020777727
0.00022264711
0.00024090253
0.00026224555
0.00028636318
0.00031299505
0.00034201667
0.0003735614
0.0004082615
0.00044783856
0.00049651085
0.00051921926
0.00018569637
0.00018910603
0.00019656497
0.00020781426
0.00022268489
0.00024094038
0.0002622824
0.00028639782
0.00031302624
0.00034204339
0.00037358298
0.0004082777
0.00044784963
0.00049651753
0.00051922369
0.00018573065
0.00018914075
0.00019660054
0.00020785076
0.00022272199
0.00024097737
0.00026231827
0.00028643137
0.00031305633
0.00034206908
0.00037360364
0.00040829315
0.00044786017
0.00049652392
0.00051922806
0.0001857647
0.0001891752
0.00019663572
0.00020788671
0.00022275838
0.0002410135
0.00026235314
0.00028646385
0.00031308534
0.00034209373
0.00037362339
0.00040830787
0.0004478702
0.00049653003
0.00051923238
0.00018579847
0.00018920932
0.00019667048
0.0002079221
0.00022279405
0.00024104875
0.000262387
0.00028649527
0.00031311328
0.00034211736
0.00037364224
0.00040832187
0.00044787972
0.00049653586
0.00051923665
0.00018583194
0.00018924309
0.00019670478
0.0002079569
0.00022282897
0.0002410831
0.00026241987
0.00028652561
0.00031314014
0.00034214
0.00037366022
0.00040833516
0.00044788874
0.00049654143
0.00051924085
0.00018586506
0.00018927646
0.00019673859
0.00020799107
0.00022286312
0.00024111655
0.00026245172
0.0002865549
0.00031316595
0.00034216164
0.00037367733
0.00040834777
0.00044789727
0.00049654673
0.00051924498
0.0001858978
0.00018930941
0.00019677188
0.0002080246
0.0002228965
0.0002411491
0.00026248257
0.00028658313
0.00031319072
0.00034218232
0.0003736936
0.0004083597
0.00044790534
0.00049655177
0.00051924905
0.00018593012
0.0001893419
0.00019680463
0.00020805746
0.00022292907
0.00024118072
0.00026251242
0.00028661032
0.00031321446
0.00034220204
0.00037370905
0.00040837098
0.00044791294
0.00049655655
0.00051925305
0.000185962
0.00018937391
0.00019683681
0.00020808964
0.00022296084
0.00024121143
0.00026254127
0.00028663647
0.00031323719
0.00034222083
0.00037372368
0.00040838161
0.00044792009
0.00049656109
0.00051925697
0.00018599341
0.0001894054
0.00019686839
0.00020812112
0.00022299179
0.00024124121
0.00026256911
0.0002866616
0.00031325892
0.0003422387
0.00037373753
0.00040839162
0.0004479268
0.00049656539
0.00051926083
0.00018602432
0.00018943635
0.00019689936
0.00020815189
0.00022302191
0.00024127007
0.00026259597
0.00028668571
0.00031327966
0.00034225566
0.0003737506
0.00040840101
0.00044793309
0.00049656945
0.0005192646
0.0001860547
0.00018946675
0.00019692969
0.00020818192
0.0002230512
0.00024129801
0.00026262184
0.00028670882
0.00031329944
0.00034227174
0.00037376291
0.00040840982
0.00044793896
0.00049657329
0.0005192683
0.00018608454
0.00018949657
0.00019695938
0.00020821121
0.00022307965
0.00024132502
0.00026264674
0.00028673095
0.00031331826
0.00034228696
0.00037377449
0.00040841804
0.00044794444
0.0004965769
0.00051927191
0.00018611381
0.00018952578
0.0001969884
0.00020823975
0.00022310726
0.00024135111
0.00026267067
0.00028675209
0.00031333615
0.00034230133
0.00037378536
0.00040842571
0.00044794952
0.00049658029
0.00051927545
0.0001861425
0.00018955439
0.00019701674
0.00020826753
0.00022313403
0.00024137629
0.00026269363
0.00028677228
0.00031335313
0.00034231487
0.00037379552
0.00040843283
0.00044795422
0.00049658347
0.0005192789
0.00018617058
0.00018958236
0.0001970444
0.00020829455
0.00022315995
0.00024140055
0.00026271565
0.00028679153
0.0003133692
0.00034232761
0.000373805
0.00040843941
0.00044795856
0.00049658644
0.00051928227
0.00018619806
0.00018960969
0.00019707135
0.00020832079
0.00022318502
0.00024142391
0.00026273674
0.00028680984
0.0003133844
0.00034233956
0.00037381381
0.00040844549
0.00044796254
0.00049658921
0.00051928555
0.0001862249
0.00018963636
0.0001970976
0.00020834626
0.00022320925
0.00024144637
0.00026275689
0.00028682724
0.00031339873
0.00034235073
0.00037382198
0.00040845105
0.00044796617
0.00049659179
0.00051928875
0.0001862511
0.00018966237
0.00019712314
0.00020837095
0.00022323264
0.00024146794
0.00026277614
0.00028684374
0.00031341222
0.00034236115
0.00037382951
0.00040845614
0.00044796946
0.00049659417
0.00051929186
0.00018627666
0.00018968771
0.00019714796
0.00020839487
0.0002232552
0.00024148864
0.00026279449
0.00028685936
0.00031342489
0.00034237084
0.00037383644
0.00040846074
0.00044797242
0.00049659636
0.00051929488
0.00018630155
0.00018971237
0.00019717205
0.00020841801
0.00022327692
0.00024150846
0.00026281195
0.00028687411
0.00031343675
0.00034237981
0.00037384276
0.00040846489
0.00044797507
0.00049659836
0.00051929781
0.00018632579
0.00018973635
0.00019719542
0.00020844037
0.00022329782
0.00024152742
0.00026282855
0.00028688802
0.00031344782
0.00034238809
0.00037384851
0.00040846859
0.0004479774
0.00049660018
0.00051930065
0.00018634936
0.00018975964
0.00019721807
0.00020846197
0.0002233179
0.00024154554
0.00026284429
0.00028690111
0.00031345813
0.0003423957
0.0003738537
0.00040847186
0.00044797943
0.00049660182
0.0005193034
0.00018637225
0.00018978224
0.00019724
0.0002084828
0.00022333718
0.00024156282
0.00026285921
0.00028691339
0.00031346769
0.00034240264
0.00037385835
0.00040847471
0.00044798117
0.00049660328
0.00051930606
0.00018639448
0.00018980416
0.0001972612
0.00020850286
0.00022335566
0.00024157929
0.0002628733
0.00028692489
0.00031347653
0.00034240896
0.00037386247
0.00040847715
0.00044798262
0.00049660458
0.00051930862
0.00018641603
0.00018982538
0.00019728168
0.00020852218
0.00022337336
0.00024159495
0.0002628866
0.00028693562
0.00031348467
0.00034241466
0.00037386608
0.00040847921
0.00044798381
0.00049660571
0.00051931109
0.0001864369
0.00018984592
0.00019730145
0.00020854074
0.00022339029
0.00024160983
0.00026289912
0.00028694561
0.00031349213
0.00034241977
0.00037386921
0.00040848089
0.00044798473
0.00049660668
0.00051931347
0.00018645711
0.00018986577
0.00019732052
0.00020855858
0.00022340645
0.00024162394
0.00026291088
0.00028695489
0.00031349893
0.00034242431
0.00037387187
0.00040848222
0.0004479854
0.0004966075
0.00051931577
0.00018647664
0.00018988494
0.00019733887
0.00020857568
0.00022342187
0.00024163729
0.00026292191
0.00028696346
0.0003135051
0.00034242831
0.00037387409
0.00040848321
0.00044798584
0.00049660818
0.00051931797
0.0001864955
0.00018990343
0.00019735654
0.00020859206
0.00022343655
0.00024164991
0.00026293222
0.00028697136
0.00031351066
0.00034243178
0.00037387587
0.00040848387
0.00044798605
0.00049660872
0.00051932009
0.0001865137
0.00018992125
0.00019737351
0.00020860774
0.00022345051
0.00024166181
0.00026294183
0.00028697861
0.00031351564
0.00034243475
0.00037387726
0.00040848423
0.00044798606
0.00049660913
0.00051932212
0.00018653124
0.0001899384
0.0001973898
0.00020862272
0.00022346377
0.00024167301
0.00026295077
0.00028698523
0.00031352006
0.00034243724
0.00037387826
0.0004084843
0.00044798587
0.00049660943
0.00051932407
0.00018654813
0.00018995489
0.00019740541
0.00020863701
0.00022347633
0.00024168353
0.00026295905
0.00028699124
0.00031352393
0.00034243927
0.0003738789
0.00040848411
0.0004479855
0.00049660962
0.00051932595
0.00018656436
0.00018997072
0.00019742036
0.00020865063
0.00022348822
0.00024169338
0.00026296669
0.00028699666
0.00031352729
0.00034244087
0.00037387919
0.00040848366
0.00044798496
0.00049660971
0.00051932774
0.00018657995
0.0001899859
0.00019743465
0.00020866358
0.00022349944
0.00024170258
0.00026297372
0.00028700152
0.00031353015
0.00034244206
0.00037387916
0.00040848297
0.00044798426
0.00049660971
0.00051932946
0.0001865949
0.00019000044
0.00019744829
0.00020867588
0.00022351002
0.00024171115
0.00026298015
0.00028700584
0.00031353253
0.00034244285
0.00037387883
0.00040848207
0.00044798342
0.00049660963
0.00051933111
0.00018660922
0.00019001435
0.00019746129
0.00020868754
0.00022351996
0.00024171911
0.000262986
0.00028700962
0.00031353446
0.00034244327
0.0003738782
0.00040848096
0.00044798245
0.00049660946
0.00051933268
0.00018662292
0.00019002763
0.00019747367
0.00020869857
0.00022352927
0.00024172646
0.00026299128
0.0002870129
0.00031353595
0.00034244333
0.00037387729
0.00040847965
0.00044798136
0.00049660923
0.00051933419
0.000186636
0.00019004029
0.00019748542
0.00020870898
0.00022353798
0.00024173323
0.00026299602
0.00028701569
0.00031353701
0.00034244304
0.00037387613
0.00040847816
0.00044798014
0.00049660892
0.00051933563
0.00018664847
0.00019005235
0.00019749657
0.00020871879
0.0002235461
0.00024173943
0.00026300024
0.000287018
0.00031353767
0.00034244242
0.00037387471
0.0004084765
0.00044797882
0.00049660855
0.00051933699
0.00018666035
0.0001900638
0.00019750712
0.000208728
0.00022355364
0.00024174508
0.00026300393
0.00028701985
0.00031353794
0.00034244148
0.00037387305
0.00040847467
0.00044797739
0.00049660811
0.00051933829
0.00018667164
0.00019007468
0.00019751708
0.00020873664
0.00022356061
0.00024175019
0.00026300713
0.00028702126
0.00031353782
0.00034244023
0.00037387116
0.00040847267
0.00044797585
0.00049660759
0.00051933952
0.00018668236
0.00019008497
0.00019752648
0.00020874471
0.00022356704
0.00024175478
0.00026300985
0.00028702224
0.00031353734
0.00034243869
0.00037386904
0.00040847051
0.0004479742
0.00049660701
0.00051934068
0.00018669252
0.00019009471
0.00019753531
0.00020875223
0.00022357294
0.00024175887
0.00026301211
0.00028702281
0.00031353652
0.00034243687
0.00037386671
0.0004084682
0.00044797245
0.00049660635
0.00051934176
0.00018670212
0.0001901039
0.0001975436
0.00020875922
0.00022357831
0.00024176247
0.00026301392
0.00028702299
0.00031353535
0.00034243478
0.00037386417
0.00040846574
0.00044797059
0.00049660561
0.00051934277
0.00018671119
0.00019011255
0.00019755136
0.00020876569
0.0002235832
0.0002417656
0.00026301531
0.00028702279
0.00031353387
0.00034243242
0.00037386143
0.00040846313
0.00044796863
0.00049660479
0.00051934371
0.00018671973
0.00019012068
0.00019755861
0.00020877166
0.0002235876
0.00024176828
0.00026301628
0.00028702223
0.00031353208
0.00034242983
0.0003738585
0.00040846038
0.00044796656
0.0004966039
0.00051934458
0.00018672777
0.00019012831
0.00019756535
0.00020877714
0.00022359154
0.00024177054
0.00026301687
0.00028702133
0.00031353001
0.000342427
0.00037385539
0.00040845749
0.0004479644
0.00049660292
0.00051934538
0.00018673531
0.00019013544
0.00019757162
0.00020878216
0.00022359503
0.00024177238
0.00026301709
0.00028702011
0.00031352768
0.00034242396
0.00037385212
0.00040845449
0.00044796214
0.00049660187
0.0005193461
0.00018674236
0.00019014209
0.00019757742
0.00020878673
0.00022359811
0.00024177384
0.00026301697
0.0002870186
0.00031352509
0.00034242072
0.0003738487
0.00040845137
0.00044795979
0.00049660075
0.00051934676
0.00018674895
0.00019014829
0.00019758277
0.00020879087
0.00022360078
0.00024177492
0.00026301652
0.00028701681
0.00031352229
0.00034241731
0.00037384515
0.00040844815
0.00044795738
0.00049659957
0.00051934736
0.00018675509
0.00019015403
0.00019758768
0.00020879459
0.00022360306
0.00024177566
0.00026301577
0.00028701477
0.00031351928
0.00034241374
0.00037384149
0.00040844486
0.0004479549
0.00049659834
0.0005193479
0.00018676078
0.00019015934
0.00019759217
0.00020879791
0.00022360498
0.00024177607
0.00026301473
0.00028701249
0.00031351609
0.00034241004
0.00037383773
0.0004084415
0.00044795238
0.00049659708
0.00051934839
0.00018676605
0.00019016422
0.00019759625
0.00020880085
0.00022360654
0.00024177617
0.00026301343
0.00028701
0.00031351274
0.00034240623
0.0003738339
0.0004084381
0.00044794984
0.0004965958
0.00051934882
0.0001867709
0.0001901687
0.00019759993
0.00020880342
0.00022360777
0.00024177598
0.00026301189
0.00028700732
0.00031350925
0.00034240233
0.00037383002
0.00040843468
0.00044794729
0.00049659452
0.00051934922
0.00018677534
0.00019017278
0.00019760324
0.00020880563
0.00022360867
0.00024177551
0.00026301012
0.00028700447
0.00031350564
0.00034239836
0.00037382611
0.00040843125
0.00044794475
0.00049659325
0.00051934959
0.00018677938
0.00019017647
0.00019760617
0.0002088075
0.00022360927
0.00024177477
0.00026300813
0.00028700146
0.00031350192
0.00034239433
0.00037382218
0.00040842785
0.00044794225
0.00049659201
0.00051934992
0.00018678304
0.00019017978
0.00019760875
0.00020880903
0.00022360957
0.00024177378
0.00026300594
0.00028699829
0.00031349811
0.00034239026
0.00037381826
0.00040842447
0.00044793979
0.00049659081
0.00051935024
0.00018678633
0.00019018272
0.00019761097
0.00020881024
0.00022360958
0.00024177254
0.00026300356
0.00028699499
0.00031349421
0.00034238615
0.00037381434
0.00040842113
0.00044793738
0.00049658966
0.00051935053
0.00018678925
0.00019018531
0.00019761285
0.00020881113
0.00022360931
0.00024177107
0.00026300099
0.00028699156
0.00031349024
0.00034238201
0.00037381044
0.00040841783
0.00044793504
0.00049658855
0.0005193508
0.00018679181
0.00019018755
0.00019761441
0.00020881172
0.00022360877
0.00024176938
0.00026299825
0.000286988
0.00031348619
0.00034237785
0.00037380655
0.00040841459
0.00044793276
0.0004965875
0.00051935105
0.00018679403
0.00019018945
0.00019761564
0.00020881201
0.00022360797
0.00024176746
0.00026299533
0.00028698432
0.00031348207
0.00034237366
0.00037380267
0.00040841138
0.00044793053
0.00049658649
0.00051935128
0.00018679592
0.00019019102
0.00019761656
0.00020881202
0.00022360691
0.00024176532
0.00026299223
0.0002869805
0.00031347786
0.00034236943
0.0003737988
0.00040840821
0.00044792835
0.0004965855
0.00051935148
0.00018679749
0.00019019229
0.00019761718
0.00020881175
0.00022360561
0.00024176297
0.00026298896
0.00028697656
0.00031347357
0.00034236516
0.00037379491
0.00040840505
0.00044792618
0.00049658452
0.00051935165
0.00018679875
0.00019019325
0.00019761751
0.00020881121
0.00022360407
0.00024176042
0.00026298553
0.00028697249
0.00031346919
0.00034236083
0.000373791
0.00040840188
0.00044792402
0.00049658352
0.00051935178
0.00018679972
0.00019019393
0.00019761758
0.00020881043
0.0002236023
0.00024175768
0.00026298194
0.0002869683
0.00031346472
0.00034235644
0.00037378704
0.00040839869
0.00044792183
0.00049658249
0.00051935186
0.00018680042
0.00019019434
0.00019761738
0.00020880941
0.00022360033
0.00024175475
0.0002629782
0.00028696398
0.00031346014
0.00034235197
0.00037378303
0.00040839545
0.00044791959
0.00049658139
0.00051935189
0.00018680085
0.00019019449
0.00019761695
0.00020880817
0.00022359816
0.00024175166
0.00026297431
0.00028695955
0.00031345548
0.00034234742
0.00037377895
0.00040839214
0.00044791728
0.0004965802
0.00051935186
0.00018680105
0.00019019442
0.0001976163
0.00020880673
0.00022359581
0.00024174842
0.00026297031
0.00028695502
0.00031345073
0.0003423428
0.0003737748
0.00040838875
0.00044791488
0.0004965789
0.00051935176
0.00018680103
0.00019019412
0.00019761545
0.0002088051
0.00022359331
0.00024174504
0.0002629662
0.0002869504
0.0003134459
0.00034233811
0.00037377057
0.00040838527
0.00044791236
0.00049657749
0.00051935159
0.0001868008
0.00019019363
0.00019761441
0.00020880332
0.00022359068
0.00024174157
0.000262962
0.00028694571
0.00031344103
0.00034233336
0.00037376628
0.00040838171
0.00044790975
0.00049657595
0.00051935135
0.00018680039
0.00019019296
0.00019761322
0.0002088014
0.00022358793
0.00024173801
0.00026295775
0.00028694099
0.00031343612
0.00034232858
0.00037376194
0.00040837808
0.00044790703
0.00049657431
0.00051935105
0.0001867998
0.00019019213
0.00019761187
0.00020879936
0.0002235851
0.00024173439
0.00026295347
0.00028693626
0.00031343122
0.0003423238
0.00037375758
0.0004083744
0.00044790424
0.00049657257
0.00051935069
0.00018679905
0.00019019114
0.0001976104
0.00020879722
0.0002235822
0.00024173074
0.0002629492
0.00028693156
0.00031342635
0.00034231906
0.00037375324
0.00040837071
0.0004479014
0.00049657078
0.0005193503
0.00018679815
0.00019019001
0.00019760881
0.00020879499
0.00022357925
0.00024172708
0.00026294495
0.00028692692
0.00031342156
0.0003423144
0.00037374896
0.00040836706
0.00044789857
0.00049656898
0.00051934988
0.0001867971
0.00019018875
0.00019760711
0.00020879269
0.00022357626
0.00024172344
0.00026294075
0.00028692236
0.00031341688
0.00034230985
0.0003737448
0.00040836349
0.00044789581
0.00049656723
0.00051934946
0.00018679591
0.00019018736
0.0001976053
0.00020879032
0.00022357326
0.00024171982
0.00026293663
0.00028691792
0.00031341235
0.00034230547
0.00037374079
0.00040836007
0.00044789316
0.00049656558
0.00051934905
0.00018679459
0.00019018585
0.0001976034
0.00020878789
0.00022357023
0.00024171623
0.00026293259
0.00028691362
0.00031340799
0.00034230129
0.000373737
0.00040835686
0.00044789071
0.00049656409
0.00051934869
0.00018679312
0.00019018421
0.0001976014
0.00020878539
0.00022356719
0.00024171268
0.00026292865
0.00028690946
0.00031340383
0.00034229734
0.00037373346
0.0004083539
0.0004478885
0.00049656284
0.00051934838
0.00018679151
0.00019018244
0.00019759928
0.00020878283
0.00022356413
0.00024170916
0.0002629248
0.00028690545
0.00031339987
0.00034229364
0.0003737302
0.00040835125
0.00044788661
0.00049656186
0.00051934815
0.00018678975
0.00019018053
0.00019759706
0.00020878018
0.00022356103
0.00024170566
0.00026292102
0.00028690158
0.00031339611
0.00034229019
0.00037372724
0.00040834892
0.00044788504
0.00049656118
0.00051934801
0.00018678783
0.00019017847
0.00019759471
0.00020877744
0.00022355788
0.00024170216
0.0002629173
0.00028689782
0.00031339253
0.00034228697
0.00037372456
0.00040834691
0.00044788382
0.0004965608
0.00051934795
0.00018678576
0.00019017627
0.00019759223
0.0002087746
0.00022355466
0.00024169863
0.0002629136
0.00028689415
0.00031338909
0.00034228396
0.00037372214
0.00040834521
0.00044788291
0.00049656069
0.00051934797
0.00018678353
0.00019017391
0.00019758961
0.00020877164
0.00022355135
0.00024169505
0.0002629099
0.00028689051
0.00031338574
0.0003422811
0.00037371993
0.00040834375
0.00044788225
0.00049656077
0.00051934803
0.00018678115
0.0001901714
0.00019758685
0.00020876854
0.00022354793
0.00024169138
0.00026290614
0.00028688687
0.00031338243
0.00034227832
0.00037371784
0.00040834247
0.00044788178
0.00049656097
0.00051934812
0.00018677861
0.00019016875
0.00019758394
0.00020876532
0.00022354439
0.00024168761
0.0002629023
0.00028688316
0.00031337909
0.00034227555
0.00037371581
0.00040834125
0.00044788136
0.00049656117
0.00051934818
0.00018677595
0.00019016596
0.0001975809
0.00020876195
0.00022354071
0.00024168371
0.00026289833
0.00028687935
0.00031337565
0.0003422727
0.00037371372
0.00040833999
0.00044788089
0.00049656125
0.0005193482
0.00018677316
0.00019016305
0.00019757773
0.00020875846
0.0002235369
0.00024167967
0.00026289422
0.00028687538
0.00031337205
0.0003422697
0.00037371147
0.00040833858
0.00044788023
0.00049656109
0.00051934811
0.00018677029
0.00019016004
0.00019757446
0.00020875486
0.00022353297
0.00024167549
0.00026288994
0.00028687122
0.00031336825
0.00034226647
0.00037370898
0.0004083369
0.00044787928
0.00049656058
0.00051934789
0.00018676735
0.00019015697
0.00019757112
0.00020875118
0.00022352894
0.00024167118
0.00026288552
0.00028686687
0.00031336421
0.00034226296
0.00037370617
0.00040833486
0.00044787794
0.00049655966
0.00051934751
0.00018676439
0.00019015387
0.00019756774
0.00020874744
0.00022352483
0.00024166678
0.00026288095
0.00028686233
0.00031335992
0.00034225915
0.00037370299
0.0004083324
0.00044787613
0.00049655828
0.00051934695
0.00018676144
0.00019015077
0.00019756436
0.00020874369
0.00022352071
0.00024166233
0.00026287629
0.00028685764
0.00031335541
0.00034225502
0.00037369943
0.00040832948
0.00044787382
0.00049655642
0.00051934621
0.00018675853
0.00019014771
0.00019756102
0.00020873999
0.00022351662
0.00024165788
0.0002628716
0.00028685286
0.00031335073
0.00034225063
0.0003736955
0.00040832613
0.00044787102
0.0004965541
0.00051934529
0.0001867557
0.00019014473
0.00019755777
0.00020873638
0.00022351261
0.00024165351
0.00026286695
0.00028684806
0.00031334595
0.00034224606
0.00037369129
0.00040832238
0.00044786779
0.00049655141
0.00051934423
0.00018675297
0.00019014187
0.00019755465
0.00020873292
0.00022350877
0.0002416493
0.00026286243
0.00028684336
0.0003133412
0.00034224141
0.0003736869
0.00040831837
0.00044786423
0.00049654846
0.00051934307
0.00018675037
0.00019013915
0.00019755169
0.00020872964
0.00022350514
0.00024164532
0.00026285815
0.00028683886
0.0003133366
0.00034223684
0.00037368249
0.00040831423
0.00044786051
0.00049654544
0.00051934186
0.0001867479
0.00019013657
0.00019754891
0.00020872659
0.00022350177
0.00024164164
0.00026285419
0.00028683468
0.00031333229
0.0003422325
0.00037367823
0.00040831018
0.00044785685
0.00049654254
0.00051934069
0.00018674557
0.00019013415
0.00019754632
0.00020872378
0.00022349871
0.00024163832
0.00026285064
0.00028683095
0.00031332843
0.00034222858
0.00037367434
0.00040830643
0.00044785347
0.00049653999
0.00051933964
0.00018674334
0.00019013186
0.00019754392
0.00020872121
0.00022349596
0.0002416354
0.00026284756
0.00028682775
0.00031332514
0.00034222525
0.00037367101
0.00040830322
0.00044785062
0.00049653801
0.00051933878
0.0001867412
0.00019012969
0.00019754167
0.00020871888
0.00022349353
0.00024163288
0.00026284499
0.00028682514
0.00031332252
0.00034222262
0.00037366842
0.00040830076
0.00044784852
0.00049653677
0.0005193382
0.0001867391
0.00019012759
0.00019753955
0.00020871674
0.00022349139
0.00024163075
0.00026284291
0.00028682314
0.00031332062
0.00034222081
0.00037366671
0.00040829921
0.00044784736
0.00049653639
0.00051933794
0.00018673699
0.0001901255
0.0001975375
0.00020871474
0.00022348947
0.00024162896
0.0002628413
0.00028682174
0.00031331944
0.00034221985
0.00037366595
0.0004082987
0.00044784724
0.00049653694
0.00051933804
0.00018673481
0.00019012337
0.00019753545
0.0002087128
0.0002234877
0.00024162743
0.00026284006
0.00028682085
0.00031331892
0.00034221969
0.00037366613
0.00040829922
0.0004478482
0.00049653843
0.00051933847
0.00018673251
0.00019012113
0.00019753332
0.00020871085
0.00022348599
0.00024162604
0.00026283909
0.00028682036
0.00031331894
0.00034222023
0.00037366716
0.00040830072
0.00044785017
0.00049654078
0.00051933922
0.00018673002
0.00019011872
0.00019753105
0.00020870878
0.00022348421
0.00024162467
0.00026283823
0.0002868201
0.00031331934
0.00034222129
0.00037366886
0.00040830303
0.00044785298
0.00049654382
0.0005193402
0.00018672733
0.00019011612
0.00019752859
0.00020870654
0.00022348229
0.00024162319
0.00026283732
0.00028681988
0.00031331989
0.00034222264
0.00037367099
0.00040830588
0.0004478564
0.00049654735
0.00051934132
)
;

boundaryField
{
    water_inlet
    {
        type            turbulentIntensityKineticEnergyInlet;
        intensity       0.05;
        value           uniform 0.000234375;
    }
    water_outlet
    {
        type            inletOutlet;
        inletValue      uniform 0.0001;
        value           nonuniform List<scalar> 
15
(
0.00018672733
0.00019011612
0.00019752859
0.00020870654
0.00022348229
0.00024162319
0.00026283732
0.00028681988
0.00031331989
0.00034222264
0.00037367099
0.00040830588
0.0004478564
0.00049654735
0.00051934132
)
;
    }
    water_wedge1
    {
        type            wedge;
    }
    water_wedge2
    {
        type            wedge;
    }
    water_to_rock
    {
        type            kqRWallFunction;
        value           nonuniform List<scalar> 
400
(
0.00033298785
0.00042108833
0.0004915993
0.00054314021
0.00057747636
0.00059772639
0.00060724748
0.00060905754
0.0006056161
0.00059880682
0.00059001308
0.00058022149
0.00057012062
0.0005601824
0.0005507241
0.00054195294
0.00053399692
0.00052692519
0.00052076146
0.00051549302
0.00051107779
0.00050745065
0.00050453
0.00050222457
0.00050043991
0.00049908424
0.00049807291
0.00049733132
0.00049679626
0.00049641599
0.00049614946
0.00049596497
0.00049583865
0.00049575298
0.00049569544
0.0004956574
0.00049563313
0.00049561908
0.00049561324
0.00049561471
0.00049562332
0.00049563933
0.00049566327
0.00049569579
0.00049573755
0.00049578915
0.00049585112
0.00049592389
0.00049600778
0.000496103
0.00049620967
0.00049632781
0.00049645738
0.00049659824
0.00049675023
0.00049691314
0.0004970867
0.00049727064
0.00049746464
0.0004976684
0.00049788158
0.00049810386
0.00049833477
0.0004985739
0.0004988207
0.00049907467
0.0004993353
0.00049960217
0.00049987495
0.00050015337
0.00050043719
0.00050072628
0.00050102048
0.00050131962
0.00050162346
0.00050193181
0.00050224446
0.00050256122
0.00050288188
0.00050320624
0.00050353409
0.00050386523
0.00050419946
0.00050453657
0.00050487636
0.00050521864
0.00050556321
0.00050590988
0.00050625845
0.00050660872
0.00050696052
0.00050731365
0.00050766793
0.00050802316
0.00050837917
0.00050873576
0.00050909274
0.00050944994
0.00050980716
0.00051016421
0.0005105209
0.00051087702
0.00051123238
0.00051158676
0.00051193995
0.00051229173
0.00051264186
0.00051299011
0.00051333622
0.00051367994
0.00051402098
0.00051435907
0.00051469391
0.00051502519
0.00051535259
0.00051567578
0.00051599443
0.00051630818
0.00051661669
0.0005169196
0.00051721654
0.00051750717
0.00051779113
0.00051806808
0.00051833767
0.00051859959
0.00051885353
0.00051909921
0.00051933635
0.00051956471
0.00051978409
0.00051999428
0.00052019515
0.00052038655
0.00052056839
0.00052074061
0.00052090318
0.0005210561
0.0005211994
0.00052133313
0.00052145739
0.00052157229
0.00052167797
0.0005217746
0.00052186237
0.00052194147
0.00052201215
0.00052207463
0.00052212916
0.00052217602
0.00052221549
0.00052224783
0.00052227335
0.00052229234
0.00052230509
0.0005223119
0.00052231306
0.00052230889
0.00052229966
0.00052228567
0.00052226721
0.00052224455
0.00052221797
0.00052218774
0.00052215411
0.00052211734
0.00052207768
0.00052203536
0.00052199061
0.00052194363
0.0005218946
0.00052184368
0.00052179101
0.00052173677
0.00052168112
0.00052162424
0.00052156632
0.00052150754
0.00052144805
0.00052138801
0.00052132758
0.00052126688
0.00052120606
0.00052114522
0.00052108449
0.00052102396
0.00052096375
0.00052090393
0.00052084459
0.00052078581
0.00052072767
0.00052067022
0.00052061353
0.00052055766
0.00052050265
0.00052044854
0.00052039539
0.00052034323
0.00052029209
0.000520242
0.00052019299
0.00052014508
0.00052009828
0.00052005262
0.00052000811
0.00051996476
0.00051992258
0.00051988156
0.00051984173
0.00051980307
0.00051976559
0.00051972929
0.00051969416
0.00051966019
0.00051962739
0.00051959573
0.00051956522
0.00051953584
0.00051950757
0.00051948042
0.00051945435
0.00051942937
0.00051940544
0.00051938256
0.0005193607
0.00051933986
0.00051932001
0.00051930113
0.0005192832
0.0005192662
0.00051925012
0.00051923492
0.0005192206
0.00051920713
0.00051919448
0.00051918265
0.00051917159
0.00051916131
0.00051915176
0.00051914293
0.00051913481
0.00051912736
0.00051912056
0.00051911441
0.00051910886
0.00051910391
0.00051909953
0.00051909571
0.00051909241
0.00051908963
0.00051908733
0.00051908551
0.00051908414
0.0005190832
0.00051908267
0.00051908254
0.00051908278
0.00051908338
0.00051908432
0.00051908559
0.00051908715
0.000519089
0.00051909113
0.00051909351
0.00051909613
0.00051909898
0.00051910204
0.00051910529
0.00051910873
0.00051911234
0.0005191161
0.00051912001
0.00051912403
0.00051912817
0.00051913241
0.00051913673
0.00051914112
0.00051914557
0.00051915008
0.00051915464
0.00051915923
0.00051916386
0.00051916851
0.00051917317
0.00051917784
0.00051918252
0.00051918719
0.00051919185
0.00051919649
0.00051920111
0.0005192057
0.00051921026
0.00051921478
0.00051921926
0.00051922369
0.00051922806
0.00051923238
0.00051923665
0.00051924085
0.00051924498
0.00051924905
0.00051925305
0.00051925697
0.00051926083
0.0005192646
0.0005192683
0.00051927191
0.00051927545
0.0005192789
0.00051928227
0.00051928555
0.00051928875
0.00051929186
0.00051929488
0.00051929781
0.00051930065
0.0005193034
0.00051930606
0.00051930862
0.00051931109
0.00051931347
0.00051931577
0.00051931797
0.00051932009
0.00051932212
0.00051932407
0.00051932595
0.00051932774
0.00051932946
0.00051933111
0.00051933268
0.00051933419
0.00051933563
0.00051933699
0.00051933829
0.00051933952
0.00051934068
0.00051934176
0.00051934277
0.00051934371
0.00051934458
0.00051934538
0.0005193461
0.00051934676
0.00051934736
0.0005193479
0.00051934839
0.00051934882
0.00051934922
0.00051934959
0.00051934992
0.00051935024
0.00051935053
0.0005193508
0.00051935105
0.00051935128
0.00051935148
0.00051935165
0.00051935178
0.00051935186
0.00051935189
0.00051935186
0.00051935176
0.00051935159
0.00051935135
0.00051935105
0.00051935069
0.0005193503
0.00051934988
0.00051934946
0.00051934905
0.00051934869
0.00051934838
0.00051934815
0.00051934801
0.00051934795
0.00051934797
0.00051934803
0.00051934812
0.00051934818
0.0005193482
0.00051934811
0.00051934789
0.00051934751
0.00051934695
0.00051934621
0.00051934529
0.00051934423
0.00051934307
0.00051934186
0.00051934069
0.00051933964
0.00051933878
0.0005193382
0.00051933794
0.00051933804
0.00051933847
0.00051933922
0.0005193402
0.00051934132
)
;
    }
}


// ************************************************************************* //
