/*--------------------------------*- C++ -*----------------------------------*\
| =========                 |                                                 |
| \\      /  F ield         | OpenFOAM: The Open Source CFD Toolbox           |
|  \\    /   O peration     | Version:  2506                                  |
|   \\  /    A nd           | Website:  www.openfoam.com                      |
|    \\/     M anipulation  |                                                 |
\*---------------------------------------------------------------------------*/
FoamFile
{
    version     2.0;
    format      ascii;
    arch        "LSB;label=32;scalar=64";
    class       surfaceScalarField;
    location    "2000/water";
    object      phi;
}
// * * * * * * * * * * * * * * * * * * * * * * * * * * * * * * * * * * * * * //

dimensions      [1 0 -1 0 0 0 0];

oriented        oriented;

internalField   nonuniform List<scalar> 
1890
(
-4.1736244e-05
0.0022168351
-0.00015753622
0.0059586937
-0.00032930668
0.0087985477
-0.00054203242
0.010900937
-0.00078239503
0.012402155
-0.0010351825
0.013412336
-0.0012746193
0.014013996
-0.0014359745
0.014245356
-0.001284859
0.0140006
0.012745539
-3.1455819e-05
0.002248291
-0.00011269722
0.0060399351
-0.00023219386
0.0089180443
-0.00037999424
0.011048737
-0.00054594258
0.012568103
-0.00071649909
0.013582893
-0.0008667453
0.014164243
-0.00093361993
0.014312231
-0.00073394553
0.013800926
0.012011593
-2.9138815e-05
0.0022774298
-0.00010672993
0.0061175262
-0.00022105537
0.0090323698
-0.00036160322
0.011189285
-0.00051700136
0.012723501
-0.00067116228
0.013737054
-0.00079396177
0.014287042
-0.0008113978
0.014329667
-0.00056729937
0.013556828
0.011444294
-2.7339926e-05
0.0023047697
-0.00010102592
0.0061912122
-0.00020924226
0.0091405861
-0.00034097877
0.011321022
-0.00048374633
0.012866269
-0.00061911416
0.013872422
-0.00071088013
0.014378808
-0.00067659611
0.014295383
-0.00042025857
0.01330049
0.011024036
-2.5625224e-05
0.0023303949
-9.4386117e-05
0.0062599731
-0.00019506684
0.0092412669
-0.00031669848
0.011442653
-0.00044589466
0.012995465
-0.00056132299
0.01398785
-0.00061882526
0.01443631
-0.00053650933
0.014213067
-0.00029565259
0.013059633
0.010728383
-2.4159505e-05
0.0023545544
-8.8799543e-05
0.0063246131
-0.00018306058
0.0093355279
-0.00029574188
0.011555335
-0.00041210918
0.013111832
-0.00050662373
0.014082365
-0.00052703764
0.014456724
-0.00040878658
0.014094816
-0.00020043461
0.012851281
0.010527948
-2.2965489e-05
0.0023775199
-8.4333501e-05
0.0063859811
-0.00017335351
0.0094245479
-0.00027826889
0.01166025
-0.00038232769
0.013215891
-0.00045438052
0.014154417
-0.00043820828
0.014440552
-0.00030322
0.013959827
-0.00013379087
0.012681852
0.010394157
-2.2023832e-05
0.0023995437
-8.0769753e-05
0.006444727
-0.00016540573
0.0095091838
-0.00026327212
0.011758116
-0.00035472747
0.013307346
-0.00040244481
0.014202135
-0.0003554601
0.014393567
-0.00022237003
0.013826737
-8.985576e-05
0.012549338
0.010304302
-2.1260557e-05
0.0024208043
-7.7812561e-05
0.006501279
-0.00015855229
0.0095899235
-0.00024948542
0.011849049
-0.0003271228
0.013384984
-0.00034954637
0.014224558
-0.00028212881
0.01432615
-0.00016300158
0.01370761
-6.1425566e-05
0.012447762
0.010242876
-2.0607145e-05
0.0024414114
-7.5216647e-05
0.0065558885
-0.00015223238
0.0096669393
-0.0002357779
0.011932595
-0.00029784683
0.013447053
-0.00029644834
0.01422316
-0.00022023928
0.014249941
-0.00011980561
0.013607176
-4.2689754e-05
0.012370646
0.010200186
-2.001828e-05
0.0024614297
-7.2804681e-05
0.0066086749
-0.00014600133
0.0097401359
-0.00022120594
0.0120078
-0.00026613583
0.013491983
-0.00024532063
0.014202345
-0.00016974942
0.014174369
-8.7953207e-05
0.01352538
-2.9807235e-05
0.0123125
0.010170379
-1.9463513e-05
0.0024808932
-7.044132e-05
0.0066596528
-0.00013947734
0.009809172
-0.0002050219
0.012073344
-0.0002322812
0.013519242
-0.0001983853
0.014168449
-0.00012919808
0.014105182
-6.3919351e-05
0.013460101
-2.048649e-05
0.012269067
0.010149893
-1.8918718e-05
0.002499812
-6.8007985e-05
0.0067087421
-0.00013229841
0.0098734624
-0.0001867552
0.012127801
-0.0001974809
0.013529968
-0.00015697895
0.014127947
-9.669908e-05
0.014044902
-4.5353696e-05
0.013408756
-1.3425747e-05
0.012237139
0.010136467
-1.8360384e-05
0.0025181723
-6.5381708e-05
0.0067557634
-0.00012410656
0.0099321872
-0.00016633363
0.012170028
-0.00016333133
0.013526965
-0.0001214046
0.01408602
-7.0527998e-05
0.013994026
-3.0717729e-05
0.013368946
-7.888084e-06
0.01221431
0.010128579
-1.7761427e-05
0.0025359338
-6.2419592e-05
0.0068004216
-0.00011457655
0.0099843442
-0.0001441617
0.012199613
-0.00013123867
0.013514042
-9.1271744e-05
0.014046053
-4.9294864e-05
0.013952049
-1.8985293e-05
0.013338636
-3.4320171e-06
0.012198756
0.010125147
-1.7087952e-05
0.0025530217
-5.8952538e-05
0.0068422861
-0.00010349024
0.010028882
-0.00012105254
0.012217176
-0.00010208336
0.013495073
-6.589972e-05
0.014009869
-3.1933238e-05
0.013918082
-9.4524121e-06
0.013316155
2.8556346e-07
0.012189018
0.010125432
-1.6296496e-05
0.0025693182
-5.4793317e-05
0.0068807829
-9.0832457e-05
0.010064921
-9.7999422e-05
0.012224343
-7.6211148e-05
0.013473285
-4.4573828e-05
0.013978232
-1.7629614e-05
0.013891138
-1.5599878e-06
0.013300086
3.3696993e-06
0.012184089
0.010128802
-1.5331793e-05
0.00258465
-4.9762095e-05
0.0069152132
-7.6853071e-05
0.010092012
-7.5899497e-05
0.012223389
-5.3590253e-05
0.013450976
-2.6636267e-05
0.013951278
-5.7274738e-06
0.013870229
4.9958505e-06
0.013289362
5.8480629e-06
0.012183236
0.01013465
-1.4126775e-05
0.0025987768
-4.3732884e-05
0.0069448193
-6.2044682e-05
0.010110324
-5.5380166e-05
0.012216724
-3.3986438e-05
0.013429582
-1.1512195e-05
0.013928804
4.2374774e-06
0.01385448
1.0368333e-05
0.013283231
7.8672146e-06
0.012185738
0.010142517
-1.2609185e-05
0.002611386
-3.6694883e-05
0.006968905
-4.7031559e-05
0.01012066
-3.677527e-05
0.012206468
-1.7080031e-05
0.013409887
1.3293417e-06
0.013910395
1.2528499e-05
0.01384328
1.4775614e-05
0.013280984
9.517015e-06
0.012190996
0.010152034
-1.0718642e-05
0.0026221046
-2.8800881e-05
0.0069869873
-3.2420117e-05
0.01012428
-2.0181038e-05
0.012194229
-2.4803317e-06
0.013392186
1.2172712e-05
0.013895741
1.9377707e-05
0.013836075
1.8390687e-05
0.013281971
1.0862287e-05
0.012198525
0.010162897
-8.4362503e-06
0.0026305409
-2.0369174e-05
0.0069989202
-1.8684381e-05
0.010122595
-5.5173996e-06
0.012181062
1.0031588e-05
0.013376637
2.119738e-05
0.013884576
2.5023744e-05
0.013832249
2.1344778e-05
0.01328565
1.1950961e-05
0.012207918
0.010174848
-5.8188469e-06
0.0026363597
-1.1825133e-05
0.0070049265
-6.1101797e-06
0.01011688
7.2772244e-06
0.012167675
2.0570924e-05
0.013363343
2.8684444e-05
0.013876462
2.9653755e-05
0.01383128
2.373721e-05
0.013291567
1.2818418e-05
0.012218837
0.010187666
-3.0141224e-06
0.0026393738
-3.5957964e-06
0.0070055082
5.1028871e-06
0.010108181
1.8190923e-05
0.012154587
2.9354286e-05
0.01335218
3.4839535e-05
0.013870977
3.3406198e-05
0.013832713
2.56401e-05
0.013299333
1.3489524e-05
0.012230988
0.010201156
-2.340777e-07
0.0026396079
3.907023e-06
0.0070013671
1.4740023e-05
0.010097348
2.7284766e-05
0.012142042
3.6559239e-05
0.013342905
3.9811702e-05
0.013867724
3.6376957e-05
0.013836148
2.7100699e-05
0.013308609
1.3979023e-05
0.012244109
0.010215135
2.277007e-06
0.0026373309
1.0308567e-05
0.0069933355
2.268134e-05
0.010084975
3.4655374e-05
0.012130068
4.2308263e-05
0.013335253
4.3696749e-05
0.013866336
3.8622029e-05
0.013841223
2.8142107e-05
0.013319089
1.4291305e-05
0.01225796
0.010229426
4.3216977e-06
0.0026330092
1.5394946e-05
0.0069822622
2.8920224e-05
0.01007145
4.0372947e-05
0.012118615
4.6677189e-05
0.013328948
4.6545755e-05
0.013866467
4.0163752e-05
0.013847605
2.8766937e-05
0.013330486
1.442202e-05
0.012272305
0.010243848
5.8171396e-06
0.002627192
1.9123416e-05
0.006968956
3.3492591e-05
0.010057081
4.4498808e-05
0.012107609
4.9714638e-05
0.013323732
4.8381806e-05
0.0138678
4.1003227e-05
0.013854983
2.8965289e-05
0.013342524
1.4361963e-05
0.012286908
0.01025821
6.7754832e-06
0.0026204166
2.1561806e-05
0.0069541696
3.6485966e-05
0.010042157
4.7106842e-05
0.012096988
5.1465167e-05
0.013319374
4.9220074e-05
0.013870045
4.113549e-05
0.013863068
2.8724573e-05
0.013354935
1.4101701e-05
0.012301531
0.010272312
7.2690306e-06
0.0026131475
2.2856778e-05
0.0069385819
3.8040657e-05
0.010026973
4.8300133e-05
0.012086729
5.198991e-05
0.013315684
4.908696e-05
0.013872948
4.0564671e-05
0.01387159
2.8039646e-05
0.01336746
1.3636463e-05
0.012315934
0.010285948
7.3944048e-06
0.0026057531
2.3198428e-05
0.0069227779
3.8340551e-05
0.010011831
4.8218043e-05
0.012076851
5.1380044e-05
0.013312522
4.8034424e-05
0.013876294
3.9316202e-05
0.013880308
2.692126e-05
0.013379855
1.2970018e-05
0.012329886
0.010298918
7.2476278e-06
0.0025985055
2.2788975e-05
0.0069072365
3.7596702e-05
0.0099970231
4.7033317e-05
0.012067414
4.9761389e-05
0.013309794
4.6147469e-05
0.013879908
3.7444323e-05
0.013889011
2.5401828e-05
0.013391897
1.211797e-05
0.01234317
0.010311036
6.9115694e-06
0.0025915939
2.1820005e-05
0.0068923281
3.6028237e-05
0.0099828149
4.4941032e-05
0.012058502
4.7289399e-05
0.013307446
4.3542634e-05
0.013883655
3.50321e-05
0.013897522
2.3535678e-05
0.013403394
1.1107408e-05
0.012355598
0.010322143
6.4523757e-06
0.0025851416
2.0459707e-05
0.0068783208
3.3846152e-05
0.0099694285
4.2144822e-05
0.012050203
4.4139082e-05
0.013305452
4.0360906e-05
0.013887433
3.2186507e-05
0.013905696
2.1395812e-05
0.013414184
9.9754803e-06
0.012367018
0.010332119
5.9203725e-06
0.0025792212
1.8847805e-05
0.0068653933
3.1241598e-05
0.0099570347
3.8843216e-05
0.012042601
4.0492019e-05
0.013303803
3.6756359e-05
0.013891168
2.9029073e-05
0.013913424
1.9066993e-05
0.013424147
8.7655386e-06
0.01237732
0.010340884
5.3526468e-06
0.0025738685
1.7095589e-05
0.0068536504
2.8379252e-05
0.009945751
3.5218738e-05
0.012035762
3.6523941e-05
0.013302498
3.288394e-05
0.013894808
2.5685035e-05
0.013920623
1.6637365e-05
0.013433194
7.5223684e-06
0.012386435
0.010348407
4.7759253e-06
0.0025690926
1.5288785e-05
0.0068431375
2.5395166e-05
0.0099356446
3.143105e-05
0.012029726
3.2395281e-05
0.013301533
2.8889221e-05
0.013898314
2.2273823e-05
0.013927238
1.4191103e-05
0.013441277
6.2884044e-06
0.012394337
0.010354695
4.2089951e-06
0.0025648836
1.3491321e-05
0.0068338552
2.2397328e-05
0.0099267386
2.7613338e-05
0.01202451
2.8244565e-05
0.013300902
2.490045e-05
0.013901659
1.8901269e-05
0.013933237
1.1802158e-05
0.013448376
5.1000636e-06
0.012401039
0.010359795
3.6647303e-06
0.0025612189
1.1749399e-05
0.0068257705
1.9468342e-05
0.0099190197
2.3872026e-05
0.012020106
2.4185653e-05
0.013300589
2.1024411e-05
0.01390482
1.5655342e-05
0.013938606
9.5309915e-06
0.0134545
3.9862686e-06
0.012406584
0.010363782
3.1516042e-06
0.0025580673
1.0095127e-05
0.006818827
1.6668824e-05
0.009912446
2.0288355e-05
0.012016487
2.0307401e-05
0.01330057
1.734491e-05
0.013907782
1.260432e-05
0.013943347
7.4232001e-06
0.013459681
2.9677866e-06
0.01241104
0.010366749
2.6748645e-06
0.0025553924
8.5496923e-06
0.0068129522
1.4041145e-05
0.0099069545
1.6921256e-05
0.012013607
1.667537e-05
0.013300815
1.3923609e-05
0.013910534
9.7972947e-06
0.013947473
5.5100518e-06
0.013463969
2.0578103e-06
0.012414492
0.010368807
2.2373914e-06
0.002553155
7.1259267e-06
0.0068080636
1.1612895e-05
0.0099024675
1.3810639e-05
0.012011409
1.3334442e-05
0.013301292
1.0802069e-05
0.013913066
7.2658683e-06
0.013951009
3.8099603e-06
0.013467425
1.2629008e-06
0.012417039
0.01037007
1.8403693e-06
0.0025513147
5.8304324e-06
0.0068040736
9.4001145e-06
0.0098988979
1.0980919e-05
0.012009828
1.0312203e-05
0.01330196
8.0048797e-06
0.013915374
5.027033e-06
0.013953987
2.3309601e-06
0.013470121
5.8468584e-07
0.012418785
0.010370655
1.483735e-06
0.0025498309
4.665115e-06
0.0068008922
7.409762e-06
0.0098961532
8.4438626e-06
0.012008794
7.6217058e-06
0.013302782
5.5421303e-06
0.013917453
3.0853316e-06
0.013956444
1.0733142e-06
0.013472133
3.1211319e-08
0.012419827
0.010370686
1.1664954e-06
0.0025486644
3.6282279e-06
0.0067984304
5.6414255e-06
0.00989414
6.2005468e-06
0.012008235
5.2634078e-06
0.01330372
3.4114348e-06
0.013919305
1.4360816e-06
0.013958419
3.8679676e-08
0.01347353
-4.1221099e-07
0.012420278
0.010370274
8.8701216e-07
0.0025477774
2.7154291e-06
0.006796602
4.0893121e-06
0.0098927661
4.2442029e-06
0.01200808
3.2288792e-06
0.013304735
1.6030844e-06
0.013920931
7.392927e-08
0.013959948
-7.964601e-07
0.0134744
-7.7063659e-07
0.012420252
0.010369503
6.4324836e-07
0.0025471342
1.9207434e-06
0.0067953245
2.7441944e-06
0.0098919426
2.5632639e-06
0.012008261
1.5051897e-06
0.013305793
1.0659621e-07
0.01392233
-1.0296733e-06
0.013961085
-1.4652412e-06
0.013474836
-1.0488905e-06
0.012419836
0.010368454
4.3294999e-07
0.0025467012
1.2371965e-06
0.0067945203
1.5947734e-06
0.0098915851
1.1437544e-06
0.012008712
7.8714256e-08
0.013306858
-1.1085033e-06
0.013923517
-1.9119859e-06
0.013961888
-1.9813238e-06
0.013474905
-1.2534357e-06
0.012419108
0.010367201
2.5376274e-07
0.0025464474
6.5744629e-07
0.0067941166
6.2950309e-07
0.009891613
-2.8737274e-08
0.01200937
-1.0804535e-06
0.01330791
-2.0802172e-06
0.013924517
-2.5935593e-06
0.013962401
-2.3601484e-06
0.013474672
-1.3926582e-06
0.01241814
0.010365808
1.034325e-07
0.002546344
1.7444884e-07
0.0067940456
-1.6513951e-07
0.0098919526
-9.808731e-07
0.012010186
-2.0075899e-06
0.013308936
-2.8323338e-06
0.013925341
-3.0955223e-06
0.013962665
-2.6181031e-06
0.013474194
-1.4753208e-06
0.012416998
0.010364333
-2.0525844e-08
0.0025463645
-2.2104937e-07
0.0067942461
-8.0911423e-07
0.0098925407
-1.7416655e-06
0.012011118
-2.7259649e-06
0.013309921
-3.3885039e-06
0.013926004
-3.4396862e-06
0.013962716
-2.7717951e-06
0.013473527
-1.5102207e-06
0.012415736
0.010362823
-1.2111929e-07
0.0025464857
-5.398475e-07
0.0067946648
-1.3211219e-06
0.0098933219
-2.3301491e-06
0.012012127
-3.2583471e-06
0.013310849
-3.7726074e-06
0.013926518
-3.6476784e-06
0.013962591
-2.8373435e-06
0.013472716
-1.5056408e-06
0.012414404
0.010361317
-2.0113937e-07
0.0025466868
-7.9068433e-07
0.0067952544
-1.7148359e-06
0.0098942461
-2.7655692e-06
0.012013178
-3.6275385e-06
0.013311711
-4.0081588e-06
0.013926899
-3.7404398e-06
0.013962323
-2.8301048e-06
0.013471806
-1.4694086e-06
0.012413044
0.010359848
-2.6283459e-07
0.0025469496
-9.8096049e-07
0.0067959725
-2.0037394e-06
0.0098952689
-3.0667414e-06
0.012014241
-3.8555705e-06
0.0133125
-4.1175195e-06
0.013927161
-3.7375198e-06
0.013961943
-2.7640965e-06
0.013470832
-1.408444e-06
0.012411688
0.010358439
-3.0834831e-07
0.002547258
-1.1178728e-06
0.006796782
-2.2009538e-06
0.0098963519
-3.2518233e-06
0.012015292
-3.9634883e-06
0.013313211
-4.1217272e-06
0.013927319
-3.656985e-06
0.013961478
-2.6520484e-06
0.013469828
-1.3290015e-06
0.012410365
0.01035711
-3.3969126e-07
0.0025475977
-1.2082649e-06
0.0067976506
-2.318933e-06
0.0098974626
-3.3379208e-06
0.012016311
-3.970835e-06
0.013313844
-4.0399852e-06
0.013927388
-3.5149742e-06
0.013960953
-2.5050184e-06
0.013468818
-1.236254e-06
0.012409096
0.010355874
-3.5878062e-07
0.0025479564
-1.2586369e-06
0.0067985504
-2.3694617e-06
0.0098985734
-3.3410639e-06
0.012017283
-3.8957089e-06
0.013314399
-3.8897826e-06
0.013927382
-3.3259225e-06
0.01396039
-2.3327361e-06
0.013467824
-1.134772e-06
0.012407898
0.010354739
-3.6739706e-07
0.0025483238
-1.2750491e-06
0.0067994581
-2.3634646e-06
0.0098996619
-3.2759759e-06
0.012018195
-3.7544824e-06
0.013314877
-3.6866674e-06
0.013927314
-3.1023899e-06
0.013959805
-2.1434396e-06
0.013466865
-1.0282362e-06
0.012406783
0.010353711
-3.6721391e-07
0.0025486911
-1.263153e-06
0.006800354
-2.3110654e-06
0.0099007098
-3.1561508e-06
0.01201904
-3.5619793e-06
0.013315283
-3.4445042e-06
0.013927197
-2.8554085e-06
0.013959216
-1.9442817e-06
0.013465954
-9.1987596e-07
0.012405759
0.010352791
-3.5976164e-07
0.0025490508
-1.2281257e-06
0.0068012224
-2.2214671e-06
0.0099017031
-2.9937278e-06
0.012019813
-3.3313285e-06
0.013315621
-3.1753632e-06
0.013927041
-2.5943902e-06
0.013958635
-1.7412226e-06
0.013465101
-8.1225612e-07
0.01240483
0.010351979
-3.4645316e-07
0.0025493973
-1.1747021e-06
0.0068020507
-2.1030168e-06
0.0099026314
-2.7995774e-06
0.012020509
-3.0741229e-06
0.013315895
-2.8897218e-06
0.013926857
-2.3273649e-06
0.013958073
-1.5392696e-06
0.013464313
-7.0755869e-07
0.012403998
0.010351271
-3.2855932e-07
0.0025497258
-1.1071324e-06
0.0068028292
-1.9631298e-06
0.0099034874
-2.5832236e-06
0.012021129
-2.8003306e-06
0.013316113
-2.5963908e-06
0.013926653
-2.0608998e-06
0.013957537
-1.3423646e-06
0.013463595
-6.0738768e-07
0.012403263
0.010350664
-3.0722509e-07
0.0025500331
-1.0292103e-06
0.0068035512
-1.808351e-06
0.0099042666
-2.3529409e-06
0.012021674
-2.5184494e-06
0.013316278
-2.3027064e-06
0.013926437
-1.8003057e-06
0.013957035
-1.1535861e-06
0.013462948
-5.1295264e-07
0.012402622
0.010350151
-2.8345971e-07
0.0025503165
-9.4426154e-07
0.006804212
-1.6443437e-06
0.0099049667
-2.1157659e-06
0.012022145
-2.2355373e-06
0.013316398
-2.0145838e-06
0.013926216
-1.5496915e-06
0.01395657
-9.7516209e-07
0.013462373
-4.2501767e-07
0.012402072
0.010349726
-2.5815407e-07
0.0025505747
-8.551894e-07
0.0068048091
-1.4759876e-06
0.0099055875
-1.8776539e-06
0.012022547
-1.9574425e-06
0.013316478
-1.7367932e-06
0.013925995
-1.3122537e-06
0.013956146
-8.0874916e-07
0.01346187
-3.4413494e-07
0.012401608
0.010349382
-2.3207344e-07
0.0025508068
-7.6447509e-07
0.0068053415
-1.3073948e-06
0.0099061304
-1.6435286e-06
0.012022883
-1.6888763e-06
0.013316523
-1.4730409e-06
0.013925779
-1.0903561e-06
0.013955763
-6.5547485e-07
0.013461435
-2.7059714e-07
0.012401223
0.010349111
-2.0587951e-07
0.0025510126
-6.7423425e-07
0.0068058098
-1.1420187e-06
0.0099065982
-1.417442e-06
0.012023158
-1.4336219e-06
0.013316539
-1.2262176e-06
0.013925572
-8.8577032e-07
0.013955422
-5.1614649e-07
0.013461065
-2.0463471e-07
0.012400911
0.010348906
-1.801163e-07
0.0025511928
-5.862045e-07
0.0068062159
-9.826474e-07
0.0099069946
-1.2025777e-06
0.012023378
-1.1945284e-06
0.013316531
-9.983613e-07
0.013925376
-6.9961543e-07
0.013955124
-3.9115717e-07
0.013460757
-1.4626053e-07
0.012400666
0.01034876
-1.5523336e-07
0.002551348
-5.0179476e-07
0.0068065625
-8.3148955e-07
0.0099073243
-1.001371e-06
0.012023548
-9.736664e-07
0.013316503
-7.9082368e-07
0.013925193
-5.3249095e-07
0.013954865
-2.80592e-07
0.013460505
-9.5391546e-08
0.012400481
0.010348665
-1.3158141e-07
0.0025514796
-4.2208766e-07
0.006806853
-6.9018131e-07
0.0099075924
-8.1551534e-07
0.012023674
-7.723129e-07
0.01331646
-6.0423529e-07
0.013925025
-3.8443241e-07
0.013954646
-1.8415707e-07
0.013460305
-5.1759159e-08
0.012400349
0.010348613
-1.0941807e-07
0.002551589
-3.4786102e-07
0.0068070914
-5.598307e-07
0.0099078044
-6.4602953e-07
0.01202376
-5.910307e-07
0.013316405
-4.3857064e-07
0.013924873
-2.5494198e-07
0.013954462
-1.0114115e-07
0.013460151
-1.4409348e-08
0.012400262
0.010348599
-8.8934027e-08
0.0025516779
-2.7965616e-07
0.0068072822
-4.4114393e-07
0.0099079659
-4.9343408e-07
0.012023812
-4.2990369e-07
0.013316342
-2.9340771e-07
0.013924736
-1.4319821e-07
0.013954312
-3.0337339e-08
0.013460038
1.7101987e-08
0.012400215
0.010348616
-7.0242968e-08
0.0025517482
-2.1778155e-07
0.0068074297
-3.3443596e-07
0.0099080826
-3.5778094e-07
0.012023835
-2.8852603e-07
0.013316272
-1.6786683e-07
0.013924615
-4.7837305e-08
0.013954192
2.9147942e-08
0.013459961
4.248154e-08
0.012400201
0.010348658
-5.3412461e-08
0.0025518016
-1.6237739e-07
0.0068075387
-2.3974497e-07
0.0099081599
-2.3877934e-07
0.012023834
-1.6614299e-07
0.0133162
-6.0643854e-08
0.01392451
3.2308156e-08
0.013954099
7.7419364e-08
0.013459916
6.2075704e-08
0.012400217
0.01034872
-3.8454914e-08
0.00255184
-1.1341705e-07
0.0068076136
-1.5683517e-07
0.0099082033
-1.3579332e-07
0.012023813
-6.1560563e-08
0.013316126
2.9568545e-08
0.013924419
9.7685996e-08
0.013954031
1.1521128e-07
0.013459898
7.6790597e-08
0.012400255
0.010348797
-2.5346732e-08
0.0025518654
-7.0754602e-08
0.006807659
-8.5259172e-08
0.0099082178
-4.7862477e-08
0.012023776
2.6410662e-08
0.013316051
1.0334709e-07
0.013924342
1.4913371e-07
0.013953985
1.4376235e-07
0.013459904
8.7284308e-08
0.012400312
0.010348884
-1.4025e-08
0.0025518794
-3.4115258e-08
0.0068076791
-2.4317157e-08
0.009908208
2.5943195e-08
0.012023726
9.8369676e-08
0.013315979
1.6156783e-07
0.013924279
1.881519e-07
0.013953958
1.6419411e-07
0.013459928
9.4129593e-08
0.012400382
0.010348978
-4.389707e-09
0.0025518838
-3.1090366e-09
0.0068076779
2.6570851e-08
0.0099081784
8.6146642e-08
0.012023666
1.5517577e-07
0.01331591
2.0582226e-07
0.013924228
2.1616046e-07
0.013953948
1.7752086e-07
0.013459966
9.7799538e-08
0.012400461
0.010349076
3.6550573e-09
0.0025518802
2.2531562e-08
0.006807659
6.7818953e-08
0.0099081331
1.33588e-07
0.0120236
1.9839846e-07
0.013315845
2.3772379e-07
0.013924189
2.3456509e-07
0.013953951
1.8473033e-07
0.013460016
9.8780125e-08
0.012400547
0.010349175
1.0183463e-08
0.00255187
4.3058224e-08
0.0068076261
1.0012478e-07
0.009908076
1.6957609e-07
0.012023531
2.2956938e-07
0.013315785
2.5880546e-07
0.013924159
2.4467176e-07
0.013953965
1.8672149e-07
0.013460074
9.7468461e-08
0.012400637
0.010349273
1.5322491e-08
0.0025518546
5.8964922e-08
0.0068075825
1.2446884e-07
0.0099080105
1.9547841e-07
0.01202346
2.502784e-07
0.01331573
2.70652e-07
0.013924139
2.4783619e-07
0.013953988
1.8445105e-07
0.013460138
9.4367226e-08
0.012400727
0.010349367
1.9210523e-08
0.0025518354
7.0756393e-08
0.0068075309
1.4179526e-07
0.0099079395
2.1260079e-07
0.012023389
2.6201194e-07
0.013315681
2.7471658e-07
0.013924126
2.4527308e-07
0.013954017
1.7875617e-07
0.013460204
8.9846331e-08
0.012400816
0.010349457
2.2000596e-08
0.0025518134
7.8954072e-08
0.006807474
1.530612e-07
0.0099078654
2.2224622e-07
0.01202332
2.6624749e-07
0.013315637
2.7243332e-07
0.01392412
2.3819015e-07
0.013954052
1.7048417e-07
0.013460272
8.4359501e-08
0.012400902
0.010349541
2.3829792e-08
0.0025517896
8.403869e-08
0.0068074138
1.5913797e-07
0.0099077903
2.2558884e-07
0.012023254
2.6427826e-07
0.013315598
2.65031e-07
0.013924119
2.2758808e-07
0.013954089
1.6030909e-07
0.013460339
7.8197647e-08
0.012400984
0.010349619
2.4835429e-08
0.0025517648
8.6473014e-08
0.0068073521
1.608501e-07
0.0099077159
2.2371611e-07
0.012023191
2.5729341e-07
0.013315565
2.5361726e-07
0.013924123
2.1435276e-07
0.013954128
1.4881723e-07
0.013460405
7.1651604e-08
0.012401061
0.010349691
2.514159e-08
0.0025517396
8.6674555e-08
0.0068072906
1.5893176e-07
0.0099076436
2.1758176e-07
0.012023132
2.4630416e-07
0.013315536
2.3910515e-07
0.01392413
1.9918611e-07
0.013954168
1.3643885e-07
0.013460467
6.4888816e-08
0.012401133
0.010349756
2.4864379e-08
0.0025517148
8.5027883e-08
0.0068072304
1.540478e-07
0.0099075746
2.0803258e-07
0.012023078
2.3219518e-07
0.013315512
2.2227379e-07
0.01392414
1.8265826e-07
0.013954208
1.2350558e-07
0.013460527
5.8036915e-08
0.012401198
0.010349814
2.4109875e-08
0.0025516906
8.1881392e-08
0.0068071726
1.4679254e-07
0.0099075097
1.9581698e-07
0.012023029
2.1573005e-07
0.013315492
2.0378188e-07
0.013924152
1.6524274e-07
0.013954247
1.1027378e-07
0.013460582
5.1166647e-08
0.012401257
0.010349865
2.2979932e-08
0.0025516677
7.7561702e-08
0.0068071181
1.3772489e-07
0.0099074495
1.8163357e-07
0.012022985
1.976255e-07
0.013315476
1.8424934e-07
0.013924166
1.4739035e-07
0.013954283
9.7007056e-08
0.013460632
4.4390151e-08
0.01240131
0.010349909
2.1563738e-08
0.0025516461
7.2364445e-08
0.0068070673
1.2734362e-07
0.0099073945
1.6610813e-07
0.012022946
1.7852287e-07
0.013315463
1.6423501e-07
0.01392418
1.29511e-07
0.013954318
8.3944016e-08
0.013460677
3.7788756e-08
0.012401356
0.010349947
1.9948294e-08
0.0025516262
6.656809e-08
0.0068070206
1.1612349e-07
0.009907345
1.4983756e-07
0.012022913
1.5904089e-07
0.013315454
1.4428914e-07
0.013924195
1.1203478e-07
0.01395435
7.1374692e-08
0.013460718
3.152061e-08
0.012401396
0.010349979
1.8205349e-08
0.0025516079
6.04131e-08
0.0068069784
1.0447403e-07
0.0099073009
1.3333421e-07
0.012022884
1.3971111e-07
0.013315448
1.2488697e-07
0.013924209
9.5331249e-08
0.01395438
5.954971e-08
0.013460754
2.5701421e-08
0.01240143
0.010350004
1.6397599e-08
0.0025515915
5.4106482e-08
0.0068069407
9.2745191e-08
0.0099072623
1.1703119e-07
0.012022859
1.2096609e-07
0.013315444
1.064044e-07
0.013924224
7.9690624e-08
0.013954407
4.8658306e-08
0.013460785
2.0427195e-08
0.012401458
0.010350025
1.457928e-08
0.002551577
4.7821838e-08
0.0068069075
8.122373e-08
0.0099072289
1.0127245e-07
0.012022839
1.0314815e-07
0.013315442
8.912798e-08
0.013924238
6.5314462e-08
0.01395443
3.8826807e-08
0.013460811
1.5766666e-08
0.012401481
0.010350041
1.2783952e-08
0.0025515642
4.1675537e-08
0.0068068786
7.0093234e-08
0.0099072005
8.626029e-08
0.012022823
8.6418598e-08
0.013315442
7.3146411e-08
0.013924251
5.2222277e-08
0.013954451
3.0018667e-08
0.013460834
1.1654687e-08
0.012401499
0.010350052
1.1048666e-08
0.0025515531
3.5772769e-08
0.0068068539
5.9515037e-08
0.0099071767
7.2162849e-08
0.012022811
7.0912457e-08
0.013315443
5.8532984e-08
0.013924264
4.041932e-08
0.013954469
2.2195396e-08
0.013460852
8.0715107e-09
0.012401513
0.01035006
9.3922062e-09
0.0025515437
3.0173437e-08
0.0068068331
4.9567754e-08
0.0099071573
5.9043573e-08
0.012022801
5.6639823e-08
0.013315445
4.5231524e-08
0.013924275
2.9790744e-08
0.013954485
1.5217446e-08
0.013460866
4.8933577e-09
0.012401524
0.010350065
7.8301937e-09
0.0025515359
2.4923993e-08
0.006806816
4.0316094e-08
0.0099071419
4.6956225e-08
0.012022794
4.3618888e-08
0.013315449
3.3213724e-08
0.013924285
2.0263783e-08
0.013954498
8.9878195e-09
0.013460878
2.0514245e-09
0.012401531
0.010350067
6.3920051e-09
0.0025515295
2.009496e-08
0.0068068023
3.1894234e-08
0.0099071301
3.6114139e-08
0.01202279
3.2145911e-08
0.013315453
2.2833333e-08
0.013924295
1.220985e-08
0.013954508
3.8356555e-09
0.013460886
-2.4200524e-10
0.012401535
0.010350067
2.8750162e-09
9.0137728e-09
1.4166855e-08
1.5797569e-08
1.3705484e-08
9.3290851e-09
4.518018e-09
9.2515756e-10
-6.1654474e-10
)
;

boundaryField
{
    water_inlet
    {
        type            calculated;
        value           nonuniform List<scalar> 10(-0.0021750989 -0.0058428937 -0.0086267772 -0.010688211 -0.012161792 -0.013159549 -0.01377456 -0.014084001 -0.014151716 -0.014030398);
    }
    water_outlet
    {
        type            calculated;
        value           nonuniform List<scalar> 10(0.0025515266 0.0068067961 0.0099071249 0.012022789 0.013315455 0.013924299 0.013954513 0.01346089 0.012401536 0.010350066);
    }
    water_wedge1
    {
        type            wedge;
        value           nonuniform List<scalar> 
1000
(
-1.1295959e-13
-1.4267706e-13
-1.1216373e-13
-1.0631358e-13
-9.935671e-14
-9.3389996e-14
-8.8690679e-14
-8.4952049e-14
-8.1973613e-14
-7.9489495e-14
-7.7280586e-14
-7.5237073e-14
-7.3267178e-14
-7.1279605e-14
-6.9183416e-14
-6.6858014e-14
-6.4135115e-14
-6.081504e-14
-5.6666546e-14
-5.1411421e-14
-4.4798001e-14
-3.6657735e-14
-2.7078578e-14
-1.6558226e-14
-5.8630812e-15
4.0656387e-15
1.2372157e-14
1.8668341e-14
2.2900147e-14
2.5294708e-14
2.6223155e-14
2.6008479e-14
2.5026831e-14
2.3518873e-14
2.1685246e-14
1.9696327e-14
1.7628042e-14
1.5592162e-14
1.3611335e-14
1.1732909e-14
9.9945473e-15
8.3908927e-15
6.9310852e-15
5.6119672e-15
4.4409132e-15
3.402189e-15
2.4969223e-15
1.711337e-15
1.0441632e-15
4.8591483e-16
1.015047e-17
-3.7099948e-16
-6.7188702e-16
-9.1024768e-16
-1.0875939e-15
-1.2101123e-15
-1.2820382e-15
-1.3243196e-15
-1.3323135e-15
-1.3114547e-15
-1.2678463e-15
-1.2019718e-15
-1.1284651e-15
-1.0508193e-15
-9.5729806e-16
-8.5707662e-16
-7.7023111e-16
-6.7545842e-16
-5.8436485e-16
-4.988165e-16
-4.1438013e-16
-3.4200648e-16
-2.7250349e-16
-2.0653808e-16
-1.5504288e-16
-1.1132459e-16
-6.1416132e-17
-2.1659752e-17
4.1239997e-18
2.2438104e-17
4.2155757e-17
6.2050807e-17
7.5416654e-17
8.4716947e-17
8.633076e-17
8.7522963e-17
8.2666094e-17
8.1551207e-17
8.1935297e-17
7.2461358e-17
6.7901492e-17
6.773317e-17
5.456186e-17
4.6296979e-17
4.7693216e-17
4.013879e-17
2.8359127e-17
2.5116541e-17
2.136059e-17
6.5751174e-18
-6.8081312e-13
-1.0335457e-12
-8.3928948e-13
-7.97527e-13
-7.4939866e-13
-7.0313772e-13
-6.6536456e-13
-6.3522968e-13
-6.1093691e-13
-5.9052863e-13
-5.7244937e-13
-5.5560521e-13
-5.3912373e-13
-5.221978e-13
-5.0397597e-13
-4.8343424e-13
-4.5934513e-13
-4.3018876e-13
-3.9436717e-13
-3.5055525e-13
-2.9814049e-13
-2.3765383e-13
-1.7103064e-13
-1.0155265e-13
-3.3368575e-14
2.8948212e-14
8.1485363e-14
1.2214472e-13
1.506328e-13
1.6797359e-13
1.7589409e-13
1.7635091e-13
1.7126792e-13
1.6227842e-13
1.5073409e-13
1.3769339e-13
1.2392663e-13
1.1003828e-13
9.6440125e-14
8.3439096e-14
7.122555e-14
5.9900368e-14
4.9549956e-14
4.019618e-14
3.1831125e-14
2.4420021e-14
1.7931753e-14
1.2315879e-14
7.5116708e-15
3.4687444e-15
1.1734444e-16
-2.6169521e-15
-4.802934e-15
-6.4995801e-15
-7.7693562e-15
-8.6600166e-15
-9.2134682e-15
-9.4916893e-15
-9.532037e-15
-9.3779639e-15
-9.0661707e-15
-8.6222353e-15
-8.0839796e-15
-7.4802496e-15
-6.8335923e-15
-6.1591693e-15
-5.4804226e-15
-4.8097309e-15
-4.1602926e-15
-3.5440073e-15
-2.9592518e-15
-2.4166897e-15
-1.9238893e-15
-1.4782996e-15
-1.0836778e-15
-7.3936965e-16
-4.3036876e-16
-1.6802452e-16
4.7251702e-17
2.2203961e-16
3.5913013e-16
4.6953e-16
5.4749105e-16
5.98978e-16
6.3150698e-16
6.4591314e-16
6.3907631e-16
6.1931319e-16
5.9133914e-16
5.5652302e-16
5.1885464e-16
4.7727615e-16
4.3312192e-16
3.8179574e-16
3.3300714e-16
2.9169885e-16
2.4853995e-16
2.084445e-16
1.7033519e-16
9.5441039e-17
3.133911e-12
4.8023012e-12
3.9072349e-12
3.7113874e-12
3.4900552e-12
3.2689355e-12
3.0860194e-12
2.9387793e-12
2.817614e-12
2.7124744e-12
2.6152669e-12
2.519714e-12
2.4205045e-12
2.3123533e-12
2.1894915e-12
2.0461114e-12
1.8774919e-12
1.6811027e-12
1.4574316e-12
1.2105555e-12
9.4809252e-13
6.8016332e-13
4.1759137e-13
1.7019208e-13
-5.3300032e-14
-2.4553356e-13
-4.0215958e-13
-5.2203554e-13
-6.0636001e-13
-6.580606e-13
-6.8129024e-13
-6.8087622e-13
-6.6177179e-13
-6.2868008e-13
-5.8578622e-13
-5.3663163e-13
-4.8411121e-13
-4.3048677e-13
-3.774816e-13
-3.263613e-13
-2.7801304e-13
-2.3301997e-13
-1.9174284e-13
-1.5435596e-13
-1.2089368e-13
-9.1301083e-14
-6.5423438e-14
-4.3085651e-14
-2.4082057e-14
-8.1825142e-15
4.8887582e-15
1.5473996e-14
2.3842391e-14
3.0240078e-14
3.4888439e-14
3.8012933e-14
3.9841802e-14
4.05396e-14
4.0304794e-14
3.929714e-14
3.7683501e-14
3.5613782e-14
3.3178871e-14
3.0504269e-14
2.7682155e-14
2.4798775e-14
2.193203e-14
1.9118332e-14
1.641081e-14
1.3841371e-14
1.144982e-14
9.262294e-15
7.2578683e-15
5.4599314e-15
3.8640729e-15
2.4672586e-15
1.280326e-15
2.6436686e-16
-5.8208833e-16
-1.2667606e-15
-1.8017177e-15
-2.1878428e-15
-2.4681028e-15
-2.6513391e-15
-2.7396034e-15
-2.7554481e-15
-2.7065472e-15
-2.6198645e-15
-2.4957164e-15
-2.3300576e-15
-2.1482939e-15
-1.9506769e-15
-1.7506148e-15
-1.5578876e-15
-1.3630641e-15
-1.173431e-15
-9.9072572e-16
-8.2427721e-16
-6.747857e-16
-3.9426308e-16
-3.7211483e-12
-5.4869299e-12
-4.4854202e-12
-4.2512617e-12
-3.9873721e-12
-3.7244146e-12
-3.5031657e-12
-3.3195242e-12
-3.1610794e-12
-3.014984e-12
-2.8702736e-12
-2.7174938e-12
-2.5486714e-12
-2.3580369e-12
-2.1427094e-12
-1.9031523e-12
-1.6434587e-12
-1.3711297e-12
-1.0958773e-12
-8.2769005e-13
-5.7484936e-13
-3.4278294e-13
-1.3422186e-13
4.929375e-14
2.0666766e-13
3.3754617e-13
4.4235943e-13
5.2194954e-13
5.774348e-13
6.1044088e-13
6.2318355e-13
6.1837624e-13
5.990847e-13
5.6843749e-13
5.2944913e-13
4.8487238e-13
4.3706813e-13
3.8802452e-13
3.3931742e-13
2.9214336e-13
2.4739646e-13
2.0568362e-13
1.6739218e-13
1.3274813e-13
1.0181436e-13
7.4540892e-14
5.0817825e-14
3.0485296e-14
1.3370774e-14
-7.8608256e-16
-1.2317213e-14
-2.1512853e-14
-2.8625412e-14
-3.3885678e-14
-3.7526352e-14
-3.9765557e-14
-4.0800406e-14
-4.0829269e-14
-4.0031853e-14
-3.8573979e-14
-3.6595395e-14
-3.422344e-14
-3.1582869e-14
-2.8771693e-14
-2.5876556e-14
-2.2969731e-14
-2.0105404e-14
-1.7338638e-14
-1.4712772e-14
-1.2254389e-14
-9.9805866e-15
-7.9035973e-15
-6.0355021e-15
-4.3727088e-15
-2.9139928e-15
-1.65431e-15
-5.7659648e-16
3.2716996e-16
1.063168e-15
1.640696e-15
2.0769579e-15
2.3935999e-15
2.6025533e-15
2.7180648e-15
2.7554913e-15
2.7322341e-15
2.6587215e-15
2.5368964e-15
2.3840223e-15
2.2094034e-15
2.0185495e-15
1.8216866e-15
1.6200957e-15
1.4202503e-15
1.2268255e-15
1.0440012e-15
8.7327617e-16
7.1389993e-16
5.6856322e-16
3.1958758e-16
-1.0858279e-12
-1.523946e-12
-1.2530997e-12
-1.1819253e-12
-1.10083e-12
-1.0209639e-12
-9.5197068e-13
-8.9178207e-13
-8.3605056e-13
-7.8041561e-13
-7.2162428e-13
-6.5787329e-13
-5.8878548e-13
-5.1529582e-13
-4.3944248e-13
-3.6393459e-13
-2.9151179e-13
-2.2432128e-13
-1.6359331e-13
-1.0968323e-13
-6.2330341e-14
-2.1019363e-14
1.466771e-14
4.5073396e-14
7.0535064e-14
9.1393106e-14
1.079091e-13
1.2026819e-13
1.2862703e-13
1.3317867e-13
1.3420781e-13
1.3208957e-13
1.2729698e-13
1.2033994e-13
1.117393e-13
1.0201185e-13
9.1616073e-14
8.096161e-14
7.0380796e-14
6.0128882e-14
5.0413944e-14
4.1370965e-14
3.3091597e-14
2.5632287e-14
1.900651e-14
1.3209129e-14
8.2090528e-15
3.9730142e-15
4.5906865e-16
-2.4080087e-15
-4.7052008e-15
-6.4960192e-15
-7.831212e-15
-8.7643205e-15
-9.3565383e-15
-9.6503886e-15
-9.6949947e-15
-9.5344709e-15
-9.2063543e-15
-8.7563322e-15
-8.2062995e-15
-7.5864306e-15
-6.9233189e-15
-6.2359551e-15
-5.5493253e-15
-4.8690038e-15
-4.2096094e-15
-3.5809379e-15
-2.9905189e-15
-2.4493033e-15
-1.9498292e-15
-1.5007984e-15
-1.1008529e-15
-7.4551353e-16
-4.4267057e-16
-1.8193892e-16
3.7168988e-17
2.1817477e-16
3.64063e-16
4.7080539e-16
5.5299133e-16
6.0684919e-16
6.3334e-16
6.4723789e-16
6.4043298e-16
6.2577695e-16
6.0382488e-16
5.6547793e-16
5.271749e-16
4.8045334e-16
4.3512798e-16
3.9090413e-16
3.3946815e-16
2.9650446e-16
2.5017692e-16
2.0829575e-16
1.7388989e-16
1.367016e-16
1.0681562e-16
5.8339238e-17
-1.5235295e-12
-2.0202542e-12
-1.6642508e-12
-1.5632218e-12
-1.4418417e-12
-1.3187419e-12
-1.2058564e-12
-1.099791e-12
-9.9515071e-13
-8.8831342e-13
-7.785018e-13
-6.6751048e-13
-5.5886169e-13
-4.5649826e-13
-3.6346625e-13
-2.8125052e-13
-2.0991702e-13
-1.4864008e-13
-9.621583e-14
-5.1343477e-14
-1.288871e-14
1.9898795e-14
4.7613989e-14
7.0813582e-14
8.9992501e-14
1.0552282e-13
1.1762644e-13
1.2642786e-13
1.3200733e-13
1.344641e-13
1.3396651e-13
1.3076597e-13
1.2521468e-13
1.1772547e-13
1.0874467e-13
9.8731003e-14
8.8114755e-14
7.7287825e-14
6.6575271e-14
5.6235763e-14
4.6475173e-14
3.7436222e-14
2.9210324e-14
2.184798e-14
1.5365133e-14
9.7520735e-15
4.9831457e-15
1.0108103e-15
-2.2409454e-15
-4.8516119e-15
-6.8895069e-15
-8.4176076e-15
-9.4954681e-15
-1.0180317e-14
-1.05324e-14
-1.0607921e-14
-1.0451467e-14
-1.0107491e-14
-9.6182033e-15
-9.0203564e-15
-8.3487529e-15
-7.6263609e-15
-6.8761802e-15
-6.1204083e-15
-5.3746187e-15
-4.6546438e-15
-3.9668565e-15
-3.3187506e-15
-2.7185729e-15
-2.1707077e-15
-1.6776472e-15
-1.2376804e-15
-8.5017716e-16
-5.11268e-16
-2.2130952e-16
1.9195252e-17
2.1914856e-16
3.8020161e-16
5.0343585e-16
5.9304086e-16
6.5412809e-16
6.9043783e-16
7.0335577e-16
7.0117454e-16
6.8503235e-16
6.5768198e-16
6.219265e-16
5.7826738e-16
5.3248686e-16
4.8114617e-16
4.2960368e-16
3.7895714e-16
3.2613811e-16
2.7969676e-16
2.3561108e-16
1.9237686e-16
1.5497424e-16
1.1883076e-16
8.7789457e-17
4.5257715e-17
9.8320254e-12
1.2244871e-11
9.792585e-12
9.0793593e-12
8.2357837e-12
7.3209117e-12
6.4223852e-12
5.555397e-12
4.7220655e-12
3.9327813e-12
3.2079119e-12
2.5666013e-12
2.0172284e-12
1.5563654e-12
1.1733938e-12
8.555835e-13
5.9100391e-13
3.6948339e-13
1.8289398e-13
2.5097927e-14
-1.0821476e-13
-2.2009482e-13
-3.1336676e-13
-3.9063268e-13
-4.5385855e-13
-5.0432439e-13
-5.4270661e-13
-5.6927171e-13
-5.8410693e-13
-5.873609e-13
-5.7943614e-13
-5.6111454e-13
-5.3358544e-13
-4.9838486e-13
-4.572819e-13
-4.1212928e-13
-3.6473152e-13
-3.1673171e-13
-2.6953885e-13
-2.2429835e-13
-1.8187544e-13
-1.4287693e-13
-1.0769062e-13
-7.6511755e-14
-4.9386341e-14
-2.6270862e-14
-6.9732811e-15
8.8532797e-15
2.1588525e-14
3.1564396e-14
3.906794e-14
4.4384634e-14
4.7802689e-14
4.9600212e-14
5.0038493e-14
4.9359004e-14
4.7782619e-14
4.5506841e-14
4.2707018e-14
3.953601e-14
3.6125883e-14
3.259063e-14
2.9025266e-14
2.5506664e-14
2.2097257e-14
1.884527e-14
1.5788405e-14
1.2954154e-14
1.0361358e-14
8.0192969e-15
5.9301537e-15
4.0913424e-15
2.492405e-15
1.1199437e-15
-3.8694872e-17
-9.9322842e-16
-1.754764e-15
-2.3403315e-15
-2.771373e-15
-3.0660314e-15
-3.2425531e-15
-3.3199918e-15
-3.3157912e-15
-3.2437945e-15
-3.1185979e-15
-2.9526927e-15
-2.7556015e-15
-2.5369215e-15
-2.3037358e-15
-2.0633734e-15
-1.8219815e-15
-1.5849255e-15
-1.3578515e-15
-1.1430043e-15
-9.4365966e-16
-7.6233985e-16
-5.9630338e-16
-4.4735677e-16
-3.1808673e-16
-1.5527843e-16
-2.1664303e-13
-2.7929066e-13
-2.0492025e-13
-1.7660063e-13
-1.5135375e-13
-1.2642778e-13
-1.0306171e-13
-8.2197561e-14
-6.4407173e-14
-4.9843372e-14
-3.8254873e-14
-2.9142476e-14
-2.196331e-14
-1.625103e-14
-1.1648116e-14
-7.8915079e-15
-4.7861069e-15
-2.194238e-15
-2.4274054e-17
1.7928866e-15
3.309122e-15
4.5673757e-15
5.6087126e-15
6.4650058e-15
7.1571642e-15
7.6989242e-15
8.0961756e-15
8.3495202e-15
8.4571989e-15
8.4178767e-15
8.2342364e-15
7.9146281e-15
7.4738261e-15
6.9314779e-15
6.3113695e-15
5.6392931e-15
4.9400234e-15
4.238134e-15
3.5543336e-15
2.9034206e-15
2.2973587e-15
1.7461037e-15
1.254313e-15
8.2389081e-16
4.5613124e-16
1.4809387e-16
-1.0520156e-16
-3.0933713e-16
-4.7008237e-16
-5.9204443e-16
-6.7906844e-16
-7.352806e-16
-7.6560341e-16
-7.7448066e-16
-7.6551726e-16
-7.4216976e-16
-7.0774642e-16
-6.653189e-16
-6.1650042e-16
-5.635782e-16
-5.0953698e-16
-4.5455663e-16
-3.9980195e-16
-3.471821e-16
-2.9680794e-16
-2.495206e-16
-2.0578077e-16
-1.6578838e-16
-1.2929386e-16
-9.6838552e-17
-6.8253968e-17
-4.321369e-17
-2.1883883e-17
-3.8778717e-18
1.1115621e-17
2.2731237e-17
3.173247e-17
3.8896767e-17
4.3673966e-17
4.6743216e-17
4.8419378e-17
4.8681345e-17
4.7192892e-17
4.5042792e-17
4.2684187e-17
3.9498142e-17
3.6122754e-17
3.2615922e-17
2.9200266e-17
2.5614872e-17
2.194525e-17
1.8502453e-17
1.4938891e-17
1.1910624e-17
9.1147306e-18
6.0467814e-18
3.8298237e-18
2.1886636e-18
4.0099963e-19
-1.5027765e-18
-1.9757702e-12
-5.5527692e-12
-4.1251377e-12
-3.230195e-12
-2.5097056e-12
-1.8981945e-12
-1.3933876e-12
-1.0034902e-12
-7.2027835e-13
-5.2074237e-13
-3.7985004e-13
-2.7783065e-13
-2.0134919e-13
-1.4206698e-13
-9.4842652e-14
-5.6227089e-14
-2.4151865e-14
2.4665325e-15
2.4515997e-14
4.2744329e-14
5.7798713e-14
7.0226441e-14
8.0452529e-14
8.8777741e-14
9.5408806e-14
1.0046526e-13
1.0398229e-13
1.0593203e-13
1.0625781e-13
1.0491435e-13
1.0190553e-13
9.7308742e-14
9.1283225e-14
8.4063538e-14
7.5939943e-14
6.7232125e-14
5.8260654e-14
4.9322997e-14
4.0675849e-14
3.2523314e-14
2.5014577e-14
1.8248923e-14
1.2280075e-14
7.1596987e-15
2.8765194e-15
-6.6056653e-16
-3.5395103e-15
-5.8300015e-15
-7.5812794e-15
-8.8471981e-15
-9.6885512e-15
-1.016488e-14
-1.0335329e-14
-1.0254038e-14
-9.9703051e-15
-9.5293005e-15
-8.9693443e-15
-8.3257203e-15
-7.6272042e-15
-6.8976919e-15
-6.1594873e-15
-5.4279201e-15
-4.7174363e-15
-4.0388625e-15
-3.3993859e-15
-2.8060333e-15
-2.2613973e-15
-1.7678112e-15
-1.3258315e-15
-9.3523233e-16
-5.943412e-16
-2.9868583e-16
-4.823037e-17
1.5781981e-16
3.2287441e-16
4.4951059e-16
5.437886e-16
6.1014618e-16
6.5204771e-16
6.7309888e-16
6.7607293e-16
6.6457809e-16
6.4119785e-16
6.0840182e-16
5.6922598e-16
5.2546429e-16
4.7889305e-16
4.3105155e-16
3.8281967e-16
3.3512451e-16
2.8872355e-16
2.4421931e-16
2.0225501e-16
1.6349049e-16
1.2827862e-16
9.6677179e-17
6.8905198e-17
4.494245e-17
2.4929234e-17
6.8536261e-18
5.132095e-13
1.0604959e-13
1.3674629e-14
-1.4045266e-14
-1.962427e-14
-1.8329146e-14
-1.5181874e-14
-1.1900937e-14
-9.0777677e-15
-6.8243729e-15
-5.0703233e-15
-3.7044444e-15
-2.6287793e-15
-1.769498e-15
-1.0736743e-15
-4.9856305e-16
-1.2665905e-17
3.9293288e-16
7.2417474e-16
9.9344506e-16
1.2135119e-15
1.3945618e-15
1.5422633e-15
1.6615854e-15
1.7552649e-15
1.8246345e-15
1.8702962e-15
1.8908556e-15
1.8850905e-15
1.8515285e-15
1.7897816e-15
1.7015223e-15
1.5888482e-15
1.4560622e-15
1.3078871e-15
1.1499617e-15
9.8856377e-16
8.283103e-16
6.7422438e-16
5.2998129e-16
3.9749809e-16
2.790468e-16
1.7549929e-16
8.7847726e-17
1.6315131e-17
-4.2184371e-17
-8.9655895e-17
-1.2701405e-16
-1.5469071e-16
-1.7379896e-16
-1.8614667e-16
-1.9197102e-16
-1.9247681e-16
-1.8899409e-16
-1.8208438e-16
-1.7262531e-16
-1.6120563e-16
-1.4866468e-16
-1.3543435e-16
-1.2162826e-16
-1.0810193e-16
-9.4742898e-17
-8.1890509e-17
-6.9743892e-17
-5.8194033e-17
-4.7741484e-17
-3.8275814e-17
-2.9890437e-17
-2.2299729e-17
-1.5476736e-17
-9.7154578e-18
-4.6269907e-18
-3.7933898e-19
2.9747422e-18
5.7126714e-18
7.6067083e-18
8.9159578e-18
9.8606869e-18
1.0444293e-17
1.0803419e-17
1.0713486e-17
1.0488243e-17
1.0123039e-17
9.0897718e-18
8.1841346e-18
7.2952663e-18
6.398735e-18
5.7503485e-18
4.6766536e-18
3.8912695e-18
3.1157811e-18
2.251455e-18
1.6902703e-18
8.0282683e-19
7.8704719e-20
-4.9843258e-19
-8.6926756e-19
-1.1581007e-18
-1.7257875e-18
-2.0852256e-18
)
;
    }
    water_wedge2
    {
        type            wedge;
        value           nonuniform List<scalar> 
1000
(
-1.1294887e-13
-1.4266628e-13
-1.1216526e-13
-1.0631599e-13
-9.936157e-14
-9.3387551e-14
-8.867851e-14
-8.4957957e-14
-8.1973807e-14
-7.9472111e-14
-7.7273715e-14
-7.5232531e-14
-7.3257427e-14
-7.1272535e-14
-6.9178145e-14
-6.6847752e-14
-6.4126692e-14
-6.0813758e-14
-5.6664226e-14
-5.1416245e-14
-4.4791182e-14
-3.6642285e-14
-2.7086636e-14
-1.6556578e-14
-5.8645292e-15
4.0441068e-15
1.2385182e-14
1.867646e-14
2.2904335e-14
2.530216e-14
2.6203017e-14
2.601988e-14
2.502938e-14
2.3519787e-14
2.1696353e-14
1.9689419e-14
1.7640256e-14
1.559044e-14
1.3622867e-14
1.1760379e-14
1.0009559e-14
8.4011125e-15
6.937604e-15
5.6240677e-15
4.4475993e-15
3.4132343e-15
2.5059269e-15
1.723576e-15
1.0507782e-15
4.811935e-16
2.3220835e-17
-3.5682898e-16
-6.6462352e-16
-8.9936714e-16
-1.0750646e-15
-1.200254e-15
-1.2846335e-15
-1.3203278e-15
-1.3241901e-15
-1.3020673e-15
-1.2582246e-15
-1.2015801e-15
-1.1259621e-15
-1.0353849e-15
-9.4819438e-16
-8.6095541e-16
-7.5850861e-16
-6.662919e-16
-5.760792e-16
-4.8868619e-16
-4.1056053e-16
-3.3221704e-16
-2.6380863e-16
-2.0522301e-16
-1.4569925e-16
-9.1828737e-17
-5.7161085e-17
-2.4654495e-17
1.0164608e-17
4.1337531e-17
6.0847284e-17
7.0931906e-17
7.9364407e-17
8.4707433e-17
9.1572836e-17
9.3613589e-17
9.7315163e-17
9.3678531e-17
8.5682042e-17
8.536232e-17
7.856327e-17
6.6358908e-17
6.6608748e-17
6.1790526e-17
4.7442677e-17
4.2417958e-17
4.2167287e-17
3.4056653e-17
2.7267876e-17
1.9211587e-17
-6.8080796e-13
-1.0335377e-12
-8.3928976e-13
-7.975274e-13
-7.4939352e-13
-7.0313231e-13
-6.6535155e-13
-6.3521843e-13
-6.1093354e-13
-5.9051891e-13
-5.7244579e-13
-5.5560148e-13
-5.3912149e-13
-5.2219577e-13
-5.0395865e-13
-4.8342949e-13
-4.5934065e-13
-4.3018678e-13
-3.9436435e-13
-3.5054725e-13
-2.9813092e-13
-2.376469e-13
-1.7103735e-13
-1.0154466e-13
-3.3362604e-14
2.8939011e-14
8.1481765e-14
1.2214688e-13
1.5064871e-13
1.6797612e-13
1.7587652e-13
1.7635153e-13
1.7126882e-13
1.622881e-13
1.5074548e-13
1.3768459e-13
1.2392728e-13
1.1004239e-13
9.6459325e-14
8.3455125e-14
7.1227432e-14
5.9916121e-14
4.9566371e-14
4.0207407e-14
3.183685e-14
2.4434771e-14
1.7948613e-14
1.2327088e-14
7.522333e-15
3.4754717e-15
1.2559882e-16
-2.6054774e-15
-4.7903012e-15
-6.4906859e-15
-7.7549772e-15
-8.6410118e-15
-9.2070928e-15
-9.4854548e-15
-9.5267493e-15
-9.3688864e-15
-9.0498696e-15
-8.6118591e-15
-8.0779069e-15
-7.4731339e-15
-6.8223946e-15
-6.1516411e-15
-5.4725979e-15
-4.8024463e-15
-4.1521659e-15
-3.5290316e-15
-2.9490851e-15
-2.4120713e-15
-1.9172408e-15
-1.4710022e-15
-1.0707509e-15
-7.1621427e-16
-4.1921567e-16
-1.6366713e-16
5.5282725e-17
2.3506885e-16
3.7889078e-16
4.8308708e-16
5.6107784e-16
6.1432834e-16
6.4244561e-16
6.5120098e-16
6.4984573e-16
6.3570152e-16
6.0926666e-16
5.7399226e-16
5.3027753e-16
4.8312497e-16
4.3456965e-16
3.9201773e-16
3.4791005e-16
2.9902236e-16
2.5594102e-16
2.1466455e-16
1.7715647e-16
1.0597714e-16
3.1339213e-12
4.8023131e-12
3.9072387e-12
3.7113915e-12
3.4900586e-12
3.2689374e-12
3.0860219e-12
2.9387846e-12
2.8176208e-12
2.7124755e-12
2.6152664e-12
2.5197147e-12
2.4205052e-12
2.3123539e-12
2.1894921e-12
2.0461134e-12
1.8774964e-12
1.6811058e-12
1.457432e-12
1.2105547e-12
9.4809116e-13
6.8016405e-13
4.17592e-13
1.7019311e-13
-5.3303545e-14
-2.4554392e-13
-4.0216366e-13
-5.2203434e-13
-6.0635827e-13
-6.5806134e-13
-6.8129631e-13
-6.8087539e-13
-6.6177056e-13
-6.2867978e-13
-5.8578489e-13
-5.3663566e-13
-4.8411025e-13
-4.3048311e-13
-3.7747683e-13
-3.2635185e-13
-2.779957e-13
-2.3300222e-13
-1.9172304e-13
-1.5433922e-13
-1.2088915e-13
-9.1288835e-14
-6.5412555e-14
-4.3069106e-14
-2.406754e-14
-8.182757e-15
4.9007619e-15
1.5483016e-14
2.3853195e-14
3.0247619e-14
3.4904153e-14
3.8038394e-14
3.9841244e-14
4.0541577e-14
4.030717e-14
3.9315418e-14
3.7707301e-14
3.561033e-14
3.3181068e-14
3.0511568e-14
2.7699008e-14
2.4819788e-14
2.1933786e-14
1.9119138e-14
1.6415218e-14
1.3862146e-14
1.1472814e-14
9.2575083e-15
7.2593005e-15
5.4651406e-15
3.8790463e-15
2.4949499e-15
1.2843725e-15
2.6652846e-16
-5.7401051e-16
-1.2485982e-15
-1.7733445e-15
-2.1797633e-15
-2.4576609e-15
-2.6295539e-15
-2.7230648e-15
-2.7428464e-15
-2.7061506e-15
-2.6087023e-15
-2.4710053e-15
-2.3163232e-15
-2.1367856e-15
-1.9479384e-15
-1.7498827e-15
-1.5440275e-15
-1.348215e-15
-1.161654e-15
-9.8712791e-16
-8.1855007e-16
-6.5885018e-16
-3.7969733e-16
-3.7211472e-12
-5.4869276e-12
-4.4854181e-12
-4.2512596e-12
-3.9873707e-12
-3.7244132e-12
-3.5031635e-12
-3.319521e-12
-3.1610753e-12
-3.0149815e-12
-2.8702705e-12
-2.7174915e-12
-2.5486685e-12
-2.3580346e-12
-2.1427106e-12
-1.9031483e-12
-1.6434538e-12
-1.3711276e-12
-1.0958767e-12
-8.276966e-13
-5.7485263e-13
-3.4277932e-13
-1.3422504e-13
4.9291619e-14
2.0666436e-13
3.3753711e-13
4.4236248e-13
5.219519e-13
5.7743477e-13
6.1043609e-13
6.2317128e-13
6.183798e-13
5.9908793e-13
5.6843851e-13
5.2945188e-13
4.8486369e-13
4.370697e-13
3.8803097e-13
3.3932112e-13
2.9215617e-13
2.4740907e-13
2.0569679e-13
1.6741401e-13
1.3276345e-13
1.018197e-13
7.4547346e-14
5.0825635e-14
3.0502883e-14
1.3383841e-14
-7.8302208e-16
-1.2310381e-14
-2.1505817e-14
-2.8617693e-14
-3.388155e-14
-3.7519709e-14
-3.975052e-14
-4.0789622e-14
-4.0823561e-14
-4.0028293e-14
-3.8562699e-14
-3.6580827e-14
-3.4217381e-14
-3.1578674e-14
-2.8767218e-14
-2.5868527e-14
-2.2956006e-14
-2.009696e-14
-1.7335543e-14
-1.4706715e-14
-1.2242889e-14
-9.9678216e-15
-7.8951823e-15
-6.0258329e-15
-4.3655485e-15
-2.9076219e-15
-1.6411496e-15
-5.6276101e-16
3.368716e-16
1.0687444e-15
1.6478406e-15
2.0887114e-15
2.402737e-15
2.6105702e-15
2.7287062e-15
2.7705053e-15
2.7444962e-15
2.6636631e-15
2.5471012e-15
2.3966856e-15
2.2207319e-15
2.0298031e-15
1.8281661e-15
1.6268585e-15
1.4294703e-15
1.238623e-15
1.0555413e-15
8.8215964e-16
7.2162665e-16
5.7501923e-16
3.2731495e-16
-1.0858265e-12
-1.5239446e-12
-1.2530997e-12
-1.1819254e-12
-1.1008298e-12
-1.0209642e-12
-9.5197034e-13
-8.917813e-13
-8.3604979e-13
-7.8041413e-13
-7.2162321e-13
-6.578719e-13
-5.8878345e-13
-5.1529489e-13
-4.3944274e-13
-3.639339e-13
-2.9151054e-13
-2.2431992e-13
-1.6359123e-13
-1.0968346e-13
-6.2331821e-14
-2.1015656e-14
1.4670134e-14
4.5070087e-14
7.0532648e-14
9.1389838e-14
1.0791171e-13
1.2027145e-13
1.2862388e-13
1.3317381e-13
1.34203e-13
1.3209508e-13
1.2730037e-13
1.2033573e-13
1.1173754e-13
1.0200852e-13
9.16194e-14
8.0965865e-14
7.0381701e-14
6.0138013e-14
5.0422692e-14
4.138154e-14
3.3106495e-14
2.5644406e-14
1.9016657e-14
1.3211649e-14
8.2132342e-15
3.987248e-15
4.7203991e-16
-2.4011284e-15
-4.7019937e-15
-6.4898177e-15
-7.8246237e-15
-8.7623202e-15
-9.3481607e-15
-9.6407471e-15
-9.6856392e-15
-9.5260811e-15
-9.2043765e-15
-8.7468702e-15
-8.1960626e-15
-7.5784392e-15
-6.9166365e-15
-6.233667e-15
-5.5399689e-15
-4.8593621e-15
-4.2012291e-15
-3.5748971e-15
-2.9874221e-15
-2.4382877e-15
-1.94149e-15
-1.491752e-15
-1.0911398e-15
-7.4250259e-16
-4.3411135e-16
-1.7150394e-16
4.922176e-17
2.2828876e-16
3.6800419e-16
4.7942226e-16
5.5576755e-16
6.0847677e-16
6.4405512e-16
6.5467539e-16
6.5485554e-16
6.374295e-16
6.0689157e-16
5.7680683e-16
5.3476474e-16
4.9292164e-16
4.4483253e-16
3.9383901e-16
3.5081871e-16
3.0214537e-16
2.6106327e-16
2.207498e-16
1.7870146e-16
1.4551965e-16
1.1207978e-16
6.0860284e-17
-1.5235292e-12
-2.0202534e-12
-1.6642516e-12
-1.5632235e-12
-1.4418407e-12
-1.3187402e-12
-1.2058564e-12
-1.0997903e-12
-9.9514941e-13
-8.8831332e-13
-7.7850236e-13
-6.6751094e-13
-5.5886095e-13
-4.5649732e-13
-3.6346573e-13
-2.8125017e-13
-2.099179e-13
-1.4864088e-13
-9.6214248e-14
-5.1344144e-14
-1.289049e-14
1.9901541e-14
4.7615789e-14
7.081199e-14
8.999046e-14
1.0552045e-13
1.1762872e-13
1.2643023e-13
1.3200648e-13
1.3446156e-13
1.3396184e-13
1.3076823e-13
1.2521749e-13
1.1772324e-13
1.0874224e-13
9.8728984e-14
8.8118036e-14
7.7290302e-14
6.657542e-14
5.6241344e-14
4.6483014e-14
3.7443339e-14
2.9216985e-14
2.1855314e-14
1.5372342e-14
9.7585115e-15
4.9904235e-15
1.0177617e-15
-2.2331885e-15
-4.8434282e-15
-6.8831013e-15
-8.4106928e-15
-9.4876862e-15
-1.017614e-14
-1.0530095e-14
-1.0600477e-14
-1.0441713e-14
-1.0099454e-14
-9.6127129e-15
-9.016961e-15
-8.3410535e-15
-7.617144e-15
-6.8693087e-15
-6.1147034e-15
-5.3702219e-15
-4.6463095e-15
-3.9574642e-15
-3.3122707e-15
-2.7141521e-15
-2.1663907e-15
-1.6703896e-15
-1.2288252e-15
-8.4053011e-16
-5.0519463e-16
-2.1683486e-16
2.9865948e-17
2.302245e-16
3.8789798e-16
5.0930824e-16
5.9852413e-16
6.5878336e-16
6.9437736e-16
7.1169071e-16
7.0955395e-16
6.9332523e-16
6.6591038e-16
6.2943947e-16
5.8769114e-16
5.3869938e-16
4.8938861e-16
4.375782e-16
3.850647e-16
3.3732441e-16
2.8770832e-16
2.4143888e-16
2.0080167e-16
1.6109216e-16
1.2701756e-16
9.5871008e-17
4.9951135e-17
9.832025e-12
1.2244871e-11
9.7925847e-12
9.0793585e-12
8.2357836e-12
7.3209115e-12
6.4223844e-12
5.5553973e-12
4.7220657e-12
3.9327809e-12
3.2079114e-12
2.5666008e-12
2.0172283e-12
1.5563648e-12
1.1733934e-12
8.5558377e-13
5.9100351e-13
3.6948314e-13
1.8289345e-13
2.5097024e-14
-1.0821575e-13
-2.2009355e-13
-3.1336441e-13
-3.9063371e-13
-4.5385929e-13
-5.0432405e-13
-5.4270623e-13
-5.6927103e-13
-5.8410829e-13
-5.8736201e-13
-5.794362e-13
-5.6111406e-13
-5.3358495e-13
-4.983863e-13
-4.5728296e-13
-4.1212982e-13
-3.6473055e-13
-3.1672996e-13
-2.6953992e-13
-2.2429734e-13
-1.8187038e-13
-1.4287191e-13
-1.0768575e-13
-7.6506363e-14
-4.9380841e-14
-2.6265332e-14
-6.9674547e-15
8.8588094e-15
2.1594436e-14
3.157099e-14
3.9074097e-14
4.4390766e-14
4.7808733e-14
4.9605372e-14
5.0043144e-14
4.9364326e-14
4.7788659e-14
4.5513273e-14
4.271302e-14
3.9541286e-14
3.6131844e-14
3.2596913e-14
2.9031129e-14
2.5512457e-14
2.210282e-14
1.8851415e-14
1.5795045e-14
1.2960923e-14
1.0366963e-14
8.0244915e-15
5.9365283e-15
4.098185e-15
2.4989999e-15
1.1256848e-15
-3.2526335e-17
-9.8512485e-16
-1.7465522e-15
-2.3337676e-15
-2.764982e-15
-3.0598939e-15
-3.2377663e-15
-3.3152196e-15
-3.3091699e-15
-3.2368235e-15
-3.1117041e-15
-2.9453881e-15
-2.7489541e-15
-2.5302109e-15
-2.2973281e-15
-2.056798e-15
-1.8150248e-15
-1.5782222e-15
-1.3503127e-15
-1.1365812e-15
-9.3805759e-16
-7.5481415e-16
-5.8972992e-16
-4.406123e-16
-3.1049531e-16
-1.4903968e-16
-2.1664373e-13
-2.7929177e-13
-2.0492135e-13
-1.7660172e-13
-1.5135454e-13
-1.2642834e-13
-1.030621e-13
-8.2197874e-14
-6.4407571e-14
-4.9843618e-14
-3.8255261e-14
-2.9143174e-14
-2.1963687e-14
-1.6251421e-14
-1.1648416e-14
-7.8916807e-15
-4.786388e-15
-2.1942992e-15
-2.4732187e-17
1.792198e-15
3.3084843e-15
4.5678516e-15
5.609926e-15
6.4654923e-15
7.1574993e-15
7.699056e-15
8.0961523e-15
8.3493443e-15
8.4566887e-15
8.417427e-15
8.2341502e-15
7.9149505e-15
7.4738824e-15
6.9311786e-15
6.3108242e-15
5.6385073e-15
4.9404661e-15
4.2391178e-15
3.5542274e-15
2.9036136e-15
2.2997338e-15
1.7493114e-15
1.2576529e-15
8.2770335e-16
4.598719e-16
1.5250867e-16
-1.0025863e-16
-3.0478498e-16
-4.6567866e-16
-5.8692802e-16
-6.7344477e-16
-7.3012964e-16
-7.6090963e-16
-7.6970044e-16
-7.6066108e-16
-7.3739971e-16
-7.0294745e-16
-6.5981373e-16
-6.1125417e-16
-5.5915966e-16
-5.0411634e-16
-4.489301e-16
-3.9489489e-16
-3.4205681e-16
-2.9182388e-16
-2.4449161e-16
-2.0041944e-16
-1.5996547e-16
-1.2370472e-16
-9.1218602e-17
-6.2573433e-17
-3.7771722e-17
-1.623139e-17
1.9655866e-18
1.6809055e-17
2.9048637e-17
3.8480272e-17
4.4943899e-17
4.9594872e-17
5.2300471e-17
5.3287859e-17
5.3086139e-17
5.2520458e-17
5.0938921e-17
4.8285308e-17
4.5514362e-17
4.2271619e-17
3.8729829e-17
3.4862582e-17
3.1103637e-17
2.7521973e-17
2.395205e-17
2.0862658e-17
1.769594e-17
1.480728e-17
1.2732763e-17
1.0340715e-17
7.8887757e-18
6.1835208e-18
4.3518224e-18
-1.9757704e-12
-5.5527699e-12
-4.1251388e-12
-3.2301961e-12
-2.5097065e-12
-1.8981949e-12
-1.3933877e-12
-1.0034906e-12
-7.2027841e-13
-5.2074288e-13
-3.7985105e-13
-2.7783115e-13
-2.013496e-13
-1.4206769e-13
-9.4843114e-14
-5.6227344e-14
-2.4152274e-14
2.4661971e-15
2.4515727e-14
4.2744042e-14
5.7798433e-14
7.022687e-14
8.045326e-14
8.8778214e-14
9.5409102e-14
1.0046535e-13
1.0398247e-13
1.0593208e-13
1.0625744e-13
1.0491419e-13
1.0190581e-13
9.7308949e-14
9.1283219e-14
8.4063282e-14
7.5939762e-14
6.7231903e-14
5.8260578e-14
4.9323287e-14
4.0675728e-14
3.2523098e-14
2.5016026e-14
1.8251211e-14
1.2282568e-14
7.1619767e-15
2.8784063e-15
-6.5704512e-16
-3.5354995e-15
-5.8260712e-15
-7.5775993e-15
-8.8437625e-15
-9.6840761e-15
-1.0160788e-14
-1.0331343e-14
-1.0249891e-14
-9.9663662e-15
-9.5246928e-15
-8.9654262e-15
-8.3215592e-15
-7.6227451e-15
-6.8941815e-15
-6.1548335e-15
-5.4233687e-15
-4.7129477e-15
-4.0341387e-15
-3.3956833e-15
-2.8016841e-15
-2.2567581e-15
-1.7627768e-15
-1.3208679e-15
-9.3093309e-16
-5.8924909e-16
-2.9404365e-16
-4.3560798e-17
1.6287328e-16
3.2709377e-16
4.5472083e-16
5.4946897e-16
6.1548782e-16
6.5709649e-16
6.7747413e-16
6.804804e-16
6.6863492e-16
6.4524862e-16
6.1311167e-16
5.7404757e-16
5.3042937e-16
4.8399591e-16
4.3594669e-16
3.8759378e-16
3.3979286e-16
2.9326651e-16
2.4884248e-16
2.0711084e-16
1.6852152e-16
1.3337722e-16
1.0210236e-16
7.438788e-17
5.0058763e-17
2.9867325e-17
1.1832838e-17
5.1320856e-13
1.0604865e-13
1.3673604e-14
-1.4046315e-14
-1.9625049e-14
-1.832965e-14
-1.5182566e-14
-1.1901633e-14
-9.077935e-15
-6.8249133e-15
-5.0709185e-15
-3.704883e-15
-2.6291695e-15
-1.7701466e-15
-1.0739128e-15
-4.9833927e-16
-1.3124598e-17
3.925624e-16
7.2353488e-16
9.9329944e-16
1.2139221e-15
1.3946607e-15
1.5428466e-15
1.662117e-15
1.7555917e-15
1.8250975e-15
1.8703543e-15
1.8908365e-15
1.8848253e-15
1.8513233e-15
1.7900895e-15
1.7015813e-15
1.5889189e-15
1.4558263e-15
1.307712e-15
1.1502043e-15
9.8842348e-16
8.2838484e-16
6.7424162e-16
5.296242e-16
3.9788923e-16
2.8009367e-16
1.7704682e-16
8.9401179e-17
1.7514451e-17
-4.0138256e-17
-8.6979034e-17
-1.2394626e-16
-1.5186812e-16
-1.7147338e-16
-1.8314863e-16
-1.8887841e-16
-1.8956898e-16
-1.8582993e-16
-1.7886209e-16
-1.6935895e-16
-1.581181e-16
-1.4549171e-16
-1.3205545e-16
-1.185244e-16
-1.0472696e-16
-9.1331558e-17
-7.8449551e-17
-6.6228842e-17
-5.5030999e-17
-4.4521271e-17
-3.4900958e-17
-2.6113025e-17
-1.8436701e-17
-1.186617e-17
-5.9914571e-18
-1.0305705e-18
3.217217e-18
6.7256296e-18
9.2975814e-18
1.136808e-17
1.2892059e-17
1.3818426e-17
1.4291761e-17
1.4297104e-17
1.4173621e-17
1.3709766e-17
1.3008085e-17
1.2682973e-17
1.2021334e-17
1.1208615e-17
1.0334977e-17
9.1957399e-18
8.5032554e-18
7.5718739e-18
6.69742e-18
5.9945679e-18
5.0839993e-18
4.6109395e-18
4.0969202e-18
3.5720448e-18
2.9815239e-18
2.4488252e-18
2.3574947e-18
2.191704e-18
)
;
    }
    water_to_rock
    {
        type            calculated;
        value           uniform 0;
    }
}


// ************************************************************************* //
