/*--------------------------------*- C++ -*----------------------------------*\
| =========                 |                                                 |
| \\      /  F ield         | OpenFOAM: The Open Source CFD Toolbox           |
|  \\    /   O peration     | Version:  2506                                  |
|   \\  /    A nd           | Website:  www.openfoam.com                      |
|    \\/     M anipulation  |                                                 |
\*---------------------------------------------------------------------------*/
FoamFile
{
    version     2.0;
    format      ascii;
    arch        "LSB;label=32;scalar=64";
    class       volScalarField;
    location    "19000/water";
    object      T;
}
// * * * * * * * * * * * * * * * * * * * * * * * * * * * * * * * * * * * * * //

dimensions      [0 0 0 1 0 0 0];

internalField   nonuniform List<scalar> 
6000
(
333.15
333.15
333.15
333.15
333.15
333.15
333.15
333.15
333.15
333.15
333.15
333.14998
333.14989
333.14924
333.14256
333.15
333.15
333.15
333.15
333.15
333.15
333.15
333.15
333.15
333.15
333.14999
333.14994
333.14968
333.14816
333.13667
333.15
333.15
333.15
333.15
333.15
333.15
333.15
333.15
333.15
333.14999
333.14997
333.14987
333.14939
333.14689
333.13172
333.15
333.15
333.15
333.15
333.15
333.15
333.15
333.15
333.15
333.14999
333.14994
333.14976
333.14903
333.14547
333.12739
333.15
333.15
333.15
333.15
333.15
333.15
333.15
333.15
333.14999
333.14997
333.1499
333.14963
333.1486
333.14396
333.12352
333.15
333.15
333.15
333.15
333.15
333.15
333.15
333.15
333.14999
333.14996
333.14985
333.14947
333.14812
333.14237
333.11999
333.15
333.15
333.15
333.15
333.15
333.15
333.15
333.14999
333.14998
333.14994
333.14978
333.14929
333.1476
333.14073
333.11674
333.15
333.15
333.15
333.15
333.15
333.15
333.15
333.14999
333.14997
333.14991
333.1497
333.14909
333.14703
333.13906
333.11373
333.15
333.15
333.15
333.15
333.15
333.15
333.15
333.14999
333.14996
333.14987
333.14961
333.14886
333.14643
333.13737
333.11093
333.15
333.15
333.15
333.15
333.15
333.15
333.14999
333.14998
333.14994
333.14983
333.14951
333.14862
333.14578
333.13567
333.10831
333.15
333.15
333.15
333.15
333.15
333.15
333.14999
333.14998
333.14993
333.14978
333.1494
333.14836
333.1451
333.13396
333.10587
333.15
333.15
333.15
333.15
333.15
333.15
333.14999
333.14997
333.1499
333.14973
333.14928
333.14807
333.14437
333.13227
333.10358
333.15
333.15
333.15
333.15
333.15
333.14999
333.14998
333.14996
333.14988
333.14967
333.14915
333.14777
333.14361
333.13059
333.10144
333.15
333.15
333.15
333.15
333.15
333.14999
333.14998
333.14994
333.14985
333.14961
333.14901
333.14745
333.1428
333.12894
333.09945
333.15
333.15
333.15
333.15
333.15
333.14999
333.14997
333.14993
333.14982
333.14954
333.14886
333.1471
333.14195
333.12731
333.0976
333.15
333.15
333.15
333.15
333.15
333.14999
333.14997
333.14991
333.14978
333.14946
333.1487
333.14673
333.14106
333.12572
333.09588
333.15
333.15
333.15
333.15
333.14999
333.14998
333.14996
333.1499
333.14974
333.14938
333.14852
333.14634
333.14013
333.12417
333.0943
333.15
333.15
333.15
333.15
333.14999
333.14998
333.14995
333.14988
333.1497
333.14929
333.14834
333.14591
333.13916
333.12266
333.09285
333.15
333.15
333.15
333.15
333.14999
333.14998
333.14994
333.14985
333.14965
333.1492
333.14814
333.14546
333.13814
333.12121
333.09152
333.15
333.15
333.15
333.14999
333.14999
333.14997
333.14993
333.14983
333.1496
333.14909
333.14793
333.14497
333.13709
333.11981
333.09031
333.15
333.15
333.15
333.14999
333.14999
333.14997
333.14992
333.1498
333.14955
333.14899
333.1477
333.14444
333.13601
333.11848
333.08921
333.15
333.15
333.15
333.14999
333.14998
333.14996
333.1499
333.14977
333.14949
333.14887
333.14745
333.14388
333.13491
333.1172
333.08822
333.15
333.15
333.15
333.14999
333.14998
333.14995
333.14989
333.14974
333.14943
333.14875
333.14719
333.14328
333.13379
333.11599
333.08732
333.15
333.15
333.14999
333.14999
333.14998
333.14994
333.14987
333.14971
333.14936
333.14861
333.1469
333.14263
333.13267
333.11484
333.08651
333.15
333.15
333.14999
333.14999
333.14997
333.14993
333.14985
333.14967
333.14929
333.14847
333.14659
333.14195
333.13154
333.11376
333.08579
333.15
333.15
333.14999
333.14998
333.14997
333.14992
333.14983
333.14963
333.14921
333.14831
333.14625
333.14123
333.13043
333.11274
333.08513
333.15
333.15
333.14999
333.14998
333.14996
333.14991
333.14981
333.14959
333.14913
333.14815
333.14589
333.14047
333.12933
333.11178
333.08454
333.15
333.14999
333.14999
333.14998
333.14996
333.1499
333.14979
333.14954
333.14904
333.14797
333.14549
333.13967
333.12825
333.11087
333.084
333.15
333.14999
333.14999
333.14998
333.14995
333.14989
333.14976
333.14949
333.14895
333.14777
333.14507
333.13885
333.12721
333.11002
333.08352
333.14999
333.14999
333.14999
333.14997
333.14994
333.14987
333.14973
333.14944
333.14884
333.14756
333.14461
333.13801
333.1262
333.10922
333.08308
333.14999
333.14999
333.14998
333.14997
333.14993
333.14986
333.1497
333.14939
333.14873
333.14733
333.14412
333.13715
333.12523
333.10846
333.08268
333.14999
333.14999
333.14998
333.14996
333.14992
333.14984
333.14967
333.14932
333.14862
333.14708
333.14359
333.13629
333.12429
333.10775
333.08232
333.14999
333.14999
333.14998
333.14996
333.14991
333.14982
333.14964
333.14926
333.14849
333.14681
333.14303
333.13542
333.12339
333.10708
333.08198
333.14999
333.14999
333.14998
333.14995
333.1499
333.1498
333.1496
333.14919
333.14835
333.14652
333.14245
333.13455
333.12253
333.10645
333.08168
333.14999
333.14998
333.14997
333.14995
333.14989
333.14978
333.14956
333.14911
333.1482
333.1462
333.14183
333.1337
333.12171
333.10585
333.0814
333.14999
333.14998
333.14997
333.14994
333.14988
333.14976
333.14952
333.14903
333.14803
333.14586
333.1412
333.13285
333.12092
333.10528
333.08114
333.14999
333.14998
333.14997
333.14993
333.14987
333.14974
333.14947
333.14895
333.14786
333.14549
333.14054
333.13202
333.12017
333.10474
333.0809
333.14998
333.14998
333.14996
333.14993
333.14985
333.14971
333.14942
333.14885
333.14766
333.14509
333.13986
333.13121
333.11945
333.10423
333.08068
333.14998
333.14998
333.14996
333.14992
333.14984
333.14968
333.14937
333.14875
333.14745
333.14467
333.13918
333.13042
333.11876
333.10375
333.08047
333.14998
333.14997
333.14995
333.14991
333.14982
333.14965
333.14931
333.14864
333.14723
333.14423
333.13849
333.12966
333.11811
333.10329
333.08028
333.14998
333.14997
333.14995
333.1499
333.1498
333.14962
333.14925
333.14852
333.14698
333.14375
333.13779
333.12891
333.11748
333.10285
333.0801
333.14997
333.14996
333.14994
333.14989
333.14978
333.14958
333.14918
333.14839
333.14672
333.14326
333.13709
333.12819
333.11687
333.10244
333.07993
333.14997
333.14996
333.14993
333.14988
333.14976
333.14954
333.14911
333.14824
333.14643
333.14275
333.1364
333.12749
333.1163
333.10204
333.07978
333.14997
333.14996
333.14993
333.14986
333.14974
333.1495
333.14903
333.14809
333.14612
333.14221
333.13571
333.12681
333.11574
333.10166
333.07963
333.14996
333.14995
333.14992
333.14985
333.14972
333.14946
333.14895
333.14792
333.14579
333.14167
333.13503
333.12616
333.11521
333.1013
333.0795
333.14996
333.14995
333.14991
333.14984
333.14969
333.14941
333.14886
333.14774
333.14544
333.14111
333.13437
333.12553
333.1147
333.10095
333.07937
333.14995
333.14994
333.1499
333.14982
333.14966
333.14936
333.14876
333.14754
333.14507
333.14054
333.13371
333.12491
333.11421
333.10062
333.07925
333.14995
333.14993
333.14989
333.1498
333.14963
333.1493
333.14865
333.14733
333.14468
333.13996
333.13306
333.12432
333.11373
333.1003
333.07914
333.14994
333.14993
333.14988
333.14979
333.1496
333.14924
333.14853
333.1471
333.14427
333.13938
333.13243
333.12375
333.11328
333.09999
333.07904
333.14994
333.14992
333.14987
333.14977
333.14957
333.14918
333.14841
333.14686
333.14384
333.1388
333.13182
333.1232
333.11284
333.0997
333.07894
333.14993
333.14991
333.14986
333.14974
333.14953
333.14911
333.14827
333.14659
333.1434
333.13822
333.13121
333.12266
333.11242
333.09942
333.07885
333.14993
333.1499
333.14984
333.14972
333.14949
333.14903
333.14812
333.14631
333.14294
333.13764
333.13062
333.12214
333.11201
333.09915
333.07877
333.14992
333.14989
333.14983
333.1497
333.14944
333.14894
333.14796
333.14601
333.14247
333.13707
333.13005
333.12164
333.11162
333.09889
333.07869
333.14991
333.14988
333.14981
333.14967
333.14939
333.14885
333.14779
333.14569
333.14199
333.1365
333.12949
333.12115
333.11124
333.09864
333.07861
333.1499
333.14987
333.1498
333.14964
333.14934
333.14876
333.1476
333.14536
333.1415
333.13594
333.12894
333.12068
333.11087
333.0984
333.07854
333.14989
333.14986
333.14978
333.14961
333.14928
333.14865
333.1474
333.14501
333.14101
333.13538
333.12841
333.12022
333.11051
333.09816
333.07848
333.14988
333.14985
333.14976
333.14958
333.14922
333.14853
333.14718
333.14464
333.14051
333.13483
333.12789
333.11977
333.11017
333.09794
333.07842
333.14987
333.14983
333.14974
333.14954
333.14916
333.14841
333.14695
333.14426
333.14
333.13429
333.12738
333.11934
333.10984
333.09772
333.07836
333.14986
333.14982
333.14971
333.1495
333.14908
333.14827
333.1467
333.14386
333.1395
333.13376
333.12689
333.11892
333.10951
333.09751
333.07831
333.14985
333.1498
333.14969
333.14946
333.149
333.14812
333.14643
333.14346
333.139
333.13324
333.12641
333.11852
333.1092
333.09731
333.07826
333.14983
333.14978
333.14966
333.14941
333.14892
333.14796
333.14615
333.14304
333.1385
333.13273
333.12594
333.11812
333.1089
333.09712
333.07821
333.14982
333.14976
333.14963
333.14936
333.14882
333.14779
333.14586
333.14262
333.138
333.13223
333.12548
333.11773
333.1086
333.09693
333.07817
333.1498
333.14974
333.1496
333.1493
333.14872
333.14761
333.14555
333.14218
333.1375
333.13173
333.12504
333.11736
333.10832
333.09675
333.07813
333.14978
333.14972
333.14956
333.14924
333.14861
333.14741
333.14522
333.14174
333.13701
333.13125
333.1246
333.117
333.10804
333.09657
333.07809
333.14976
333.1497
333.14952
333.14917
333.1485
333.1472
333.14489
333.1413
333.13652
333.13077
333.12417
333.11664
333.10777
333.0964
333.07806
333.14974
333.14967
333.14948
333.1491
333.14837
333.14697
333.14454
333.14086
333.13604
333.13031
333.12376
333.1163
333.1075
333.09623
333.07803
333.14972
333.14964
333.14944
333.14903
333.14823
333.14673
333.14418
333.14041
333.13557
333.12985
333.12335
333.11596
333.10725
333.09607
333.078
333.14969
333.14961
333.14939
333.14894
333.14808
333.14648
333.14381
333.13996
333.1351
333.12941
333.12296
333.11563
333.107
333.09591
333.07797
333.14967
333.14957
333.14933
333.14885
333.14792
333.14621
333.14343
333.13951
333.13463
333.12897
333.12257
333.11531
333.10675
333.09576
333.07794
333.14964
333.14954
333.14928
333.14875
333.14774
333.14593
333.14304
333.13906
333.13417
333.12854
333.12219
333.115
333.10652
333.09561
333.07792
333.14961
333.1495
333.14921
333.14864
333.14756
333.14564
333.14264
333.13861
333.13372
333.12812
333.12182
333.11469
333.10629
333.09546
333.0779
333.14957
333.14945
333.14914
333.14852
333.14736
333.14533
333.14224
333.13817
333.13328
333.1277
333.12146
333.1144
333.10606
333.09532
333.07788
333.14953
333.1494
333.14907
333.1484
333.14714
333.14501
333.14184
333.13772
333.13284
333.1273
333.12111
333.1141
333.10584
333.09519
333.07786
333.14949
333.14935
333.14899
333.14826
333.14692
333.14468
333.14143
333.13728
333.13241
333.1269
333.12076
333.11382
333.10563
333.09506
333.07784
333.14944
333.14929
333.1489
333.14811
333.14668
333.14434
333.14102
333.13685
333.13198
333.12651
333.12042
333.11354
333.10542
333.09493
333.07782
333.14939
333.14923
333.1488
333.14795
333.14643
333.14399
333.14061
333.13641
333.13156
333.12613
333.12009
333.11327
333.10521
333.0948
333.07781
333.14934
333.14916
333.14869
333.14778
333.14616
333.14363
333.14019
333.13598
333.13115
333.12576
333.11977
333.113
333.10501
333.09468
333.07779
333.14928
333.14908
333.14858
333.14759
333.14588
333.14327
333.13978
333.13556
333.13074
333.12539
333.11945
333.11274
333.10482
333.09456
333.07778
333.14921
333.149
333.14845
333.1474
333.14559
333.1429
333.13936
333.13514
333.13034
333.12503
333.11914
333.11249
333.10463
333.09444
333.07776
333.14914
333.14891
333.14832
333.14719
333.14529
333.14252
333.13895
333.13472
333.12995
333.12467
333.11883
333.11224
333.10444
333.09432
333.07775
333.14906
333.14881
333.14817
333.14696
333.14498
333.14214
333.13854
333.13431
333.12956
333.12432
333.11853
333.11199
333.10425
333.09421
333.07774
333.14897
333.1487
333.14801
333.14672
333.14466
333.14175
333.13812
333.1339
333.12918
333.12398
333.11824
333.11175
333.10407
333.0941
333.07773
333.14888
333.14858
333.14784
333.14647
333.14432
333.14137
333.13771
333.1335
333.1288
333.12364
333.11795
333.11152
333.1039
333.09399
333.07772
333.14877
333.14845
333.14765
333.14621
333.14398
333.14097
333.13731
333.1331
333.12843
333.12331
333.11766
333.11128
333.10373
333.09389
333.07771
333.14865
333.14831
333.14746
333.14594
333.14363
333.14058
333.1369
333.13271
333.12807
333.12299
333.11738
333.11106
333.10356
333.09378
333.0777
333.14853
333.14816
333.14724
333.14565
333.14328
333.14019
333.1365
333.13232
333.12771
333.12267
333.11711
333.11084
333.10339
333.09368
333.07769
333.14839
333.14799
333.14702
333.14535
333.14292
333.13979
333.1361
333.13193
333.12736
333.12235
333.11684
333.11062
333.10322
333.09358
333.07768
333.14824
333.14781
333.14678
333.14504
333.14255
333.13939
333.1357
333.13155
333.12701
333.12204
333.11658
333.1104
333.10306
333.09348
333.07767
333.14807
333.14761
333.14652
333.14471
333.14217
333.139
333.1353
333.13118
333.12666
333.12174
333.11632
333.11019
333.1029
333.09338
333.07765
333.14789
333.1474
333.14626
333.14438
333.1418
333.1386
333.13491
333.13081
333.12633
333.12144
333.11606
333.10998
333.10275
333.09329
333.07764
333.14769
333.14718
333.14597
333.14404
333.14142
333.13821
333.13452
333.13044
333.12599
333.12115
333.11581
333.10978
333.10259
333.09319
333.07763
333.14748
333.14693
333.14568
333.14369
333.14103
333.13781
333.13414
333.13008
333.12566
333.12086
333.11556
333.10958
333.10244
333.0931
333.07762
333.14725
333.14667
333.14537
333.14333
333.14064
333.13742
333.13376
333.12972
333.12534
333.12057
333.11532
333.10938
333.10229
333.09301
333.07761
333.147
333.1464
333.14504
333.14297
333.14025
333.13702
333.13338
333.12937
333.12502
333.12029
333.11508
333.10918
333.10215
333.09292
333.0776
333.14673
333.1461
333.14471
333.14259
333.13986
333.13663
333.133
333.12902
333.1247
333.12001
333.11484
333.10899
333.102
333.09283
333.07759
333.14644
333.14579
333.14436
333.14221
333.13947
333.13624
333.13263
333.12867
333.12439
333.11974
333.11461
333.1088
333.10186
333.09274
333.07758
333.14613
333.14547
333.144
333.14183
333.13907
333.13585
333.13226
333.12833
333.12408
333.11947
333.11438
333.10861
333.10172
333.09265
333.07757
333.14581
333.14512
333.14363
333.14143
333.13867
333.13547
333.13189
333.128
333.12378
333.1192
333.11415
333.10843
333.10158
333.09256
333.07756
333.14546
333.14476
333.14325
333.14104
333.13828
333.13508
333.13153
333.12766
333.12348
333.11894
333.11393
333.10824
333.10144
333.09247
333.07754
333.1451
333.14439
333.14285
333.14064
333.13788
333.1347
333.13117
333.12733
333.12318
333.11868
333.11371
333.10806
333.1013
333.09239
333.07753
333.14472
333.144
333.14245
333.14023
333.13748
333.13431
333.13081
333.127
333.12289
333.11842
333.11349
333.10788
333.10117
333.0923
333.07751
333.14432
333.14359
333.14204
333.13982
333.13708
333.13393
333.13046
333.12668
333.1226
333.11817
333.11327
333.10771
333.10103
333.09222
333.0775
333.14391
333.14318
333.14162
333.13941
333.13668
333.13355
333.1301
333.12636
333.12231
333.11792
333.11306
333.10753
333.1009
333.09213
333.07748
333.14348
333.14275
333.1412
333.13899
333.13628
333.13318
333.12976
333.12604
333.12203
333.11767
333.11285
333.10736
333.10077
333.09205
333.07747
333.14303
333.14231
333.14076
333.13857
333.13588
333.1328
333.12941
333.12573
333.12175
333.11742
333.11264
333.10719
333.10064
333.09197
333.07745
333.14258
333.14186
333.14032
333.13815
333.13548
333.13243
333.12907
333.12542
333.12147
333.11718
333.11243
333.10702
333.10051
333.09188
333.07743
333.14212
333.1414
333.13988
333.13772
333.13508
333.13206
333.12872
333.12511
333.1212
333.11694
333.11223
333.10685
333.10038
333.0918
333.07741
333.14164
333.14093
333.13943
333.13729
333.13468
333.13168
333.12838
333.1248
333.12092
333.1167
333.11202
333.10669
333.10025
333.09172
333.07739
333.14116
333.14046
333.13897
333.13686
333.13428
333.13131
333.12805
333.1245
333.12065
333.11646
333.11182
333.10652
333.10013
333.09163
333.07737
333.14067
333.13998
333.13851
333.13643
333.13387
333.13095
333.12771
333.12419
333.12038
333.11623
333.11162
333.10636
333.1
333.09155
333.07735
333.14017
333.13949
333.13805
333.136
333.13347
333.13058
333.12738
333.12389
333.12012
333.116
333.11143
333.10619
333.09987
333.09147
333.07733
333.13967
333.13901
333.13759
333.13557
333.13308
333.13021
333.12705
333.1236
333.11985
333.11577
333.11123
333.10603
333.09975
333.09138
333.07731
333.13917
333.13852
333.13712
333.13513
333.13268
333.12985
333.12672
333.1233
333.11959
333.11554
333.11103
333.10587
333.09962
333.0913
333.07728
333.13867
333.13802
333.13666
333.1347
333.13228
333.12949
333.12639
333.12301
333.11933
333.11531
333.11084
333.10571
333.0995
333.09122
333.07725
333.13816
333.13753
333.13619
333.13427
333.13188
333.12913
333.12606
333.12272
333.11907
333.11509
333.11065
333.10555
333.09938
333.09113
333.07723
333.13765
333.13703
333.13572
333.13383
333.13148
333.12876
333.12574
333.12242
333.11882
333.11486
333.11046
333.10539
333.09925
333.09105
333.0772
333.13714
333.13654
333.13525
333.1334
333.13109
333.12841
333.12541
333.12214
333.11856
333.11464
333.11027
333.10523
333.09913
333.09096
333.07717
333.13664
333.13605
333.13479
333.13297
333.13069
333.12805
333.12509
333.12185
333.11831
333.11442
333.11008
333.10508
333.099
333.09088
333.07713
333.13613
333.13555
333.13432
333.13254
333.1303
333.12769
333.12477
333.12156
333.11805
333.1142
333.10989
333.10492
333.09888
333.09079
333.0771
333.13563
333.13506
333.13386
333.13211
333.1299
333.12734
333.12445
333.12128
333.1178
333.11398
333.1097
333.10476
333.09876
333.0907
333.07707
333.13512
333.13457
333.13339
333.13168
333.12951
333.12698
333.12413
333.12099
333.11755
333.11376
333.10951
333.10461
333.09863
333.09062
333.07703
333.13463
333.13409
333.13293
333.13125
333.12912
333.12663
333.12382
333.12071
333.1173
333.11354
333.10932
333.10445
333.09851
333.09053
333.07699
333.13413
333.13361
333.13247
333.13083
333.12874
333.12628
333.1235
333.12043
333.11705
333.11332
333.10914
333.10429
333.09838
333.09044
333.07695
333.13364
333.13313
333.13202
333.1304
333.12835
333.12593
333.12319
333.12015
333.11681
333.11311
333.10895
333.10414
333.09826
333.09035
333.07691
333.13315
333.13265
333.13157
333.12998
333.12796
333.12558
333.12288
333.11987
333.11656
333.11289
333.10877
333.10398
333.09813
333.09026
333.07687
333.13267
333.13218
333.13112
333.12957
333.12758
333.12523
333.12256
333.11959
333.11631
333.11268
333.10858
333.10383
333.09801
333.09017
333.07682
333.13219
333.13171
333.13067
333.12915
333.1272
333.12489
333.12225
333.11932
333.11607
333.11246
333.10839
333.10367
333.09788
333.09007
333.07678
333.13172
333.13125
333.13023
333.12874
333.12682
333.12455
333.12195
333.11904
333.11582
333.11225
333.10821
333.10351
333.09776
333.08998
333.07673
333.13125
333.13079
333.12979
333.12833
333.12645
333.1242
333.12164
333.11877
333.11558
333.11203
333.10802
333.10336
333.09763
333.08989
333.07668
333.13078
333.13033
333.12936
333.12792
333.12608
333.12387
333.12133
333.11849
333.11534
333.11182
333.10784
333.1032
333.0975
333.08979
333.07662
333.13032
333.12988
333.12893
333.12752
333.1257
333.12353
333.12103
333.11822
333.1151
333.11161
333.10765
333.10304
333.09737
333.08969
333.07657
333.12987
333.12944
333.1285
333.12712
333.12534
333.12319
333.12072
333.11795
333.11485
333.11139
333.10747
333.10288
333.09724
333.08959
333.07651
333.12942
333.129
333.12808
333.12673
333.12497
333.12286
333.12042
333.11768
333.11461
333.11118
333.10728
333.10273
333.09711
333.08949
333.07645
333.12897
333.12856
333.12766
333.12633
333.12461
333.12253
333.12012
333.11741
333.11437
333.11097
333.1071
333.10257
333.09698
333.08939
333.07639
333.12853
333.12813
333.12725
333.12595
333.12425
333.1222
333.11982
333.11714
333.11413
333.11076
333.10691
333.10241
333.09685
333.08929
333.07633
333.1281
333.1277
333.12684
333.12556
333.12389
333.12187
333.11953
333.11687
333.11389
333.11055
333.10673
333.10225
333.09671
333.08918
333.07626
333.12767
333.12728
333.12644
333.12518
333.12354
333.12155
333.11923
333.11661
333.11366
333.11033
333.10654
333.10209
333.09658
333.08908
333.0762
333.12725
333.12687
333.12604
333.1248
333.12319
333.12122
333.11894
333.11634
333.11342
333.11012
333.10636
333.10193
333.09644
333.08897
333.07613
333.12683
333.12645
333.12564
333.12443
333.12284
333.1209
333.11865
333.11608
333.11318
333.10991
333.10617
333.10177
333.09631
333.08886
333.07605
333.12641
333.12605
333.12525
333.12406
333.12249
333.12058
333.11836
333.11581
333.11295
333.1097
333.10599
333.10161
333.09617
333.08875
333.07598
333.12601
333.12565
333.12486
333.12369
333.12215
333.12027
333.11807
333.11555
333.11271
333.10949
333.1058
333.10144
333.09603
333.08864
333.0759
333.1256
333.12525
333.12448
333.12333
333.12181
333.11995
333.11778
333.11529
333.11247
333.10928
333.10561
333.10128
333.09589
333.08852
333.07582
333.1252
333.12486
333.1241
333.12297
333.12147
333.11964
333.11749
333.11503
333.11224
333.10907
333.10543
333.10112
333.09575
333.08841
333.07574
333.12481
333.12447
333.12373
333.12261
333.12114
333.11933
333.11721
333.11477
333.11201
333.10886
333.10524
333.10095
333.09561
333.08829
333.07566
333.12442
333.12409
333.12336
333.12226
333.12081
333.11903
333.11693
333.11452
333.11177
333.10865
333.10505
333.10079
333.09547
333.08817
333.07557
333.12404
333.12371
333.12299
333.12191
333.12048
333.11872
333.11665
333.11426
333.11154
333.10844
333.10486
333.10062
333.09532
333.08805
333.07548
333.12366
333.12334
333.12263
333.12156
333.12016
333.11842
333.11637
333.114
333.11131
333.10823
333.10468
333.10045
333.09518
333.08793
333.07539
333.12329
333.12297
333.12227
333.12122
333.11983
333.11812
333.11609
333.11375
333.11108
333.10802
333.10449
333.10029
333.09503
333.08781
333.0753
333.12292
333.1226
333.12192
333.12088
333.11951
333.11782
333.11582
333.1135
333.11085
333.10781
333.1043
333.10012
333.09488
333.08768
333.0752
333.12255
333.12224
333.12157
333.12055
333.1192
333.11753
333.11554
333.11325
333.11062
333.1076
333.10411
333.09995
333.09473
333.08755
333.07511
333.12219
333.12189
333.12122
333.12022
333.11888
333.11723
333.11527
333.11299
333.11039
333.10739
333.10392
333.09978
333.09458
333.08742
333.07501
333.12183
333.12154
333.12088
333.11989
333.11857
333.11694
333.115
333.11275
333.11016
333.10718
333.10373
333.09961
333.09443
333.08729
333.07491
333.12148
333.12119
333.12054
333.11957
333.11827
333.11665
333.11473
333.1125
333.10993
333.10698
333.10354
333.09944
333.09428
333.08716
333.0748
333.12113
333.12085
333.12021
333.11924
333.11796
333.11637
333.11446
333.11225
333.1097
333.10677
333.10335
333.09927
333.09413
333.08703
333.0747
333.12079
333.12051
333.11988
333.11893
333.11766
333.11608
333.1142
333.112
333.10947
333.10656
333.10316
333.09909
333.09397
333.0869
333.07459
333.12045
333.12017
333.11955
333.11861
333.11736
333.1158
333.11393
333.11176
333.10925
333.10635
333.10297
333.09892
333.09382
333.08676
333.07448
333.12012
333.11984
333.11923
333.1183
333.11706
333.11552
333.11367
333.11151
333.10902
333.10614
333.10278
333.09875
333.09366
333.08662
333.07437
333.11978
333.11951
333.11891
333.11799
333.11677
333.11524
333.11341
333.11127
333.1088
333.10593
333.10259
333.09857
333.0935
333.08648
333.07425
333.11946
333.11919
333.11859
333.11769
333.11648
333.11496
333.11315
333.11103
333.10857
333.10573
333.1024
333.0984
333.09335
333.08634
333.07414
333.11913
333.11887
333.11828
333.11738
333.11619
333.11469
333.11289
333.11079
333.10835
333.10552
333.10221
333.09822
333.09319
333.0862
333.07402
333.11881
333.11855
333.11797
333.11708
333.1159
333.11442
333.11264
333.11055
333.10812
333.10531
333.10202
333.09805
333.09303
333.08606
333.0739
333.11849
333.11823
333.11766
333.11679
333.11562
333.11415
333.11238
333.11031
333.1079
333.1051
333.10182
333.09787
333.09286
333.08591
333.07378
333.11818
333.11792
333.11736
333.11649
333.11533
333.11388
333.11213
333.11007
333.10768
333.1049
333.10163
333.09769
333.0927
333.08577
333.07365
333.11787
333.11762
333.11706
333.1162
333.11505
333.11361
333.11188
333.10983
333.10746
333.10469
333.10144
333.09751
333.09254
333.08562
333.07353
333.11756
333.11731
333.11676
333.11591
333.11478
333.11335
333.11163
333.1096
333.10724
333.10448
333.10125
333.09734
333.09237
333.08547
333.0734
333.11726
333.11701
333.11646
333.11563
333.1145
333.11309
333.11138
333.10936
333.10701
333.10428
333.10105
333.09716
333.09221
333.08532
333.07327
333.11696
333.11671
333.11617
333.11534
333.11423
333.11283
333.11113
333.10913
333.10679
333.10407
333.10086
333.09698
333.09204
333.08517
333.07314
333.11666
333.11642
333.11588
333.11506
333.11396
333.11257
333.11088
333.1089
333.10657
333.10386
333.10067
333.0968
333.09188
333.08502
333.07301
333.11637
333.11613
333.11559
333.11478
333.11369
333.11231
333.11064
333.10866
333.10636
333.10366
333.10047
333.09662
333.09171
333.08487
333.07288
333.11608
333.11584
333.11531
333.11451
333.11342
333.11205
333.1104
333.10843
333.10614
333.10345
333.10028
333.09643
333.09154
333.08471
333.07274
333.11579
333.11555
333.11503
333.11423
333.11316
333.1118
333.11015
333.1082
333.10592
333.10325
333.10009
333.09625
333.09137
333.08456
333.0726
333.1155
333.11527
333.11475
333.11396
333.11289
333.11155
333.10991
333.10797
333.1057
333.10304
333.09989
333.09607
333.0912
333.0844
333.07247
333.11522
333.11499
333.11447
333.11369
333.11263
333.1113
333.10967
333.10774
333.10548
333.10284
333.0997
333.09589
333.09103
333.08424
333.07233
333.11494
333.11471
333.1142
333.11342
333.11237
333.11105
333.10943
333.10752
333.10527
333.10263
333.0995
333.0957
333.09086
333.08408
333.07219
333.11466
333.11443
333.11393
333.11316
333.11212
333.1108
333.1092
333.10729
333.10505
333.10242
333.09931
333.09552
333.09069
333.08392
333.07204
333.11438
333.11416
333.11366
333.11289
333.11186
333.11055
333.10896
333.10706
333.10484
333.10222
333.09911
333.09534
333.09051
333.08376
333.0719
333.11411
333.11389
333.11339
333.11263
333.11161
333.11031
333.10872
333.10684
333.10462
333.10201
333.09892
333.09515
333.09034
333.0836
333.07176
333.11384
333.11362
333.11313
333.11237
333.11135
333.11006
333.10849
333.10661
333.10441
333.10181
333.09873
333.09497
333.09016
333.08344
333.07161
333.11357
333.11335
333.11286
333.11212
333.1111
333.10982
333.10826
333.10639
333.10419
333.10161
333.09853
333.09478
333.08999
333.08327
333.07146
333.1133
333.11309
333.1126
333.11186
333.11086
333.10958
333.10802
333.10617
333.10398
333.1014
333.09834
333.0946
333.08981
333.08311
333.07131
333.11304
333.11282
333.11234
333.11161
333.11061
333.10934
333.10779
333.10594
333.10376
333.1012
333.09814
333.09441
333.08964
333.08295
333.07116
333.11278
333.11256
333.11209
333.11135
333.11036
333.1091
333.10756
333.10572
333.10355
333.10099
333.09794
333.09422
333.08946
333.08278
333.07101
333.11252
333.1123
333.11183
333.1111
333.11012
333.10887
333.10733
333.1055
333.10334
333.10079
333.09775
333.09404
333.08928
333.08261
333.07086
333.11226
333.11205
333.11158
333.11086
333.10988
333.10863
333.1071
333.10528
333.10313
333.10058
333.09755
333.09385
333.08911
333.08245
333.07071
333.112
333.11179
333.11133
333.11061
333.10963
333.10839
333.10688
333.10506
333.10292
333.10038
333.09736
333.09366
333.08893
333.08228
333.07055
333.11175
333.11154
333.11108
333.11036
333.10939
333.10816
333.10665
333.10484
333.1027
333.10018
333.09716
333.09348
333.08875
333.08211
333.0704
333.1115
333.11129
333.11083
333.11012
333.10916
333.10793
333.10642
333.10462
333.10249
333.09997
333.09697
333.09329
333.08857
333.08194
333.07024
333.11125
333.11104
333.11058
333.10988
333.10892
333.1077
333.1062
333.10441
333.10228
333.09977
333.09677
333.0931
333.08839
333.08177
333.07009
333.111
333.11079
333.11034
333.10964
333.10868
333.10747
333.10598
333.10419
333.10207
333.09957
333.09657
333.09291
333.08821
333.0816
333.06993
333.11075
333.11055
333.11009
333.1094
333.10845
333.10724
333.10575
333.10397
333.10186
333.09936
333.09638
333.09272
333.08803
333.08143
333.06977
333.11051
333.1103
333.10985
333.10916
333.10821
333.10701
333.10553
333.10376
333.10165
333.09916
333.09618
333.09253
333.08785
333.08125
333.06961
333.11026
333.11006
333.10961
333.10892
333.10798
333.10678
333.10531
333.10354
333.10144
333.09896
333.09599
333.09234
333.08766
333.08108
333.06945
333.11002
333.10982
333.10937
333.10868
333.10775
333.10655
333.10509
333.10332
333.10123
333.09875
333.09579
333.09215
333.08748
333.08091
333.06929
333.10978
333.10958
333.10913
333.10845
333.10752
333.10633
333.10487
333.10311
333.10102
333.09855
333.09559
333.09196
333.0873
333.08073
333.06913
333.10954
333.10934
333.1089
333.10822
333.10729
333.1061
333.10465
333.1029
333.10082
333.09835
333.0954
333.09178
333.08712
333.08056
333.06896
333.1093
333.1091
333.10866
333.10798
333.10706
333.10588
333.10443
333.10268
333.10061
333.09815
333.0952
333.09159
333.08693
333.08038
333.0688
333.10906
333.10887
333.10843
333.10775
333.10683
333.10566
333.10421
333.10247
333.1004
333.09795
333.095
333.09139
333.08675
333.08021
333.06863
333.10883
333.10863
333.1082
333.10752
333.10661
333.10543
333.10399
333.10226
333.10019
333.09774
333.09481
333.0912
333.08657
333.08003
333.06847
333.10859
333.1084
333.10796
333.10729
333.10638
333.10521
333.10377
333.10204
333.09998
333.09754
333.09461
333.09101
333.08638
333.07986
333.0683
333.10836
333.10817
333.10773
333.10707
333.10616
333.10499
333.10356
333.10183
333.09978
333.09734
333.09441
333.09082
333.0862
333.07968
333.06814
333.10813
333.10794
333.1075
333.10684
333.10593
333.10477
333.10334
333.10162
333.09957
333.09714
333.09422
333.09063
333.08601
333.0795
333.06797
333.1079
333.10771
333.10728
333.10661
333.10571
333.10455
333.10313
333.10141
333.09936
333.09694
333.09402
333.09044
333.08583
333.07933
333.0678
333.10767
333.10748
333.10705
333.10639
333.10549
333.10433
333.10291
333.1012
333.09916
333.09673
333.09383
333.09025
333.08564
333.07915
333.06763
333.10744
333.10725
333.10682
333.10616
333.10527
333.10412
333.1027
333.10099
333.09895
333.09653
333.09363
333.09006
333.08546
333.07897
333.06746
333.10721
333.10702
333.1066
333.10594
333.10504
333.1039
333.10248
333.10078
333.09875
333.09633
333.09343
333.08987
333.08527
333.07879
333.06729
333.10699
333.1068
333.10637
333.10572
333.10482
333.10368
333.10227
333.10057
333.09854
333.09613
333.09324
333.08968
333.08509
333.07861
333.06712
333.10676
333.10657
333.10615
333.1055
333.10461
333.10346
333.10206
333.10036
333.09834
333.09593
333.09304
333.08948
333.0849
333.07843
333.06695
333.10654
333.10635
333.10593
333.10528
333.10439
333.10325
333.10184
333.10015
333.09813
333.09573
333.09284
333.08929
333.08472
333.07825
333.06678
333.10631
333.10612
333.1057
333.10506
333.10417
333.10303
333.10163
333.09994
333.09793
333.09553
333.09265
333.0891
333.08453
333.07807
333.06661
333.10609
333.1059
333.10548
333.10484
333.10395
333.10282
333.10142
333.09973
333.09772
333.09533
333.09245
333.08891
333.08434
333.07789
333.06644
333.10587
333.10568
333.10526
333.10462
333.10374
333.10261
333.10121
333.09953
333.09752
333.09513
333.09225
333.08872
333.08415
333.07771
333.06626
333.10565
333.10546
333.10504
333.1044
333.10352
333.10239
333.101
333.09932
333.09731
333.09493
333.09206
333.08852
333.08397
333.07753
333.06609
333.10543
333.10524
333.10482
333.10418
333.1033
333.10218
333.10079
333.09911
333.09711
333.09473
333.09186
333.08833
333.08378
333.07735
333.06592
333.10521
333.10502
333.10461
333.10397
333.10309
333.10197
333.10058
333.0989
333.09691
333.09453
333.09166
333.08814
333.08359
333.07716
333.06574
333.10499
333.1048
333.10439
333.10375
333.10288
333.10175
333.10037
333.0987
333.0967
333.09432
333.09147
333.08795
333.08341
333.07698
333.06557
333.10477
333.10458
333.10417
333.10353
333.10266
333.10154
333.10016
333.09849
333.0965
333.09412
333.09127
333.08776
333.08322
333.0768
333.06539
333.10455
333.10437
333.10396
333.10332
333.10245
333.10133
333.09995
333.09828
333.0963
333.09392
333.09107
333.08756
333.08303
333.07662
333.06522
333.10434
333.10415
333.10374
333.1031
333.10224
333.10112
333.09974
333.09808
333.09609
333.09372
333.09088
333.08737
333.08284
333.07643
333.06504
333.10412
333.10394
333.10353
333.10289
333.10202
333.10091
333.09954
333.09787
333.09589
333.09353
333.09068
333.08718
333.08265
333.07625
333.06486
333.1039
333.10372
333.10331
333.10268
333.10181
333.1007
333.09933
333.09767
333.09569
333.09333
333.09048
333.08699
333.08246
333.07607
333.06469
333.10369
333.10351
333.1031
333.10247
333.1016
333.10049
333.09912
333.09746
333.09548
333.09313
333.09029
333.08679
333.08228
333.07588
333.06451
333.10348
333.10329
333.10288
333.10225
333.10139
333.10028
333.09891
333.09726
333.09528
333.09293
333.09009
333.0866
333.08209
333.0757
333.06433
333.10326
333.10308
333.10267
333.10204
333.10118
333.10007
333.09871
333.09705
333.09508
333.09273
333.0899
333.08641
333.0819
333.07552
333.06415
333.10305
333.10287
333.10246
333.10183
333.10097
333.09987
333.0985
333.09685
333.09488
333.09253
333.0897
333.08621
333.08171
333.07533
333.06397
333.10284
333.10265
333.10225
333.10162
333.10076
333.09966
333.09829
333.09664
333.09468
333.09233
333.0895
333.08602
333.08152
333.07515
333.06379
333.10262
333.10244
333.10204
333.10141
333.10055
333.09945
333.09809
333.09644
333.09447
333.09213
333.08931
333.08583
333.08133
333.07496
333.06361
333.10241
333.10223
333.10182
333.1012
333.10034
333.09924
333.09788
333.09624
333.09427
333.09193
333.08911
333.08563
333.08114
333.07478
333.06343
333.1022
333.10202
333.10161
333.10099
333.10013
333.09904
333.09768
333.09603
333.09407
333.09173
333.08891
333.08544
333.08095
333.07459
333.06325
333.10199
333.10181
333.1014
333.10078
333.09993
333.09883
333.09747
333.09583
333.09387
333.09153
333.08872
333.08525
333.08076
333.07441
333.06307
333.10178
333.1016
333.10119
333.10057
333.09972
333.09862
333.09727
333.09563
333.09367
333.09133
333.08852
333.08506
333.08057
333.07422
333.06289
333.10157
333.10139
333.10099
333.10036
333.09951
333.09842
333.09706
333.09542
333.09347
333.09114
333.08833
333.08486
333.08038
333.07403
333.06271
333.10136
333.10118
333.10078
333.10015
333.0993
333.09821
333.09686
333.09522
333.09327
333.09094
333.08813
333.08467
333.08019
333.07385
333.06253
333.10115
333.10097
333.10057
333.09995
333.0991
333.098
333.09665
333.09502
333.09307
333.09074
333.08793
333.08448
333.08
333.07366
333.06235
333.10094
333.10076
333.10036
333.09974
333.09889
333.0978
333.09645
333.09482
333.09287
333.09054
333.08774
333.08428
333.07981
333.07347
333.06217
333.10073
333.10055
333.10015
333.09953
333.09868
333.09759
333.09624
333.09461
333.09267
333.09034
333.08754
333.08409
333.07962
333.07329
333.06198
333.10052
333.10034
333.09994
333.09933
333.09848
333.09739
333.09604
333.09441
333.09246
333.09014
333.08735
333.0839
333.07943
333.0731
333.0618
333.10032
333.10014
333.09974
333.09912
333.09827
333.09718
333.09584
333.09421
333.09226
333.08994
333.08715
333.0837
333.07924
333.07291
333.06162
333.10011
333.09993
333.09953
333.09891
333.09807
333.09698
333.09563
333.09401
333.09206
333.08975
333.08695
333.08351
333.07905
333.07273
333.06143
333.0999
333.09972
333.09932
333.09871
333.09786
333.09677
333.09543
333.09381
333.09186
333.08955
333.08676
333.08332
333.07886
333.07254
333.06125
333.0997
333.09952
333.09912
333.0985
333.09766
333.09657
333.09523
333.0936
333.09166
333.08935
333.08656
333.08312
333.07867
333.07235
333.06106
333.09949
333.09931
333.09891
333.09829
333.09745
333.09637
333.09502
333.0934
333.09146
333.08915
333.08637
333.08293
333.07848
333.07216
333.06088
333.09928
333.0991
333.09871
333.09809
333.09725
333.09616
333.09482
333.0932
333.09126
333.08895
333.08617
333.08274
333.07829
333.07198
333.06069
333.09908
333.0989
333.0985
333.09788
333.09704
333.09596
333.09462
333.093
333.09107
333.08876
333.08598
333.08254
333.0781
333.07179
333.06051
333.09887
333.09869
333.09829
333.09768
333.09684
333.09576
333.09442
333.0928
333.09087
333.08856
333.08578
333.08235
333.07791
333.0716
333.06032
333.09866
333.09849
333.09809
333.09747
333.09663
333.09555
333.09422
333.0926
333.09067
333.08836
333.08558
333.08216
333.07772
333.07141
333.06014
333.09846
333.09828
333.09788
333.09727
333.09643
333.09535
333.09401
333.0924
333.09047
333.08816
333.08539
333.08196
333.07752
333.07122
333.05995
333.09825
333.09808
333.09768
333.09707
333.09623
333.09515
333.09381
333.0922
333.09027
333.08797
333.08519
333.08177
333.07733
333.07103
333.05976
333.09805
333.09787
333.09748
333.09686
333.09602
333.09494
333.09361
333.092
333.09007
333.08777
333.085
333.08157
333.07714
333.07084
333.05958
333.09784
333.09767
333.09727
333.09666
333.09582
333.09474
333.09341
333.0918
333.08987
333.08757
333.0848
333.08138
333.07695
333.07065
333.05939
333.09764
333.09746
333.09707
333.09645
333.09562
333.09454
333.09321
333.0916
333.08967
333.08737
333.08461
333.08119
333.07676
333.07046
333.0592
333.09744
333.09726
333.09686
333.09625
333.09541
333.09434
333.09301
333.0914
333.08947
333.08718
333.08441
333.08099
333.07657
333.07027
333.05901
333.09723
333.09705
333.09666
333.09605
333.09521
333.09413
333.0928
333.0912
333.08927
333.08698
333.08421
333.0808
333.07637
333.07008
333.05883
333.09703
333.09685
333.09646
333.09584
333.09501
333.09393
333.0926
333.091
333.08907
333.08678
333.08402
333.08061
333.07618
333.06989
333.05864
333.09682
333.09665
333.09625
333.09564
333.09481
333.09373
333.0924
333.0908
333.08888
333.08658
333.08382
333.08041
333.07599
333.0697
333.05845
333.09662
333.09644
333.09605
333.09544
333.0946
333.09353
333.0922
333.0906
333.08868
333.08639
333.08363
333.08022
333.0758
333.06951
333.05826
333.09642
333.09624
333.09585
333.09524
333.0944
333.09333
333.092
333.0904
333.08848
333.08619
333.08343
333.08002
333.07561
333.06932
333.05807
333.09621
333.09604
333.09564
333.09503
333.0942
333.09313
333.0918
333.0902
333.08828
333.08599
333.08324
333.07983
333.07541
333.06913
333.05788
333.09601
333.09583
333.09544
333.09483
333.094
333.09292
333.0916
333.09
333.08808
333.0858
333.08304
333.07964
333.07522
333.06894
333.05769
333.09581
333.09563
333.09524
333.09463
333.09379
333.09272
333.0914
333.0898
333.08788
333.0856
333.08284
333.07944
333.07503
333.06875
333.0575
333.09561
333.09543
333.09503
333.09443
333.09359
333.09252
333.0912
333.0896
333.08768
333.0854
333.08265
333.07925
333.07484
333.06856
333.05731
333.0954
333.09523
333.09483
333.09422
333.09339
333.09232
333.091
333.0894
333.08749
333.0852
333.08245
333.07905
333.07464
333.06837
333.05712
333.0952
333.09502
333.09463
333.09402
333.09319
333.09212
333.0908
333.0892
333.08729
333.08501
333.08226
333.07886
333.07445
333.06818
333.05692
333.095
333.09482
333.09443
333.09382
333.09299
333.09192
333.0906
333.089
333.08709
333.08481
333.08206
333.07866
333.07426
333.06798
333.05673
333.0948
333.09462
333.09423
333.09362
333.09279
333.09172
333.0904
333.0888
333.08689
333.08461
333.08187
333.07847
333.07406
333.06779
333.05654
333.09459
333.09442
333.09402
333.09342
333.09259
333.09152
333.0902
333.0886
333.08669
333.08442
333.08167
333.07828
333.07387
333.0676
333.05635
333.09439
333.09421
333.09382
333.09322
333.09238
333.09132
333.09
333.0884
333.0865
333.08422
333.08147
333.07808
333.07368
333.06741
333.05615
333.09419
333.09401
333.09362
333.09301
333.09218
333.09112
333.0898
333.0882
333.0863
333.08402
333.08128
333.07789
333.07348
333.06721
333.05596
333.09399
333.09381
333.09342
333.09281
333.09198
333.09092
333.0896
333.088
333.0861
333.08383
333.08108
333.07769
333.07329
333.06702
333.05577
333.09379
333.09361
333.09322
333.09261
333.09178
333.09072
333.0894
333.08781
333.0859
333.08363
333.08089
333.0775
333.0731
333.06683
333.05557
333.09358
333.09341
333.09302
333.09241
333.09158
333.09052
333.0892
333.08761
333.0857
333.08343
333.08069
333.0773
333.0729
333.06663
333.05538
333.09338
333.09321
333.09281
333.09221
333.09138
333.09032
333.089
333.08741
333.08551
333.08323
333.0805
333.07711
333.07271
333.06644
333.05518
333.09318
333.093
333.09261
333.09201
333.09118
333.09012
333.0888
333.08721
333.08531
333.08304
333.0803
333.07691
333.07251
333.06625
333.05499
333.09298
333.0928
333.09241
333.09181
333.09098
333.08992
333.0886
333.08701
333.08511
333.08284
333.0801
333.07672
333.07232
333.06605
333.05479
333.09278
333.0926
333.09221
333.09161
333.09078
333.08972
333.0884
333.08681
333.08491
333.08264
333.07991
333.07652
333.07213
333.06586
333.0546
333.09258
333.0924
333.09201
333.09141
333.09058
333.08952
333.0882
333.08661
333.08471
333.08245
333.07971
333.07633
333.07193
333.06566
333.0544
333.09238
333.0922
333.09181
333.09121
333.09038
333.08932
333.088
333.08641
333.08452
333.08225
333.07952
333.07613
333.07174
333.06547
333.0542
333.09217
333.092
333.09161
333.091
333.09018
333.08912
333.0878
333.08622
333.08432
333.08205
333.07932
333.07594
333.07154
333.06527
333.05401
333.09197
333.0918
333.09141
333.0908
333.08998
333.08892
333.0876
333.08602
333.08412
333.08186
333.07912
333.07574
333.07135
333.06508
333.05381
333.09177
333.0916
333.09121
333.0906
333.08978
333.08872
333.08741
333.08582
333.08392
333.08166
333.07893
333.07555
333.07115
333.06488
333.05361
333.09157
333.0914
333.09101
333.0904
333.08958
333.08852
333.08721
333.08562
333.08373
333.08146
333.07873
333.07535
333.07096
333.06469
333.05341
333.09137
333.0912
333.09081
333.0902
333.08938
333.08832
333.08701
333.08542
333.08353
333.08127
333.07853
333.07515
333.07076
333.06449
333.05321
333.09117
333.091
333.09061
333.09
333.08918
333.08812
333.08681
333.08522
333.08333
333.08107
333.07834
333.07496
333.07056
333.06429
333.05301
333.09097
333.09079
333.09041
333.0898
333.08898
333.08792
333.08661
333.08503
333.08313
333.08087
333.07814
333.07476
333.07037
333.0641
333.05281
333.09077
333.09059
333.0902
333.0896
333.08878
333.08772
333.08641
333.08483
333.08294
333.08067
333.07795
333.07457
333.07017
333.0639
333.05261
333.09057
333.09039
333.09
333.0894
333.08858
333.08752
333.08621
333.08463
333.08274
333.08048
333.07775
333.07437
333.06998
333.0637
333.05241
333.09037
333.09019
333.0898
333.0892
333.08838
333.08732
333.08601
333.08443
333.08254
333.08028
333.07755
333.07417
333.06978
333.06351
333.05221
333.09017
333.08999
333.0896
333.089
333.08818
333.08712
333.08581
333.08423
333.08234
333.08008
333.07736
333.07398
333.06958
333.06331
333.05201
333.08997
333.08979
333.0894
333.0888
333.08798
333.08692
333.08562
333.08403
333.08214
333.07989
333.07716
333.07378
333.06939
333.06311
333.05181
333.08977
333.08959
333.0892
333.0886
333.08778
333.08672
333.08542
333.08384
333.08195
333.07969
333.07696
333.07358
333.06919
333.06291
333.05161
333.08957
333.08939
333.089
333.0884
333.08758
333.08652
333.08522
333.08364
333.08175
333.07949
333.07676
333.07339
333.06899
333.06271
333.05141
333.08937
333.08919
333.0888
333.0882
333.08738
333.08633
333.08502
333.08344
333.08155
333.07929
333.07657
333.07319
333.06879
333.06251
333.0512
333.08917
333.08899
333.0886
333.088
333.08718
333.08613
333.08482
333.08324
333.08135
333.0791
333.07637
333.07299
333.0686
333.06232
333.051
333.08897
333.08879
333.0884
333.0878
333.08698
333.08593
333.08462
333.08304
333.08116
333.0789
333.07617
333.0728
333.0684
333.06212
333.05079
333.08877
333.08859
333.0882
333.0876
333.08678
333.08573
333.08442
333.08285
333.08096
333.0787
333.07598
333.0726
333.0682
333.06192
333.05059
333.08857
333.08839
333.088
333.08741
333.08658
333.08553
333.08422
333.08265
333.08076
333.0785
333.07578
333.0724
333.068
333.06172
333.05039
333.08837
333.08819
333.08781
333.08721
333.08638
333.08533
333.08403
333.08245
333.08056
333.07831
333.07558
333.0722
333.0678
333.06152
333.05018
333.08817
333.08799
333.08761
333.08701
333.08619
333.08513
333.08383
333.08225
333.08036
333.07811
333.07538
333.07201
333.06761
333.06132
333.04997
333.08797
333.08779
333.08741
333.08681
333.08599
333.08493
333.08363
333.08205
333.08017
333.07791
333.07519
333.07181
333.06741
333.06111
333.04977
333.08777
333.08759
333.08721
333.08661
333.08579
333.08473
333.08343
333.08185
333.07997
333.07771
333.07499
333.07161
333.06721
333.06091
333.04956
333.08757
333.08739
333.08701
333.08641
333.08559
333.08453
333.08323
333.08166
333.07977
333.07751
333.07479
333.07141
333.06701
333.06071
333.04935
333.08737
333.08719
333.08681
333.08621
333.08539
333.08434
333.08303
333.08146
333.07957
333.07732
333.07459
333.07121
333.06681
333.06051
333.04915
333.08717
333.08699
333.08661
333.08601
333.08519
333.08414
333.08283
333.08126
333.07937
333.07712
333.07439
333.07101
333.06661
333.06031
333.04894
333.08697
333.08679
333.08641
333.08581
333.08499
333.08394
333.08264
333.08106
333.07917
333.07692
333.0742
333.07081
333.06641
333.06011
333.04873
333.08677
333.0866
333.08621
333.08561
333.08479
333.08374
333.08244
333.08086
333.07898
333.07672
333.074
333.07062
333.06621
333.0599
333.04852
333.08657
333.0864
333.08601
333.08541
333.08459
333.08354
333.08224
333.08066
333.07878
333.07652
333.0738
333.07042
333.06601
333.0597
333.04831
333.08637
333.0862
333.08581
333.08521
333.08439
333.08334
333.08204
333.08046
333.07858
333.07633
333.0736
333.07022
333.06581
333.0595
333.0481
333.08617
333.086
333.08561
333.08501
333.08419
333.08314
333.08184
333.08027
333.07838
333.07613
333.0734
333.07002
333.06561
333.05929
333.04789
333.08597
333.0858
333.08541
333.08481
333.08399
333.08294
333.08164
333.08007
333.07818
333.07593
333.0732
333.06982
333.06541
333.05909
333.04767
333.08577
333.0856
333.08521
333.08461
333.0838
333.08274
333.08144
333.07987
333.07798
333.07573
333.073
333.06962
333.0652
333.05888
333.04746
333.08557
333.0854
333.08501
333.08441
333.0836
333.08255
333.08124
333.07967
333.07779
333.07553
333.0728
333.06942
333.065
333.05868
333.04725
333.08537
333.0852
333.08481
333.08422
333.0834
333.08235
333.08105
333.07947
333.07759
333.07533
333.0726
333.06922
333.0648
333.05847
333.04704
333.08517
333.085
333.08461
333.08402
333.0832
333.08215
333.08085
333.07927
333.07739
333.07513
333.0724
333.06902
333.0646
333.05827
333.04682
333.08497
333.0848
333.08441
333.08382
333.083
333.08195
333.08065
333.07907
333.07719
333.07493
333.0722
333.06882
333.06439
333.05806
333.04661
333.08477
333.0846
333.08422
333.08362
333.0828
333.08175
333.08045
333.07887
333.07699
333.07473
333.072
333.06861
333.06419
333.05785
333.04639
333.08457
333.0844
333.08402
333.08342
333.0826
333.08155
333.08025
333.07868
333.07679
333.07453
333.0718
333.06841
333.06399
333.05765
333.04617
333.08438
333.0842
333.08382
333.08322
333.0824
333.08135
333.08005
333.07848
333.07659
333.07433
333.0716
333.06821
333.06378
333.05744
333.04596
333.08418
333.084
333.08362
333.08302
333.0822
333.08115
333.07985
333.07828
333.07639
333.07414
333.0714
333.06801
333.06358
333.05723
333.04574
333.08398
333.0838
333.08342
333.08282
333.082
333.08095
333.07965
333.07808
333.07619
333.07394
333.0712
333.06781
333.06338
333.05702
333.04552
333.08378
333.0836
333.08322
333.08262
333.0818
333.08075
333.07945
333.07788
333.07599
333.07374
333.071
333.06761
333.06317
333.05681
333.0453
333.08358
333.0834
333.08302
333.08242
333.08161
333.08055
333.07925
333.07768
333.07579
333.07353
333.0708
333.0674
333.06297
333.0566
333.04508
333.08338
333.08321
333.08282
333.08222
333.08141
333.08036
333.07906
333.07748
333.07559
333.07333
333.0706
333.0672
333.06276
333.05639
333.04486
333.08318
333.08301
333.08262
333.08202
333.08121
333.08016
333.07886
333.07728
333.07539
333.07313
333.0704
333.067
333.06256
333.05618
333.04464
333.08298
333.08281
333.08242
333.08182
333.08101
333.07996
333.07866
333.07708
333.07519
333.07293
333.0702
333.06679
333.06235
333.05597
333.04442
333.08278
333.08261
333.08222
333.08163
333.08081
333.07976
333.07846
333.07688
333.07499
333.07273
333.06999
333.06659
333.06214
333.05576
333.0442
333.08258
333.08241
333.08202
333.08143
333.08061
333.07956
333.07826
333.07668
333.07479
333.07253
333.06979
333.06639
333.06194
333.05555
333.04398
333.08238
333.08221
333.08182
333.08123
333.08041
333.07936
333.07806
333.07648
333.07459
333.07233
333.06959
333.06618
333.06173
333.05534
333.04375
333.08218
333.08201
333.08162
333.08103
333.08021
333.07916
333.07786
333.07628
333.07439
333.07213
333.06939
333.06598
333.06152
333.05512
333.04353
333.08198
333.08181
333.08142
333.08083
333.08001
333.07896
333.07766
333.07608
333.07419
333.07193
333.06919
333.06577
333.06131
333.05491
333.0433
333.08178
333.08161
333.08122
333.08063
333.07981
333.07876
333.07746
333.07588
333.07399
333.07173
333.06898
333.06557
333.06111
333.0547
333.04308
333.08158
333.08141
333.08103
333.08043
333.07961
333.07856
333.07726
333.07568
333.07379
333.07152
333.06878
333.06536
333.0609
333.05448
333.04285
333.08138
333.08121
333.08083
333.08023
333.07941
333.07836
333.07706
333.07548
333.07359
333.07132
333.06858
333.06516
333.06069
333.05427
333.04262
333.08119
333.08101
333.08063
333.08003
333.07921
333.07816
333.07686
333.07528
333.07339
333.07112
333.06837
333.06495
333.06048
333.05405
333.0424
333.08099
333.08081
333.08043
333.07983
333.07901
333.07796
333.07666
333.07508
333.07319
333.07092
333.06817
333.06475
333.06027
333.05384
333.04217
333.08079
333.08061
333.08023
333.07963
333.07881
333.07776
333.07646
333.07488
333.07299
333.07072
333.06796
333.06454
333.06006
333.05362
333.04194
333.08059
333.08041
333.08003
333.07943
333.07861
333.07756
333.07626
333.07468
333.07278
333.07051
333.06776
333.06433
333.05985
333.0534
333.04171
333.08039
333.08021
333.07983
333.07923
333.07841
333.07736
333.07606
333.07448
333.07258
333.07031
333.06755
333.06413
333.05964
333.05319
333.04147
333.08019
333.08001
333.07963
333.07903
333.07821
333.07716
333.07586
333.07428
333.07238
333.07011
333.06735
333.06392
333.05943
333.05297
333.04124
333.07999
333.07981
333.07943
333.07883
333.07801
333.07696
333.07566
333.07407
333.07218
333.0699
333.06714
333.06371
333.05922
333.05275
333.04101
333.07979
333.07961
333.07923
333.07863
333.07781
333.07676
333.07545
333.07387
333.07197
333.0697
333.06694
333.0635
333.059
333.05253
333.04077
333.07959
333.07941
333.07903
333.07843
333.07761
333.07656
333.07525
333.07367
333.07177
333.0695
333.06673
333.06329
333.05879
333.05231
333.04054
333.07939
333.07921
333.07883
333.07823
333.07741
333.07636
333.07505
333.07347
333.07157
333.06929
333.06653
333.06308
333.05858
333.05209
333.0403
333.07919
333.07901
333.07863
333.07803
333.07721
333.07616
333.07485
333.07327
333.07137
333.06909
333.06632
333.06288
333.05836
333.05187
333.04006
333.07899
333.07881
333.07843
333.07783
333.07701
333.07596
333.07465
333.07306
333.07116
333.06888
333.06611
333.06267
333.05815
333.05165
333.03983
333.07879
333.07861
333.07823
333.07763
333.07681
333.07576
333.07445
333.07286
333.07096
333.06868
333.06591
333.06246
333.05793
333.05142
333.03959
333.07859
333.07841
333.07803
333.07743
333.07661
333.07555
333.07425
333.07266
333.07076
333.06847
333.0657
333.06225
333.05772
333.0512
333.03935
333.07839
333.07821
333.07783
333.07723
333.07641
333.07535
333.07404
333.07246
333.07055
333.06827
333.06549
333.06203
333.0575
333.05098
333.0391
333.07819
333.07801
333.07763
333.07703
333.07621
333.07515
333.07384
333.07225
333.07035
333.06806
333.06528
333.06182
333.05729
333.05075
333.03886
333.07799
333.07781
333.07743
333.07683
333.07601
333.07495
333.07364
333.07205
333.07014
333.06786
333.06508
333.06161
333.05707
333.05053
333.03862
333.07779
333.07761
333.07723
333.07663
333.07581
333.07475
333.07344
333.07185
333.06994
333.06765
333.06487
333.0614
333.05685
333.0503
333.03837
333.07759
333.07741
333.07703
333.07643
333.0756
333.07455
333.07324
333.07165
333.06974
333.06744
333.06466
333.06119
333.05664
333.05007
333.03813
333.07739
333.07721
333.07683
333.07623
333.0754
333.07435
333.07303
333.07144
333.06953
333.06724
333.06445
333.06097
333.05642
333.04985
333.03788
333.07719
333.07701
333.07662
333.07602
333.0752
333.07414
333.07283
333.07124
333.06933
333.06703
333.06424
333.06076
333.0562
333.04962
333.03763
333.07699
333.07681
333.07642
333.07582
333.075
333.07394
333.07263
333.07103
333.06912
333.06682
333.06403
333.06055
333.05598
333.04939
333.03738
333.07678
333.07661
333.07622
333.07562
333.0748
333.07374
333.07242
333.07083
333.06891
333.06661
333.06382
333.06033
333.05576
333.04916
333.03713
333.07658
333.07641
333.07602
333.07542
333.0746
333.07354
333.07222
333.07062
333.06871
333.06641
333.06361
333.06012
333.05554
333.04893
333.03688
333.07638
333.07621
333.07582
333.07522
333.07439
333.07333
333.07202
333.07042
333.0685
333.0662
333.0634
333.0599
333.05532
333.0487
333.03663
333.07618
333.07601
333.07562
333.07502
333.07419
333.07313
333.07181
333.07022
333.0683
333.06599
333.06319
333.05969
333.05509
333.04846
333.03637
333.07598
333.07581
333.07542
333.07482
333.07399
333.07293
333.07161
333.07001
333.06809
333.06578
333.06297
333.05947
333.05487
333.04823
333.03612
333.07578
333.0756
333.07522
333.07461
333.07379
333.07272
333.07141
333.0698
333.06788
333.06557
333.06276
333.05925
333.05465
333.048
333.03586
333.07558
333.0754
333.07501
333.07441
333.07359
333.07252
333.0712
333.0696
333.06767
333.06536
333.06255
333.05904
333.05442
333.04776
333.0356
333.07538
333.0752
333.07481
333.07421
333.07338
333.07232
333.071
333.06939
333.06747
333.06515
333.06233
333.05882
333.0542
333.04753
333.03534
333.07517
333.075
333.07461
333.07401
333.07318
333.07211
333.07079
333.06919
333.06726
333.06494
333.06212
333.0586
333.05397
333.04729
333.03508
333.07497
333.0748
333.07441
333.0738
333.07298
333.07191
333.07059
333.06898
333.06705
333.06473
333.06191
333.05838
333.05375
333.04705
333.03482
333.07477
333.0746
333.07421
333.0736
333.07277
333.07171
333.07038
333.06877
333.06684
333.06452
333.06169
333.05816
333.05352
333.04681
333.03455
333.07457
333.07439
333.074
333.0734
333.07257
333.0715
333.07018
333.06857
333.06663
333.06431
333.06148
333.05794
333.05329
333.04657
333.03428
333.07437
333.07419
333.0738
333.0732
333.07237
333.0713
333.06997
333.06836
333.06642
333.0641
333.06126
333.05772
333.05307
333.04633
333.03402
333.07416
333.07399
333.0736
333.07299
333.07216
333.07109
333.06977
333.06815
333.06621
333.06388
333.06105
333.0575
333.05284
333.04609
333.03375
333.07396
333.07379
333.07339
333.07279
333.07196
333.07089
333.06956
333.06795
333.066
333.06367
333.06083
333.05728
333.05261
333.04585
333.03348
333.07376
333.07358
333.07319
333.07259
333.07175
333.07068
333.06935
333.06774
333.06579
333.06346
333.06061
333.05705
333.05238
333.0456
333.0332
333.07356
333.07338
333.07299
333.07238
333.07155
333.07048
333.06915
333.06753
333.06558
333.06324
333.06039
333.05683
333.05214
333.04536
333.03293
333.07335
333.07318
333.07279
333.07218
333.07135
333.07027
333.06894
333.06732
333.06537
333.06303
333.06018
333.05661
333.05191
333.04511
333.03265
333.07315
333.07297
333.07258
333.07197
333.07114
333.07007
333.06873
333.06711
333.06516
333.06281
333.05996
333.05638
333.05168
333.04486
333.03237
333.07295
333.07277
333.07238
333.07177
333.07094
333.06986
333.06852
333.0669
333.06495
333.0626
333.05974
333.05616
333.05144
333.04461
333.03209
333.07274
333.07257
333.07217
333.07157
333.07073
333.06965
333.06832
333.06669
333.06474
333.06238
333.05952
333.05593
333.05121
333.04436
333.03181
333.07254
333.07236
333.07197
333.07136
333.07052
333.06945
333.06811
333.06648
333.06452
333.06217
333.0593
333.05571
333.05097
333.04411
333.03153
333.07234
333.07216
333.07177
333.07116
333.07032
333.06924
333.0679
333.06627
333.06431
333.06195
333.05908
333.05548
333.05074
333.04386
333.03124
333.07213
333.07195
333.07156
333.07095
333.07011
333.06903
333.06769
333.06606
333.0641
333.06174
333.05886
333.05525
333.0505
333.04361
333.03095
333.07193
333.07175
333.07136
333.07074
333.06991
333.06883
333.06748
333.06585
333.06388
333.06152
333.05863
333.05502
333.05026
333.04335
333.03066
333.07172
333.07155
333.07115
333.07054
333.0697
333.06862
333.06727
333.06564
333.06367
333.0613
333.05841
333.05479
333.05002
333.04309
333.03037
333.07152
333.07134
333.07095
333.07033
333.06949
333.06841
333.06706
333.06543
333.06346
333.06108
333.05819
333.05456
333.04978
333.04283
333.03007
333.07131
333.07114
333.07074
333.07013
333.06929
333.0682
333.06685
333.06521
333.06324
333.06086
333.05796
333.05433
333.04954
333.04257
333.02977
333.07111
333.07093
333.07053
333.06992
333.06908
333.06799
333.06664
333.065
333.06303
333.06064
333.05774
333.0541
333.04929
333.04231
333.02947
333.0709
333.07073
333.07033
333.06971
333.06887
333.06778
333.06643
333.06479
333.06281
333.06042
333.05751
333.05386
333.04905
333.04205
333.02916
333.0707
333.07052
333.07012
333.06951
333.06866
333.06757
333.06622
333.06458
333.06259
333.0602
333.05729
333.05363
333.0488
333.04178
333.02886
333.07049
333.07031
333.06992
333.0693
333.06846
333.06737
333.06601
333.06436
333.06238
333.05998
333.05706
333.0534
333.04856
333.04152
333.02854
333.07029
333.07011
333.06971
333.06909
333.06825
333.06716
333.0658
333.06415
333.06216
333.05976
333.05683
333.05316
333.04831
333.04125
333.02823
333.07008
333.0699
333.0695
333.06889
333.06804
333.06694
333.06559
333.06393
333.06194
333.05954
333.0566
333.05292
333.04806
333.04098
333.02791
333.06987
333.06969
333.0693
333.06868
333.06783
333.06673
333.06537
333.06372
333.06172
333.05931
333.05637
333.05268
333.04781
333.0407
333.02759
333.06967
333.06949
333.06909
333.06847
333.06762
333.06652
333.06516
333.0635
333.0615
333.05909
333.05614
333.05244
333.04755
333.04043
333.02726
333.06946
333.06928
333.06888
333.06826
333.06741
333.06631
333.06495
333.06329
333.06128
333.05886
333.05591
333.0522
333.0473
333.04015
333.02693
333.06925
333.06907
333.06867
333.06805
333.0672
333.0661
333.06473
333.06307
333.06106
333.05864
333.05568
333.05196
333.04704
333.03987
333.02659
333.06905
333.06887
333.06846
333.06784
333.06699
333.06589
333.06452
333.06285
333.06084
333.05841
333.05545
333.05172
333.04679
333.03959
333.02625
333.06884
333.06866
333.06826
333.06763
333.06678
333.06568
333.0643
333.06263
333.06062
333.05819
333.05521
333.05148
333.04653
333.0393
333.0259
333.06863
333.06845
333.06805
333.06742
333.06657
333.06546
333.06409
333.06242
333.0604
333.05796
333.05498
333.05123
333.04627
333.03901
333.02555
333.06842
333.06824
333.06784
333.06721
333.06636
333.06525
333.06387
333.0622
333.06017
333.05773
333.05474
333.05098
333.046
333.03872
333.02518
333.06821
333.06803
333.06763
333.067
333.06614
333.06504
333.06366
333.06198
333.05995
333.0575
333.05451
333.05074
333.04574
333.03842
333.02481
333.068
333.06782
333.06742
333.06679
333.06593
333.06482
333.06344
333.06176
333.05973
333.05727
333.05427
333.05049
333.04547
333.03812
333.02442
333.06779
333.06761
333.06721
333.06658
333.06572
333.06461
333.06322
333.06154
333.0595
333.05704
333.05403
333.05023
333.0452
333.03781
333.02402
333.06758
333.0674
333.067
333.06637
333.06551
333.06439
333.063
333.06131
333.05927
333.05681
333.05379
333.04998
333.04492
333.0375
333.02359
333.06738
333.06719
333.06679
333.06616
333.06529
333.06418
333.06279
333.06109
333.05905
333.05658
333.05355
333.04973
333.04465
333.03717
333.02311
)
;

boundaryField
{
    water_inlet
    {
        type            fixedValue;
        value           uniform 333.15;
    }
    water_outlet
    {
        type            zeroGradient;
    }
    water_wedge1
    {
        type            wedge;
    }
    water_wedge2
    {
        type            wedge;
    }
    water_to_rock
    {
        type            compressible::turbulentTemperatureRadCoupledMixed;
        refValue        nonuniform List<scalar> 
400
(
317.74855
320.43354
321.96845
322.95219
323.64367
324.16446
324.57682
324.91547
325.20125
325.44752
325.6633
325.85491
326.02698
326.18296
326.32551
326.45669
326.57816
326.69123
326.797
326.89633
326.98999
327.07858
327.16262
327.24256
327.31877
327.39159
327.46129
327.52813
327.59231
327.65405
327.71351
327.77084
327.82618
327.87967
327.93141
327.98152
328.03007
328.07717
328.12289
328.1673
328.21047
328.25246
328.29333
328.33313
328.3719
328.4097
328.44656
328.48252
328.51763
328.55191
328.58539
328.6181
328.65008
328.68134
328.71192
328.74183
328.7711
328.79974
328.82779
328.85524
328.88213
328.90847
328.93427
328.95955
328.98432
329.0086
329.0324
329.05574
329.07862
329.10105
329.12305
329.14463
329.16579
329.18655
329.20692
329.2269
329.24651
329.26574
329.28462
329.30315
329.32133
329.33917
329.35669
329.37388
329.39075
329.40731
329.42357
329.43953
329.4552
329.47059
329.48569
329.50052
329.51508
329.52937
329.5434
329.55718
329.57071
329.58399
329.59703
329.60984
329.62241
329.63476
329.64688
329.65879
329.67048
329.68195
329.69322
329.70428
329.71515
329.72581
329.73629
329.74657
329.75666
329.76658
329.77631
329.78586
329.79524
329.80445
329.81349
329.82236
329.83107
329.83963
329.84802
329.85626
329.86435
329.87229
329.88008
329.88772
329.89523
329.90259
329.90982
329.91691
329.92387
329.9307
329.9374
329.94397
329.95042
329.95674
329.96295
329.96904
329.97501
329.98086
329.98661
329.99224
329.99776
330.00318
330.00849
330.0137
330.0188
330.02381
330.02872
330.03353
330.03824
330.04286
330.04739
330.05183
330.05617
330.06043
330.06461
330.0687
330.0727
330.07663
330.08047
330.08423
330.08792
330.09152
330.09505
330.09851
330.10189
330.1052
330.10844
330.11161
330.11471
330.11775
330.12071
330.12361
330.12645
330.12922
330.13193
330.13458
330.13716
330.13969
330.14215
330.14456
330.14691
330.1492
330.15144
330.15363
330.15575
330.15783
330.15985
330.16182
330.16374
330.16561
330.16742
330.16919
330.17091
330.17258
330.17421
330.17579
330.17732
330.1788
330.18024
330.18164
330.18299
330.18429
330.18556
330.18678
330.18796
330.1891
330.19019
330.19125
330.19226
330.19323
330.19417
330.19506
330.19592
330.19673
330.19751
330.19825
330.19896
330.19962
330.20025
330.20084
330.20139
330.20191
330.20239
330.20284
330.20325
330.20362
330.20396
330.20426
330.20453
330.20476
330.20496
330.20512
330.20525
330.20535
330.20541
330.20543
330.20542
330.20538
330.20531
330.20519
330.20505
330.20487
330.20466
330.20441
330.20413
330.20382
330.20347
330.20308
330.20267
330.20222
330.20173
330.20121
330.20066
330.20007
330.19944
330.19878
330.19809
330.19736
330.1966
330.1958
330.19496
330.19409
330.19318
330.19224
330.19126
330.19024
330.18918
330.18809
330.18696
330.1858
330.18459
330.18335
330.18206
330.18074
330.17938
330.17798
330.17653
330.17505
330.17353
330.17196
330.17035
330.1687
330.16701
330.16527
330.16349
330.16167
330.1598
330.15788
330.15592
330.15391
330.15186
330.14976
330.14761
330.14541
330.14316
330.14086
330.13851
330.1361
330.13365
330.13114
330.12858
330.12596
330.12329
330.12056
330.11778
330.11493
330.11203
330.10907
330.10605
330.10296
330.09982
330.09661
330.09333
330.08999
330.08658
330.08311
330.07957
330.07595
330.07227
330.06851
330.06468
330.06077
330.05679
330.05273
330.04859
330.04437
330.04007
330.03568
330.03121
330.02666
330.02201
330.01728
330.01245
330.00753
330.00251
329.99739
329.99218
329.98686
329.98144
329.97592
329.97028
329.96454
329.95868
329.9527
329.94661
329.94039
329.93405
329.92758
329.92099
329.91425
329.90738
329.90037
329.89321
329.8859
329.87843
329.87081
329.86302
329.85506
329.84693
329.83862
329.83011
329.82142
329.81252
329.80341
329.79409
329.78454
329.77475
329.76471
329.75441
329.74384
329.73298
329.72182
329.71033
329.69851
329.68632
329.67374
329.66075
329.64731
329.63338
329.61892
329.60389
329.58821
329.57183
329.55465
329.53657
329.51744
329.49711
329.47534
329.45182
329.42612
329.39758
329.36516
329.32707
329.27992
329.21671
329.12155
)
;
        refGradient     uniform 0;
        valueFraction   nonuniform List<scalar> 
400
(
0.032673807
0.028204568
0.025684431
0.024212431
0.023360125
0.022897446
0.022689133
0.022650166
0.022724426
0.022873521
0.023070448
0.023295771
0.023535206
0.023778069
0.024016252
0.024243575
0.024455385
0.024648328
0.024820224
0.024969997
0.025097595
0.025203872
0.025290422
0.025359363
0.025413115
0.025454171
0.025484927
0.02550755
0.025523909
0.025535555
0.025543726
0.025549387
0.025553265
0.025555896
0.025557664
0.025558832
0.025559578
0.02556001
0.02556019
0.025560144
0.02555988
0.025559388
0.025558652
0.025557653
0.02555637
0.025554785
0.025552882
0.025550648
0.025548073
0.025545151
0.025541879
0.025538257
0.025534286
0.025529971
0.025525318
0.025520333
0.025515025
0.025509404
0.025503478
0.02549726
0.025490758
0.025483984
0.025476953
0.025469678
0.025462175
0.025454462
0.025446553
0.025438463
0.025430201
0.025421777
0.025413197
0.025404468
0.025395592
0.025386578
0.025377431
0.025368159
0.025358767
0.025349263
0.025339652
0.025329941
0.025320136
0.025310245
0.025300273
0.025290227
0.025280112
0.025269936
0.025259703
0.025249421
0.025239095
0.025228731
0.025218334
0.025207911
0.025197467
0.025187008
0.025176538
0.025166065
0.025155592
0.025145126
0.025134673
0.025124237
0.025113825
0.025103442
0.025093095
0.025082788
0.025072528
0.025062321
0.025052175
0.025042095
0.025032088
0.025022163
0.025012326
0.025002586
0.024992951
0.024983428
0.024974028
0.024964759
0.02495563
0.024946651
0.024937831
0.02492918
0.024920708
0.024912424
0.024904339
0.02489646
0.024888798
0.02488136
0.024874156
0.024867191
0.024860475
0.024854011
0.024847807
0.024841867
0.024836194
0.024830793
0.024825664
0.02482081
0.02481623
0.024811924
0.024807892
0.024804131
0.024800637
0.024797408
0.024794439
0.024791726
0.024789262
0.024787042
0.024785059
0.024783306
0.024781776
0.024780462
0.024779355
0.024778448
0.024777733
0.024777201
0.024776843
0.024776652
0.024776619
0.024776736
0.024776994
0.024777386
0.024777904
0.024778539
0.024779284
0.024780132
0.024781075
0.024782106
0.024783218
0.024784406
0.024785661
0.02478698
0.024788356
0.024789786
0.024791265
0.024792788
0.024794351
0.024795949
0.024797576
0.024799229
0.024800901
0.024802589
0.024804288
0.024805995
0.024807706
0.024809418
0.024811127
0.024812831
0.024814526
0.024816211
0.024817882
0.024819538
0.024821176
0.024822795
0.024824393
0.024825968
0.02482752
0.024829045
0.024830545
0.024832016
0.02483346
0.024834873
0.024836257
0.02483761
0.024838931
0.02484022
0.024841478
0.024842703
0.024843894
0.024845053
0.024846179
0.024847272
0.024848331
0.024849358
0.024850351
0.024851312
0.02485224
0.024853135
0.024853998
0.024854829
0.024855629
0.024856397
0.024857135
0.024857842
0.024858519
0.024859167
0.024859786
0.024860376
0.024860938
0.024861473
0.02486198
0.024862462
0.024862917
0.024863348
0.024863753
0.024864135
0.024864493
0.024864828
0.024865141
0.024865433
0.024865703
0.024865953
0.024866183
0.024866394
0.024866587
0.024866761
0.024866918
0.024867058
0.024867182
0.024867291
0.024867384
0.024867463
0.024867528
0.02486758
0.024867619
0.024867646
0.024867661
0.024867665
0.024867658
0.024867641
0.024867614
0.024867578
0.024867534
0.024867481
0.024867421
0.024867353
0.024867279
0.024867198
0.024867111
0.024867019
0.024866922
0.024866819
0.024866713
0.024866602
0.024866488
0.024866371
0.024866251
0.024866129
0.024866004
0.024865878
0.024865751
0.024865622
0.024865492
0.024865361
0.024865229
0.024865097
0.024864965
0.024864833
0.0248647
0.024864568
0.024864437
0.024864306
0.024864175
0.024864046
0.024863918
0.024863791
0.024863665
0.024863541
0.024863419
0.024863298
0.024863179
0.024863062
0.024862947
0.024862833
0.024862722
0.024862613
0.024862506
0.024862402
0.024862299
0.024862199
0.024862102
0.024862007
0.024861914
0.024861823
0.024861736
0.02486165
0.024861568
0.024861487
0.02486141
0.024861335
0.024861262
0.024861192
0.024861124
0.024861059
0.024860996
0.024860936
0.024860877
0.024860821
0.024860767
0.024860716
0.024860666
0.024860619
0.024860574
0.024860532
0.024860492
0.024860454
0.024860419
0.024860386
0.024860355
0.024860326
0.0248603
0.024860275
0.024860252
0.02486023
0.02486021
0.02486019
0.024860171
0.024860153
0.024860136
0.024860119
0.024860104
0.024860089
0.024860075
0.024860063
0.024860052
0.024860044
0.024860038
0.024860034
0.024860033
0.024860035
0.024860039
0.024860045
0.024860053
0.024860062
0.024860072
0.024860082
0.024860091
0.024860099
0.024860105
0.02486011
0.024860112
0.024860111
0.024860109
0.024860104
0.024860099
0.024860093
0.024860087
0.024860084
0.024860083
0.024860086
0.024860094
0.024860106
0.024860124
0.024860147
0.024860174
0.024860204
0.024860236
0.024860269
0.0248603
0.024860329
0.024860354
0.024860374
0.024860389
0.024860398
0.0248604
0.024860395
0.024860385
0.024860369
0.024860349
0.024860326
0.024860304
0.024860284
)
;
        source          uniform 0;
        value           nonuniform List<scalar> 
400
(
332.63958
332.77838
332.845
332.88103
332.90207
332.91493
332.92298
332.92804
332.93119
332.93309
332.93417
332.93472
332.93494
332.93499
332.93496
332.93493
332.93495
332.93506
332.93529
332.93565
332.93614
332.93675
332.93748
332.93831
332.93923
332.94021
332.94123
332.94229
332.94336
332.94445
332.94553
332.94661
332.94768
332.94874
332.94977
332.9508
332.9518
332.95279
332.95375
332.9547
332.95563
332.95655
332.95744
332.95832
332.95919
332.96004
332.96087
332.9617
332.9625
332.9633
332.96408
332.96485
332.96561
332.96635
332.96708
332.96781
332.96852
332.96922
332.9699
332.97058
332.97125
332.97191
332.97256
332.97319
332.97382
332.97444
332.97505
332.97565
332.97624
332.97682
332.97739
332.97795
332.97851
332.97905
332.97959
332.98012
332.98063
332.98115
332.98165
332.98214
332.98263
332.9831
332.98357
332.98404
332.98449
332.98494
332.98537
332.9858
332.98623
332.98664
332.98705
332.98745
332.98785
332.98823
332.98861
332.98899
332.98935
332.98971
332.99006
332.99041
332.99074
332.99108
332.9914
332.99172
332.99203
332.99233
332.99263
332.99292
332.99321
332.99349
332.99376
332.99403
332.99429
332.99454
332.99479
332.99503
332.99526
332.99549
332.99571
332.99593
332.99614
332.99634
332.99654
332.99673
332.99691
332.99709
332.99726
332.99743
332.99758
332.99774
332.99788
332.99802
332.99816
332.99828
332.9984
332.99852
332.99863
332.99873
332.99882
332.99891
332.999
332.99908
332.99915
332.99921
332.99927
332.99933
332.99938
332.99942
332.99946
332.99949
332.99952
332.99955
332.99956
332.99958
332.99958
332.99959
332.99959
332.99958
332.99957
332.99955
332.99954
332.99951
332.99948
332.99945
332.99942
332.99938
332.99934
332.99929
332.99924
332.99918
332.99913
332.99907
332.999
332.99894
332.99887
332.99879
332.99872
332.99864
332.99856
332.99847
332.99839
332.9983
332.99821
332.99811
332.99801
332.99792
332.99781
332.99771
332.9976
332.9975
332.99739
332.99727
332.99716
332.99704
332.99692
332.9968
332.99668
332.99656
332.99643
332.99631
332.99618
332.99605
332.99591
332.99578
332.99564
332.99551
332.99537
332.99523
332.99509
332.99494
332.9948
332.99465
332.99451
332.99436
332.99421
332.99405
332.9939
332.99375
332.99359
332.99344
332.99328
332.99312
332.99296
332.9928
332.99264
332.99247
332.99231
332.99214
332.99197
332.9918
332.99163
332.99146
332.99129
332.99112
332.99094
332.99077
332.99059
332.99041
332.99024
332.99006
332.98987
332.98969
332.98951
332.98932
332.98914
332.98895
332.98877
332.98858
332.98839
332.9882
332.988
332.98781
332.98762
332.98742
332.98722
332.98703
332.98683
332.98663
332.98642
332.98622
332.98602
332.98581
332.98561
332.9854
332.98519
332.98498
332.98477
332.98456
332.98435
332.98413
332.98391
332.9837
332.98348
332.98326
332.98304
332.98282
332.98259
332.98237
332.98214
332.98191
332.98168
332.98145
332.98122
332.98099
332.98075
332.98051
332.98028
332.98004
332.9798
332.97955
332.97931
332.97906
332.97882
332.97857
332.97832
332.97806
332.97781
332.97756
332.9773
332.97704
332.97678
332.97652
332.97625
332.97598
332.97572
332.97545
332.97517
332.9749
332.97462
332.97435
332.97407
332.97378
332.9735
332.97321
332.97292
332.97263
332.97234
332.97204
332.97175
332.97145
332.97114
332.97084
332.97053
332.97022
332.96991
332.96959
332.96928
332.96896
332.96863
332.96831
332.96798
332.96765
332.96731
332.96698
332.96663
332.96629
332.96594
332.96559
332.96524
332.96488
332.96452
332.96416
332.96379
332.96342
332.96305
332.96267
332.96229
332.9619
332.96151
332.96112
332.96072
332.96032
332.95991
332.9595
332.95908
332.95866
332.95823
332.9578
332.95736
332.95692
332.95648
332.95602
332.95556
332.9551
332.95463
332.95415
332.95367
332.95318
332.95268
332.95217
332.95166
332.95114
332.95061
332.95007
332.94952
332.94897
332.9484
332.94782
332.94723
332.94663
332.94602
332.94539
332.94474
332.94408
332.94341
332.94271
332.94199
332.94125
332.94048
332.93968
332.93885
332.93797
332.93705
332.93606
332.935
332.93383
332.9325
332.93094
332.92895
332.92612
)
;
        logInterval     -1;
        writePrecision  8;
        updateHeader    1;
        writeToFile     0;
        useUserTime     1;
        kappaMethod     fluidThermo;
    }
}


// ************************************************************************* //
