/*--------------------------------*- C++ -*----------------------------------*\
| =========                 |                                                 |
| \\      /  F ield         | OpenFOAM: The Open Source CFD Toolbox           |
|  \\    /   O peration     | Version:  2506                                  |
|   \\  /    A nd           | Website:  www.openfoam.com                      |
|    \\/     M anipulation  |                                                 |
\*---------------------------------------------------------------------------*/
FoamFile
{
    version     2.0;
    format      ascii;
    arch        "LSB;label=32;scalar=64";
    class       volScalarField;
    location    "15000/water";
    object      epsilon;
}
// * * * * * * * * * * * * * * * * * * * * * * * * * * * * * * * * * * * * * //

dimensions      [0 2 -3 0 0 0 0];

internalField   nonuniform List<scalar> 
6000
(
0.00010005327
0.00010005311
0.00010005314
0.00010005327
0.00010005342
0.00010005363
0.0001000539
0.00010005427
0.00010005511
0.00010005982
0.00010010144
0.00010049509
0.00010424183
0.00014354191
0.00073980483
8.5785229e-05
8.5785556e-05
8.5786111e-05
8.5786982e-05
8.5788138e-05
8.5789633e-05
8.5791527e-05
8.5794043e-05
8.5798789e-05
8.581901e-05
8.5962524e-05
8.7071869e-05
9.5619929e-05
0.00016974081
0.0010520452
7.4267219e-05
7.4268013e-05
7.426896e-05
7.4270365e-05
7.4272213e-05
7.4274585e-05
7.4277581e-05
7.4281747e-05
7.4291154e-05
7.4336305e-05
7.4633748e-05
7.6634978e-05
9.0041817e-05
0.00019500629
0.0013270628
6.4852864e-05
6.485355e-05
6.4854661e-05
6.4856389e-05
6.4858676e-05
6.4861616e-05
6.4865387e-05
6.4871112e-05
6.4886838e-05
6.4967364e-05
6.5458677e-05
6.84101e-05
8.6285088e-05
0.00021715658
0.0015411415
5.7072087e-05
5.7072704e-05
5.7073918e-05
5.7075861e-05
5.7078448e-05
5.7081784e-05
5.7086167e-05
5.7093598e-05
5.7117581e-05
5.7242267e-05
5.7947685e-05
6.180797e-05
8.3505097e-05
0.0002348614
0.0016895689
5.0576692e-05
5.0577312e-05
5.0578592e-05
5.0580667e-05
5.0583434e-05
5.0587016e-05
5.0591882e-05
5.0601216e-05
5.0635234e-05
5.0810032e-05
5.1732149e-05
5.6406881e-05
8.1259069e-05
0.00024828861
0.0017792142
4.5104569e-05
4.5105188e-05
4.5106499e-05
4.5108638e-05
4.5111496e-05
4.5115213e-05
4.5120483e-05
4.5131961e-05
4.5177479e-05
4.5405527e-05
4.6535255e-05
5.1917397e-05
7.9376731e-05
0.00025838324
0.0018218943
4.0455895e-05
4.0456503e-05
4.045782e-05
4.0459977e-05
4.0462859e-05
4.0466628e-05
4.0472257e-05
4.0486117e-05
4.0544208e-05
4.0826355e-05
4.2148994e-05
4.8144563e-05
7.7837439e-05
0.00026629433
0.0018300463
3.6476506e-05
3.6477102e-05
3.6478406e-05
3.6480546e-05
3.6483399e-05
3.6487156e-05
3.6493116e-05
3.6509564e-05
3.6580944e-05
3.6916576e-05
3.8416896e-05
4.4958845e-05
7.6693461e-05
0.00027309124
0.0018145574
3.304611e-05
3.3046691e-05
3.304797e-05
3.3050065e-05
3.3052847e-05
3.3056537e-05
3.3062809e-05
3.3082024e-05
3.3167159e-05
3.3555102e-05
3.5220975e-05
4.2274823e-05
7.6025068e-05
0.00027965054
0.0017840405
3.0069857e-05
3.007042e-05
3.0071664e-05
3.0073692e-05
3.0076366e-05
3.0079941e-05
3.0086514e-05
3.0108667e-05
3.0207924e-05
3.0647227e-05
3.2471858e-05
4.0036357e-05
7.5917105e-05
0.00028663427
0.001744886
2.7472233e-05
2.7472777e-05
2.7473976e-05
2.7475917e-05
2.747845e-05
2.7481869e-05
2.7488744e-05
2.7514021e-05
2.7627825e-05
2.8118369e-05
3.010146e-05
3.820687e-05
7.6449192e-05
0.00029450875
0.0017016307
2.5192577e-05
2.5193098e-05
2.5194246e-05
2.5196082e-05
2.5198442e-05
2.520167e-05
2.520887e-05
2.5237507e-05
2.5366478e-05
2.5909414e-05
2.805763e-05
3.6763308e-05
7.7693097e-05
0.0003035735
0.00165739
2.3181748e-05
2.3182245e-05
2.3183333e-05
2.3185048e-05
2.3187207e-05
2.3190219e-05
2.3197794e-05
2.323011e-05
2.3375184e-05
2.3973213e-05
2.6300284e-05
3.5692527e-05
7.9712907e-05
0.00031398658
0.0016142425
2.1399629e-05
2.14001e-05
2.140112e-05
2.1402697e-05
2.140463e-05
2.1407412e-05
2.1415452e-05
2.1451882e-05
2.1614405e-05
2.2271964e-05
2.4798652e-05
3.4989203e-05
8.2565442e-05
0.00032578296
0.0015735325
1.9813231e-05
1.9813672e-05
1.9814616e-05
1.981604e-05
1.9817725e-05
1.9820279e-05
1.9828922e-05
1.9870043e-05
2.0051847e-05
2.0775227e-05
2.3529325e-05
3.4654636e-05
8.6299521e-05
0.00033888748
0.0015360911
1.8395236e-05
1.8395645e-05
1.8396506e-05
1.8397761e-05
1.8399183e-05
1.8401531e-05
1.8410972e-05
1.8457531e-05
1.8660989e-05
1.9458432e-05
2.2474895e-05
3.4695971e-05
9.095345e-05
0.00035312607
0.0015023901
1.7122886e-05
1.7123259e-05
1.7124028e-05
1.7125102e-05
1.712625e-05
1.7128438e-05
1.7138942e-05
1.7191872e-05
1.7419954e-05
1.8301752e-05
2.1622992e-05
3.5125546e-05
9.6550687e-05
0.00036823944
0.0014726449
1.5977101e-05
1.5977436e-05
1.5978105e-05
1.5978984e-05
1.5979859e-05
1.598196e-05
1.5993865e-05
1.6054312e-05
1.6310628e-05
1.7289248e-05
2.0965619e-05
3.5960111e-05
0.00010309413
0.00038390222
0.0014468811
1.4941799e-05
1.4942091e-05
1.4942652e-05
1.4943329e-05
1.494394e-05
1.4946058e-05
1.4959787e-05
1.5029124e-05
1.5317979e-05
1.6408225e-05
2.049868e-05
3.7219755e-05
0.00011055991
0.00039974861
0.00142498
1.4003348e-05
1.4003595e-05
1.4004041e-05
1.4004511e-05
1.400488e-05
1.4007153e-05
1.402322e-05
1.4103071e-05
1.442952e-05
1.5648751e-05
2.0221625e-05
3.8926414e-05
0.00011889194
0.00041540307
0.0014067117
1.3150142e-05
1.315034e-05
1.3150665e-05
1.3150927e-05
1.315109e-05
1.3153695e-05
1.3172714e-05
1.3264971e-05
1.3634892e-05
1.5003284e-05
2.0137155e-05
4.1101901e-05
0.00012799852
0.0004305123
0.0013917631
1.2372247e-05
1.2372393e-05
1.2372592e-05
1.237265e-05
1.2372659e-05
1.2375814e-05
1.2398506e-05
1.2505359e-05
1.2925534e-05
1.446641e-05
2.0250947e-05
4.3765469e-05
0.00013775238
0.00044477369
0.0013797649
1.1661123e-05
1.1661215e-05
1.1661286e-05
1.166115e-05
1.1661074e-05
1.1665043e-05
1.1692246e-05
1.1816209e-05
1.2294425e-05
1.4034634e-05
2.0571326e-05
4.6930996e-05
0.00014799478
0.00045795585
0.0013703185
1.1009401e-05
1.1009437e-05
1.1009378e-05
1.1009066e-05
1.1008994e-05
1.101409e-05
1.104677e-05
1.1190715e-05
1.1735881e-05
1.3706238e-05
2.1108871e-05
5.0604014e-05
0.00015854369
0.00046990849
0.0013630208
1.0410692e-05
1.041067e-05
1.0410485e-05
1.0410022e-05
1.0410062e-05
1.0416652e-05
1.0455917e-05
1.0623112e-05
1.1245399e-05
1.3481165e-05
2.1875889e-05
5.4778859e-05
0.00016920526
0.00048056142
0.0013574861
9.8594384e-06
9.8593586e-06
9.8590515e-06
9.8584721e-06
9.8587577e-06
9.8672657e-06
9.9143754e-06
1.0108535e-05
1.0819533e-05
1.3360938e-05
2.2885735e-05
5.9436317e-05
0.00017978706
0.00048991474
0.001353362
9.3507874e-06
9.3506504e-06
9.3502304e-06
9.3495787e-06
9.3502669e-06
9.3611826e-06
9.4175684e-06
9.6428999e-06
1.045581e-05
1.3348574e-05
2.4151946e-05
6.4542152e-05
0.00019011095
0.00049802341
0.0013503406
8.8804873e-06
8.8802951e-06
8.8797751e-06
8.879106e-06
8.8803818e-06
8.8942644e-06
8.9615474e-06
9.2228179e-06
1.0152655e-05
1.3448503e-05
2.5687206e-05
7.0046824e-05
0.00020002406
0.00050498001
0.0013481619
8.4448007e-06
8.4445568e-06
8.4439543e-06
8.4433345e-06
8.4454129e-06
8.4628989e-06
8.5429123e-06
8.8455163e-06
9.9093487e-06
1.3666457e-05
2.7502143e-05
7.5886621e-05
0.00020940613
0.0005108985
0.0013466143
8.0404324e-06
8.0401416e-06
8.0394792e-06
8.0389884e-06
8.0421174e-06
8.0639293e-06
8.1587433e-06
8.508784e-06
9.7259953e-06
1.4009323e-05
2.9604058e-05
8.1986182e-05
0.00021817297
0.000515901
0.00134553
7.664468e-06
7.6641372e-06
7.663443e-06
7.6631755e-06
7.6676392e-06
7.6945949e-06
7.8065457e-06
8.2109262e-06
9.6034999e-06
1.4484935e-05
3.1995646e-05
8.8262228e-05
0.00022627582
0.0005201082
0.0013447795
7.3143234e-06
7.3139614e-06
7.3132697e-06
7.3133352e-06
7.319458e-06
7.3524816e-06
7.4842048e-06
7.950732e-06
9.5435554e-06
1.5101802e-05
3.4673865e-05
9.4628078e-05
0.00023369766
0.00052363336
0.0013442658
6.9877006e-06
6.9873184e-06
6.9866703e-06
6.9871959e-06
6.9953468e-06
7.0354818e-06
7.1899496e-06
7.7274515e-06
9.5486283e-06
1.5868742e-05
3.7629068e-05
0.00010099842
0.00024044745
0.00052657911
0.0013439174
6.6825513e-06
6.6821625e-06
6.6816065e-06
6.6827386e-06
6.6933357e-06
6.741759e-06
6.9223234e-06
7.5407805e-06
9.6219392e-06
1.6794438e-05
4.0844541e-05
0.00010729381
0.00024655353
0.00052903629
0.0013436835
6.3970453e-06
6.396666e-06
6.3962591e-06
6.3981651e-06
6.411682e-06
6.4697206e-06
6.6801611e-06
7.3908531e-06
9.7674313e-06
1.7886905e-05
4.4296529e-05
0.00011344428
0.00025205715
0.0005310841
0.0013435288
6.1295436e-06
6.129193e-06
6.129001e-06
6.1318719e-06
6.1488438e-06
6.2179935e-06
6.4625723e-06
7.2782395e-06
9.9897187e-06
1.9152894e-05
4.7954808e-05
0.00011939198
0.0002570069
0.00053279086
0.0013434302
5.8785752e-06
5.8782757e-06
5.8783746e-06
5.8824275e-06
5.903459e-06
5.9854055e-06
6.2689287e-06
7.2039478e-06
1.0294006e-05
2.0597266e-05
5.1783773e-05
0.00012509231
0.00026145422
0.00053421506
0.001343373
5.6428172e-06
5.642595e-06
5.6430719e-06
5.6485531e-06
5.6743264e-06
5.7709695e-06
6.0988564e-06
7.1694287e-06
1.0685974e-05
2.2222385e-05
5.5743958e-05
0.00013051409
0.00026545026
0.00053540647
0.0013433493
5.4210776e-06
5.4209629e-06
5.4219174e-06
5.4291059e-06
5.4603909e-06
5.5738715e-06
5.9522322e-06
7.1765787e-06
1.1171622e-05
2.4027579e-05
5.9793835e-05
0.00013563849
0.00026904378
0.00053640725
0.0013433553
5.2122808e-06
5.2123081e-06
5.2138535e-06
5.2230651e-06
5.26073e-06
5.3934608e-06
5.8291825e-06
7.2277422e-06
1.1757062e-05
2.6008735e-05
6.3891719e-05
0.00014045745
0.00027228005
0.00053725289
0.0013433902
5.0154542e-06
5.0156629e-06
5.0179281e-06
5.0295196e-06
5.0745437e-06
5.2292435e-06
5.7300867e-06
7.3257058e-06
1.2448271e-05
2.8158068e-05
6.7997575e-05
0.00014497164
0.00027520025
0.00053797313
0.0013434553
4.8297171e-06
4.8301524e-06
4.8332834e-06
4.847658e-06
4.9011459e-06
5.0808782e-06
5.6555823e-06
7.4736832e-06
1.3250796e-05
3.0464119e-05
7.2074575e-05
0.00014918835
0.00027784139
0.00053859275
0.0013435527
4.654271e-06
4.6549842e-06
4.6591465e-06
4.6767597e-06
4.739957e-06
4.9481738e-06
5.6065719e-06
7.6752861e-06
1.4169424e-05
3.2911987e-05
7.6090277e-05
0.00015311953
0.00028023648
0.00053913229
0.0013436849
4.4883913e-06
4.4894404e-06
4.4948214e-06
4.5161875e-06
4.5904991e-06
4.8310889e-06
5.5842316e-06
7.9344756e-06
1.5207848e-05
3.5483783e-05
8.0017361e-05
0.00015678017
0.00028241474
0.00053960873
0.0013438547
4.3314193e-06
4.3328703e-06
4.3396818e-06
4.3653818e-06
4.452392e-06
4.7297343e-06
5.5900196e-06
8.2554924e-06
1.6368331e-05
3.8159287e-05
8.3833932e-05
0.00016018692
0.00028440196
0.00054003599
0.0013440645
4.1827562e-06
4.1846838e-06
4.1931653e-06
4.2238553e-06
4.3253508e-06
4.6443763e-06
5.6256833e-06
8.64276e-06
1.7651409e-05
4.0916739e-05
8.7523434e-05
0.00016335711
0.00028622083
0.00054042551
0.0013443165
4.0418571e-06
4.0443457e-06
4.0547683e-06
4.0911891e-06
4.2091847e-06
4.5754417e-06
5.693263e-06
9.10076e-06
1.9055658e-05
4.3733691e-05
9.1074255e-05
0.00016630804
0.00028789123
0.00054078658
0.0013446125
3.9082261e-06
3.9113713e-06
3.9240414e-06
3.96703e-06
4.103797e-06
4.5235248e-06
5.7950909e-06
9.6338803e-06
2.0577552e-05
4.658786e-05
9.447915e-05
0.00016905655
0.0002894306
0.00054112679
0.0013449537
3.781412e-06
3.7853219e-06
3.8005859e-06
3.8510876e-06
4.0091864e-06
4.4893953e-06
5.9337827e-06
1.0246237e-05
2.2211424e-05
4.9457896e-05
9.7734538e-05
0.00017161867
0.00029085417
0.00054145227
0.001345341
3.6610043e-06
3.6658014e-06
3.6840513e-06
3.7431338e-06
3.9254494e-06
4.4740067e-06
6.1122182e-06
1.0941479e-05
2.3949551e-05
5.2324022e-05
0.00010083981
0.0001740095
0.00029217525
0.00054176798
0.0013457749
3.5466302e-06
3.5524531e-06
3.5741321e-06
3.6430016e-06
3.8527838e-06
4.4785051e-06
6.3335103e-06
1.172258e-05
2.5782348e-05
5.5168499e-05
0.00010379664
0.00017624312
0.00029340545
0.00054207792
0.0013462556
3.4379516e-06
3.4449572e-06
3.470567e-06
3.5505856e-06
3.7914931e-06
4.5042378e-06
6.6009581e-06
1.2591637e-05
2.7698675e-05
5.7975926e-05
0.00010660842
0.00017833256
0.00029455494
0.00054238527
0.0013467828
3.3346627e-06
3.3430286e-06
3.373137e-06
3.4658429e-06
3.7419925e-06
4.5527599e-06
6.9179828e-06
1.3549688e-05
2.9686212e-05
6.0733358e-05
0.00010927977
0.00018028983
0.00029563259
0.00054269259
0.001347356
3.2364878e-06
3.2464154e-06
3.281665e-06
3.3887949e-06
3.7048152e-06
4.6258384e-06
7.2880456e-06
1.4596555e-05
3.1731891e-05
6.3430278e-05
0.00011181612
0.00018212593
0.00029664614
0.0005430019
0.0013479746
3.1431799e-06
3.1548974e-06
3.1960156e-06
3.3195298e-06
3.6806199e-06
4.7254524e-06
7.7145469e-06
1.5730747e-05
3.382234e-05
6.6058467e-05
0.0001142234
0.00018385092
0.00029760241
0.00054331478
0.0013486378
3.0545192e-06
3.0682854e-06
3.1160958e-06
3.2582055e-06
3.6701986e-06
4.8537869e-06
8.2007094e-06
1.6949409e-05
3.5944303e-05
6.8611787e-05
0.00011650785
0.00018547397
0.00029850735
0.00054363246
0.0013493444
2.9703119e-06
2.9864203e-06
3.0418551e-06
3.2050543e-06
3.6744852e-06
5.0132197e-06
8.7494483e-06
1.8248349e-05
3.8085015e-05
7.1085926e-05
0.00011867579
0.00018700343
0.00029936619
0.0005439559
0.0013500934
2.8903898e-06
2.9091733e-06
2.9732878e-06
3.1603869e-06
3.6945633e-06
5.2062983e-06
9.3632348e-06
1.9622123e-05
4.0232513e-05
7.3478131e-05
0.00012073351
0.00018844688
0.00030018354
0.00054428579
0.0013508836
2.8146096e-06
2.836446e-06
2.9104344e-06
3.1245986e-06
3.731674e-06
5.4357062e-06
1.004396e-05
2.1064181e-05
4.2375859e-05
7.5786948e-05
0.00012268719
0.00018981121
0.00030096345
0.00054462266
0.0013517137
2.7428528e-06
2.7681709e-06
2.8533843e-06
3.098175e-06
3.7872216e-06
5.7042163e-06
1.0792809e-05
2.2567069e-05
4.4505284e-05
7.8011978e-05
0.00012454279
0.00019110266
0.00030170949
0.00054496683
0.0013525823
2.6750262e-06
2.7043127e-06
2.8022791e-06
3.0816992e-06
3.8627769e-06
6.0146314e-06
1.1610154e-05
2.4122663e-05
4.6612261e-05
8.0153671e-05
0.00012630605
0.0001923269
0.00030242477
0.00054531835
0.0013534882
2.6110622e-06
2.6448693e-06
2.7573159e-06
3.0758592e-06
3.960078e-06
6.3697119e-06
1.2495477e-05
2.5722421e-05
4.8689511e-05
8.2213149e-05
0.00012798248
0.00019348921
0.00030311294
0.00054567956
0.0013544294
2.5509198e-06
2.5898742e-06
2.718752e-06
3.0814556e-06
4.0810244e-06
6.772092e-06
1.3447326e-05
2.7357634e-05
5.0730959e-05
8.4192048e-05
0.00012957729
0.0001945943
0.00030377608
0.0005460453
0.0013554044
2.494586e-06
2.5393984e-06
2.6869098e-06
3.0994094e-06
4.227667e-06
7.2241854e-06
1.4463313e-05
2.9019658e-05
5.2731645e-05
8.6092384e-05
0.00013109537
0.00019564634
0.00030441573
0.00054641395
0.001356411
2.4420772e-06
2.4935535e-06
2.6621823e-06
3.1307691e-06
4.4021883e-06
7.7280864e-06
1.5540152e-05
3.0700121e-05
5.4687626e-05
8.7916443e-05
0.00013254129
0.00019664903
0.00030503327
0.00054678552
0.001357447
2.3934419e-06
2.4524951e-06
2.6450394e-06
3.1767177e-06
4.6068755e-06
8.2854715e-06
1.6673736e-05
3.2391085e-05
5.6595863e-05
8.9666713e-05
0.00013391945
0.00019760626
0.00030563172
0.00054715698
0.0013585105
2.3487625e-06
2.4164266e-06
2.6360346e-06
3.2385774e-06
4.8440829e-06
8.8975065e-06
1.7859254e-05
3.4085177e-05
5.8454113e-05
9.1345818e-05
0.00013523396
0.00019852137
0.00030621173
0.00054752789
0.0013595997
2.3081594e-06
2.3856042e-06
2.6358124e-06
3.317812e-06
5.1161845e-06
9.5647667e-06
1.9091324e-05
3.5775669e-05
6.0260818e-05
9.2956447e-05
0.00013648858
0.00019939689
0.0003067729
0.00054790008
0.0013607133
2.2717941e-06
2.3603414e-06
2.6451157e-06
3.4160261e-06
5.4255156e-06
1.0287174e-05
2.0364153e-05
3.7456522e-05
6.2014997e-05
9.4501287e-05
0.00013768677
0.00020023506
0.00030731593
0.00054827477
0.0013618502
2.2398737e-06
2.3410154e-06
2.6647937e-06
3.5349596e-06
5.7743064e-06
1.1063962e-05
2.1671689e-05
3.91224e-05
6.3716162e-05
9.5983026e-05
0.0001388318
0.00020103833
0.00030784121
0.00054865319
0.0013630096
2.2126561e-06
2.3280735e-06
2.6958092e-06
3.6764764e-06
6.1646075e-06
1.189366e-05
2.3007781e-05
4.0768661e-05
6.5364246e-05
9.7404398e-05
0.00013992712
0.00020180982
0.00030834746
0.00054903722
0.0013641908
2.1904555e-06
2.32204e-06
2.7392453e-06
3.8425462e-06
6.5982126e-06
1.2774116e-05
2.436632e-05
4.2391324e-05
6.6959524e-05
9.876802e-05
0.00014097539
0.00020254993
0.00030883711
0.00054942732
0.0013653933
2.1736492e-06
2.3235242e-06
2.7963111e-06
4.0352186e-06
7.0765802e-06
1.3702541e-05
2.5741359e-05
4.3987023e-05
6.8502528e-05
0.00010007636
0.00014197891
0.00020325984
0.00030931202
0.00054982339
0.0013666163
2.1626845e-06
2.3332283e-06
2.8683448e-06
4.2565884e-06
7.6007607e-06
1.4675578e-05
2.7127211e-05
4.5552955e-05
6.9993989e-05
0.00010133173
0.0001429398
0.0002039411
0.00030977371
0.00055022517
0.0013678589
2.1580871e-06
2.3519561e-06
2.9568145e-06
4.5087518e-06
8.1713327e-06
1.5689391e-05
2.8518531e-05
4.7086841e-05
7.1434906e-05
0.00010253685
0.00014386158
0.00020459277
0.00031022403
0.00055063282
0.0013691203
2.16047e-06
2.3806212e-06
3.0633144e-06
4.7937545e-06
8.7883534e-06
1.6739768e-05
2.9910361e-05
4.8586868e-05
7.2826369e-05
0.00010369384
0.00014474504
0.00020521729
0.00031066406
0.00055104642
0.0013703998
2.1705427e-06
2.4202554e-06
3.1895567e-06
5.1135318e-06
9.4513268e-06
1.7822232e-05
3.1298164e-05
5.0051612e-05
7.4169495e-05
0.00010480455
0.0001455915
0.00020581675
0.00031109453
0.00055146589
0.0013716965
2.1891215e-06
2.4720157e-06
3.3373562e-06
5.4698441e-06
1.0159193e-05
1.8932142e-05
3.2677829e-05
5.1479987e-05
7.5465414e-05
0.00010587072
0.00014640254
0.00020639292
0.00031151604
0.00055189099
0.0013730096
2.2171398e-06
2.5371902e-06
3.5086087e-06
5.8642095e-06
1.0910338e-05
2.0064804e-05
3.4045692e-05
5.2871295e-05
7.6715704e-05
0.00010689533
0.00014717783
0.00020694766
0.0003119293
0.00055232149
0.0013743383
2.2556585e-06
2.6172012e-06
3.7052603e-06
6.2978367e-06
1.1702625e-05
2.1215554e-05
3.5398504e-05
5.4225059e-05
7.7921543e-05
0.00010787904
0.00014791975
0.0002074823
0.00031233493
0.00055275716
0.0013756817
2.3058762e-06
2.7136045e-06
3.9292692e-06
6.7715642e-06
1.2533444e-05
2.237984e-05
3.6733409e-05
5.5540973e-05
7.9083981e-05
0.00010882303
0.00014863035
0.00020799796
0.00031273341
0.00055319776
0.001377039
2.369137e-06
2.8280851e-06
4.182558e-06
7.2858076e-06
1.3399773e-05
2.3553284e-05
3.804793e-05
5.6818986e-05
8.020443e-05
0.00010972817
0.00014931146
0.00020849566
0.00031312512
0.00055364298
0.0013784095
2.4469379e-06
2.9624453e-06
4.4669593e-06
7.8405197e-06
1.4298259e-05
2.4731732e-05
3.9339966e-05
5.8059314e-05
8.128447e-05
0.00011059499
0.00014996478
0.00020897641
0.00031351039
0.00055409253
0.0013797922
2.540931e-06
3.1185867e-06
4.7841555e-06
8.4351663e-06
1.5225291e-05
2.5911282e-05
4.0607695e-05
5.9262029e-05
8.2324504e-05
0.00011142554
0.00015059169
0.00020944109
0.0003138895
0.00055454609
0.0013811864
2.6529221e-06
3.2984832e-06
5.1356144e-06
9.0687188e-06
1.6177081e-05
2.7088296e-05
4.1849527e-05
6.042722e-05
8.3325318e-05
0.00011222156
0.00015119346
0.00020989049
0.00031426268
0.00055500333
0.0013825913
2.7848622e-06
3.5041445e-06
5.5225263e-06
9.7396654e-06
1.7149747e-05
2.8259461e-05
4.3064375e-05
6.1556061e-05
8.4286603e-05
0.00011298473
0.00015177128
0.00021032529
0.00031463013
0.00055546393
0.001384006
2.93883e-06
3.7375705e-06
5.9457432e-06
1.0446039e-05
1.8139378e-05
2.9421728e-05
4.4251117e-05
6.2648228e-05
8.5209837e-05
0.00011371645
0.00015232627
0.00021074613
0.00031499199
0.00055592753
0.0013854297
3.1170046e-06
4.0006961e-06
6.4057265e-06
1.1185455e-05
1.914209e-05
3.0572282e-05
4.5408705e-05
6.3703704e-05
8.6096461e-05
0.00011441802
0.00015285942
0.00021115357
0.0003153484
0.00055639381
0.0013868617
3.3216254e-06
4.2953288e-06
6.9025064e-06
1.1955175e-05
2.0154107e-05
3.1708758e-05
4.6537106e-05
6.4721731e-05
8.6947803e-05
0.00011509066
0.00015337163
0.00021154811
0.00031569942
0.00055686241
0.0013883012
3.5549394e-06
4.6230802e-06
7.4356543e-06
1.2752158e-05
2.1171766e-05
3.2828859e-05
4.7635173e-05
6.5702982e-05
8.7765046e-05
0.0001157355
0.00015386373
0.00021193019
0.00031604512
0.00055733298
0.0013897474
3.8191347e-06
4.9852962e-06
8.0042718e-06
1.357313e-05
2.2191546e-05
3.393052e-05
4.870183e-05
6.6648289e-05
8.8549286e-05
0.00011635359
0.00015433648
0.00021230021
0.00031638554
0.00055780518
0.0013911996
4.1162623e-06
5.382989e-06
8.6069997e-06
1.4414667e-05
2.3210228e-05
3.5012461e-05
4.9735647e-05
6.7558419e-05
8.9301574e-05
0.0001169459
0.00015479055
0.00021265851
0.00031672067
0.00055827865
0.0013926569
4.4481482e-06
5.8167749e-06
9.242036e-06
1.5273222e-05
2.4224586e-05
3.6072375e-05
5.0736592e-05
6.8434077e-05
9.0022891e-05
0.00011751329
0.00015522656
0.00021300538
0.0003170505
0.00055875303
0.0013941186
4.8163023e-06
6.2868251e-06
9.9071898e-06
1.6145297e-05
2.5232123e-05
3.7107772e-05
5.1704639e-05
6.9275954e-05
9.071415e-05
0.00011805659
0.00015564507
0.00021334109
0.00031737498
0.00055922796
0.0013955841
5.2218272e-06
6.7928271e-06
1.0599909e-05
1.702731e-05
2.6229764e-05
3.8117119e-05
5.2639786e-05
7.0084715e-05
9.1376197e-05
0.00011857654
0.00015604657
0.00021366585
0.00031769406
0.00055970307
0.0013970524
5.6653392e-06
7.3339778e-06
1.131742e-05
1.7916138e-05
2.7213997e-05
3.9099304e-05
5.3542069e-05
7.0860992e-05
9.2009814e-05
0.00011907379
0.00015643152
0.00021397984
0.00031800765
0.00056017797
0.001398523
6.1469039e-06
7.9089829e-06
1.205673e-05
1.880803e-05
2.8182115e-05
4.0053333e-05
5.4411561e-05
7.1605384e-05
9.261572e-05
0.00011954897
0.00015680029
0.0002142832
0.00031831565
0.00056065229
0.001399995
6.6660068e-06
8.5161258e-06
1.2814856e-05
1.9698959e-05
2.913183e-05
4.0978331e-05
5.5248356e-05
7.2318449e-05
9.3194573e-05
0.00012000262
0.00015715323
0.00021457604
0.00031861791
0.00056112563
0.0014014677
7.2216176e-06
9.1533767e-06
1.3587924e-05
2.0585545e-05
3.0061056e-05
4.1873534e-05
5.6052565e-05
7.3000709e-05
9.3746972e-05
0.00012043523
0.00015749062
0.00021485843
0.0003189143
0.00056159757
0.0014029403
7.8120043e-06
9.8178698e-06
1.437227e-05
2.1464606e-05
3.0967901e-05
4.2738275e-05
5.6824309e-05
7.3652644e-05
9.4273457e-05
0.00012084721
0.00015781272
0.0002151304
0.00031920463
0.00056206771
0.001404412
8.4347119e-06
1.05064e-05
1.5164239e-05
2.2333176e-05
3.1850667e-05
4.3571975e-05
5.7563715e-05
7.4274693e-05
9.4774511e-05
0.00012123896
0.00015811972
0.00021539197
0.00031948872
0.0005625356
0.001405882
9.0867194e-06
1.1215467e-05
1.596025e-05
2.3188513e-05
3.2707834e-05
4.437414e-05
5.8270914e-05
7.4867257e-05
9.5250564e-05
0.0001216108
0.00015841178
0.0002156431
0.00031976634
0.00056300079
0.0014073494
9.7645302e-06
1.1941361e-05
1.6756829e-05
2.4028109e-05
3.3538062e-05
4.5144353e-05
5.8946039e-05
7.5430701e-05
9.5701995e-05
0.000121963
0.00015868902
0.00021588373
0.00032003726
0.00056346282
0.0014088133
1.0464277e-05
1.2680241e-05
1.7550654e-05
2.484969e-05
3.4340184e-05
4.5882275e-05
5.9589227e-05
7.5965352e-05
9.6129136e-05
0.00012229578
0.00015895151
0.00021611378
0.00032030122
0.0005639212
0.001410273
1.1181833e-05
1.3428214e-05
1.8338582e-05
2.5651222e-05
3.5113203e-05
4.658764e-05
6.0200621e-05
7.6471508e-05
9.6532271e-05
0.00012260933
0.0001591993
0.00021633314
0.00032055793
0.00056437543
0.0014117273
1.1912928e-05
1.4181415e-05
1.9117674e-05
2.6430905e-05
3.5856283e-05
4.7260259e-05
6.0780375e-05
7.694944e-05
9.6911647e-05
0.0001229038
0.00015943238
0.00021654165
0.0003208071
0.000564825
0.0014131753
1.2653253e-05
1.493607e-05
1.9885214e-05
2.7187171e-05
3.6568751e-05
4.7900017e-05
6.1328653e-05
7.7399397e-05
9.7267473e-05
0.00012317928
0.00015965073
0.00021673915
0.0003210484
0.00056526937
0.001414616
1.3398561e-05
1.5688557e-05
2.0638715e-05
2.7918678e-05
3.725009e-05
4.8506878e-05
6.1845641e-05
7.7821612e-05
9.759993e-05
0.00012343585
0.00015985429
0.00021692545
0.00032128149
0.00056570798
0.0014160482
1.4144748e-05
1.6435454e-05
2.1375936e-05
2.86243e-05
3.7899934e-05
4.9080886e-05
6.2331547e-05
7.8216309e-05
9.7909171e-05
0.00012367356
0.00016004298
0.00021710032
0.00032150602
0.00056614027
0.0014174709
1.4887925e-05
1.7173574e-05
2.2094877e-05
2.9303117e-05
3.8518061e-05
4.9622163e-05
6.2786609e-05
7.858371e-05
9.8195333e-05
0.00012389242
0.0001602167
0.00021726354
0.0003217216
0.00056656567
0.001418883
1.5624469e-05
1.7900001e-05
2.2793781e-05
2.9954408e-05
3.9104386e-05
5.0130913e-05
6.3211099e-05
7.8924041e-05
9.845854e-05
0.00012409243
0.0001603753
0.00021741485
0.00032192786
0.00056698357
0.0014202831
1.6351065e-05
1.86121e-05
2.3471131e-05
3.0577635e-05
3.9658955e-05
5.0607418e-05
6.3605328e-05
7.9237536e-05
9.8698909e-05
0.00012427358
0.00016051866
0.00021755398
0.0003221244
0.00056739337
0.00142167
1.7064726e-05
1.9307531e-05
2.4125642e-05
3.117243e-05
4.0181938e-05
5.1052042e-05
6.396965e-05
7.952445e-05
9.8916561e-05
0.00012443585
0.00016064662
0.00021768067
0.0003223108
0.00056779445
0.0014230425
1.7762807e-05
1.9984253e-05
2.475625e-05
3.1738586e-05
4.0673614e-05
5.1465223e-05
6.4304468e-05
7.9785058e-05
9.9111623e-05
0.00012457923
0.00016075904
0.00021779463
0.00032248666
0.00056818619
0.0014243993
1.8443007e-05
2.0640515e-05
2.5362104e-05
3.2276038e-05
4.1134367e-05
5.1847473e-05
6.4610228e-05
8.0019666e-05
9.9284234e-05
0.00012470369
0.00016085574
0.00021789558
0.00032265156
0.00056856797
0.0014257389
1.9103362e-05
2.1274849e-05
2.5942554e-05
3.2784857e-05
4.1564673e-05
5.2199371e-05
6.488743e-05
8.0228611e-05
9.9434557e-05
0.00012480924
0.0001609366
0.00021798325
0.0003228051
0.00056893914
0.00142706
1.9742232e-05
2.1886058e-05
2.6497132e-05
3.3265229e-05
4.196509e-05
5.2521564e-05
6.5136622e-05
8.0412267e-05
9.9562778e-05
0.00012489589
0.00016100147
0.00021805737
0.00032294687
0.0005692991
0.0014283612
2.0358281e-05
2.2473197e-05
2.7025543e-05
3.3717449e-05
4.2336251e-05
5.2814752e-05
6.5358399e-05
8.0571045e-05
9.9669114e-05
0.00012496368
0.00016105024
0.00021811768
0.00032307649
0.00056964722
0.0014296409
2.0950457e-05
2.3035556e-05
2.7527649e-05
3.4141905e-05
4.2678852e-05
5.307969e-05
6.5553404e-05
8.0705401e-05
9.9753815e-05
0.00012501268
0.00016108281
0.00021816397
0.00032319357
0.0005699829
0.0014308979
2.1517971e-05
2.3572639e-05
2.8003452e-05
3.4539069e-05
4.299364e-05
5.3317178e-05
6.5722325e-05
8.0815828e-05
9.981717e-05
0.00012504297
0.00016109913
0.00021819603
0.00032329779
0.00057030555
0.0014321305
2.206027e-05
2.4084144e-05
2.8453082e-05
3.4909483e-05
4.3281408e-05
5.3528055e-05
6.5865887e-05
8.0902864e-05
9.9859507e-05
0.00012505471
0.00016109917
0.00021821369
0.00032338883
0.00057061463
0.0014333373
2.257701e-05
2.4569944e-05
2.8876783e-05
3.5253751e-05
4.3542988e-05
5.3713191e-05
6.5984855e-05
8.0967085e-05
9.9881197e-05
0.00012504806
0.00016108293
0.00021821681
0.00032346641
0.0005709096
0.0014345169
2.3068041e-05
2.5030067e-05
2.9274895e-05
3.5572531e-05
4.3779237e-05
5.3873485e-05
6.6080026e-05
8.1009108e-05
9.9882651e-05
0.00012502325
0.00016105047
0.00021820532
0.00032353029
0.00057118999
0.0014356678
2.3533374e-05
2.5464675e-05
2.9647848e-05
3.5866521e-05
4.3991036e-05
5.4009854e-05
6.6152223e-05
8.1029584e-05
9.9864325e-05
0.00012498055
0.0001610019
0.00021817916
0.00032358029
0.00057145535
0.0014367886
2.3973168e-05
2.587405e-05
2.9996144e-05
3.6136456e-05
4.417928e-05
5.4123229e-05
6.6202296e-05
8.1029202e-05
9.9826716e-05
0.00012492026
0.00016093737
0.00021813835
0.00032361627
0.00057170529
0.0014378779
2.4387702e-05
2.6258573e-05
3.0320347e-05
3.63831e-05
4.4344874e-05
5.4214552e-05
6.6231109e-05
8.1008679e-05
9.9770362e-05
0.00012484275
0.00016085707
0.00021808296
0.00032363817
0.0005719395
0.0014389344
2.4777366e-05
2.6618713e-05
3.0621075e-05
3.6607235e-05
4.4488728e-05
5.4284767e-05
6.6239546e-05
8.096876e-05
9.969584e-05
0.00012474843
0.00016076127
0.00021801311
0.00032364596
0.0005721577
0.0014399569
2.5142634e-05
2.6955009e-05
3.0898988e-05
3.680966e-05
4.461175e-05
5.4334819e-05
6.6228497e-05
8.0910214e-05
9.9603762e-05
0.00012463774
0.00016065028
0.00021792898
0.00032363969
0.00057235969
0.0014409443
2.5484056e-05
2.7268062e-05
3.1154782e-05
3.6991185e-05
4.4714845e-05
5.436565e-05
6.6198859e-05
8.0833832e-05
9.9494775e-05
0.0001245112
0.00016052444
0.00021783081
0.00032361947
0.00057254536
0.0014418954
2.5802244e-05
2.7558519e-05
3.1389176e-05
3.7152623e-05
4.4798912e-05
5.4378191e-05
6.6151534e-05
8.0740419e-05
9.9369557e-05
0.00012436933
0.00016038419
0.00021771891
0.00032358548
0.00057271465
0.0014428092
2.6097854e-05
2.7827066e-05
3.1602912e-05
3.7294788e-05
4.4864835e-05
5.4373366e-05
6.6087419e-05
8.0630793e-05
9.9228812e-05
0.00012421272
0.00016022998
0.00021759361
0.00032353797
0.00057286758
0.0014436851
2.6371584e-05
2.8074416e-05
3.1796744e-05
3.7418494e-05
4.4913491e-05
5.4352083e-05
6.6007407e-05
8.0505783e-05
9.9073267e-05
0.00012404198
0.00016006232
0.00021745535
0.00032347723
0.00057300424
0.0014445222
2.6624158e-05
2.8301306e-05
3.1971434e-05
3.7524547e-05
4.4945736e-05
5.4315235e-05
6.5912385e-05
8.0366222e-05
9.8903672e-05
0.00012385776
0.00015988176
0.00021730458
0.00032340363
0.00057312481
0.00144532
2.6856319e-05
2.8508486e-05
3.2127748e-05
3.7613743e-05
4.4962413e-05
5.4263698e-05
6.5803229e-05
8.0212944e-05
9.8720788e-05
0.00012366075
0.0001596889
0.00021714181
0.00032331759
0.00057322953
0.0014460781
2.7068826e-05
2.8696713e-05
3.2266451e-05
3.768687e-05
4.4964345e-05
5.4198328e-05
6.5680802e-05
8.0046785e-05
9.8525393e-05
0.00012345164
0.00015948436
0.00021696761
0.00032321959
0.00057331869
0.0014467961
2.7262443e-05
2.886675e-05
3.2388302e-05
3.7744701e-05
4.4952337e-05
5.4119962e-05
6.5545953e-05
7.9868574e-05
9.8318272e-05
0.00012323116
0.00015926881
0.00021678258
0.00032311015
0.00057339266
0.0014474739
2.7437936e-05
2.9019354e-05
3.2494054e-05
3.7787995e-05
4.4927172e-05
5.4029415e-05
6.5399512e-05
7.9679135e-05
9.8100214e-05
0.00012300005
0.00015904294
0.00021658734
0.00032298983
0.00057345188
0.0014481114
2.7596069e-05
2.9155283e-05
3.2584452e-05
3.7817495e-05
4.4889612e-05
5.3927477e-05
6.5242295e-05
7.9479281e-05
9.7872011e-05
0.00012275906
0.00015880746
0.00021638257
0.00032285924
0.0005734968
0.0014487088
2.7737599e-05
2.9275281e-05
3.2660225e-05
3.7833926e-05
4.4840398e-05
5.381492e-05
6.5075095e-05
7.9269815e-05
9.7634453e-05
0.00012250897
0.00015856309
0.00021616895
0.00032271902
0.00057352796
0.0014492664
2.7863274e-05
2.9380086e-05
3.272209e-05
3.7837997e-05
4.4780249e-05
5.3692489e-05
6.4898687e-05
7.9051525e-05
9.7388326e-05
0.00012225053
0.00015831058
0.0002159472
0.00032256983
0.0005735459
0.0014497844
2.797383e-05
2.9470419e-05
3.277075e-05
3.7830396e-05
4.4709862e-05
5.3560906e-05
6.4713822e-05
7.8825183e-05
9.7134406e-05
0.00012198452
0.00015805069
0.00021571804
0.00032241234
0.00057355123
0.0014502634
2.8069989e-05
2.9546988e-05
3.2806888e-05
3.7811792e-05
4.462991e-05
5.3420871e-05
6.452123e-05
7.8591545e-05
9.6873461e-05
0.00012171169
0.00015778416
0.0002154822
0.00032224725
0.00057354455
0.001450704
2.8152457e-05
2.9610485e-05
3.2831174e-05
3.7782836e-05
4.4541047e-05
5.3273057e-05
6.4321618e-05
7.8351346e-05
9.6606245e-05
0.00012143283
0.00015751175
0.00021524043
0.00032207527
0.00057352651
0.0014511068
2.8221925e-05
2.9661585e-05
3.2844255e-05
3.7744157e-05
4.44439e-05
5.3118115e-05
6.4115671e-05
7.8105303e-05
9.6333498e-05
0.00012114866
0.00015723422
0.00021499346
0.00032189711
0.00057349775
0.0014514726
2.8279062e-05
2.9700944e-05
3.2846763e-05
3.7696365e-05
4.4339078e-05
5.2956673e-05
6.3904049e-05
7.785411e-05
9.6055941e-05
0.00012085993
0.0001569523
0.00021474203
0.00032171347
0.00057345895
0.0014518023
2.8324522e-05
2.9729199e-05
3.2839309e-05
3.7640049e-05
4.4227167e-05
5.2789334e-05
6.3687387e-05
7.7598441e-05
9.5774278e-05
0.00012056738
0.00015666673
0.00021448687
0.00032152505
0.00057341075
0.0014520969
2.8358937e-05
2.9746968e-05
3.2822485e-05
3.757578e-05
4.4108731e-05
5.2616678e-05
6.3466298e-05
7.7338945e-05
9.5489193e-05
0.00012027169
0.00015637822
0.00021422868
0.00032133255
0.00057335384
0.0014523573
2.8382921e-05
2.9754851e-05
3.2796865e-05
3.7504107e-05
4.3984311e-05
5.2439262e-05
6.324137e-05
7.7076247e-05
9.5201345e-05
0.00011997356
0.00015608749
0.00021396817
0.00032113664
0.00057328886
0.0014525846
2.8397069e-05
2.9753426e-05
3.2763002e-05
3.7425559e-05
4.3854431e-05
5.2257621e-05
6.3013168e-05
7.6810951e-05
9.4911375e-05
0.00011967366
0.0001557952
0.00021370602
0.00032093798
0.00057321648
0.00145278
2.8401953e-05
2.9743253e-05
3.2721429e-05
3.7340648e-05
4.3719589e-05
5.2072267e-05
6.2782233e-05
7.6543634e-05
9.4619895e-05
0.00011937263
0.00015550202
0.00021344288
0.00032073721
0.00057313734
0.0014529445
2.8398127e-05
2.9724872e-05
3.2672663e-05
3.7249865e-05
4.3580269e-05
5.1883689e-05
6.2549081e-05
7.627485e-05
9.4327496e-05
0.00011907108
0.00015520858
0.00021317939
0.00032053495
0.00057305205
0.0014530793
2.8386125e-05
2.9698802e-05
3.2617199e-05
3.7153681e-05
4.3436929e-05
5.1692357e-05
6.2314205e-05
7.6005127e-05
9.4034743e-05
0.00011876962
0.00015491549
0.00021291615
0.00032033179
0.00057296124
0.0014531857
2.8366463e-05
2.9665547e-05
3.2555514e-05
3.7052551e-05
4.3290012e-05
5.1498716e-05
6.2078077e-05
7.5734968e-05
9.3742173e-05
0.0001184688
0.00015462334
0.00021265375
0.00032012831
0.00057286549
0.0014532648
2.8339635e-05
2.9625587e-05
3.2488068e-05
3.6946909e-05
4.313994e-05
5.1303195e-05
6.1841144e-05
7.5464854e-05
9.34503e-05
0.00011816917
0.00015433267
0.00021239274
0.00031992503
0.00057276537
0.001453318
2.8306116e-05
2.9579387e-05
3.2415301e-05
3.6837173e-05
4.2987116e-05
5.1106199e-05
6.1603831e-05
7.5195238e-05
9.315961e-05
0.00011787124
0.00015404402
0.00021213364
0.00031972246
0.00057266143
0.0014533464
2.8266366e-05
2.9527392e-05
3.2337637e-05
3.6723743e-05
4.2831925e-05
5.0908114e-05
6.1366542e-05
7.4926552e-05
9.2870563e-05
0.00011757549
0.00015375787
0.00021187693
0.00031952109
0.00057255419
0.0014533513
2.8220823e-05
2.9470029e-05
3.2255481e-05
3.6607001e-05
4.2674736e-05
5.0709308e-05
6.1129658e-05
7.4659202e-05
9.2583592e-05
0.00011728239
0.00015347469
0.00021162309
0.00031932136
0.00057244414
0.0014533339
2.8169908e-05
2.940771e-05
3.2169223e-05
3.6487314e-05
4.2515897e-05
5.0510129e-05
6.0893539e-05
7.439357e-05
9.2299106e-05
0.00011699234
0.00015319492
0.00021137253
0.00031912369
0.00057233176
0.0014532954
2.8114026e-05
2.9340826e-05
3.2079234e-05
3.636503e-05
4.2355743e-05
5.0310906e-05
6.0658526e-05
7.4130017e-05
9.2017487e-05
0.00011670577
0.00015291896
0.00021112565
0.00031892846
0.00057221749
0.0014532371
2.8053563e-05
2.9269754e-05
3.198587e-05
3.6240484e-05
4.2194591e-05
5.0111951e-05
6.0424938e-05
7.386888e-05
9.1739091e-05
0.00011642302
0.00015264719
0.00021088282
0.00031873602
0.00057210175
0.0014531602
2.798889e-05
2.9194854e-05
3.1889473e-05
3.6113993e-05
4.203274e-05
4.9913559e-05
6.0193076e-05
7.3610472e-05
9.1464249e-05
0.00011614446
0.00015237995
0.00021064437
0.0003185467
0.00057198493
0.0014530658
2.7920361e-05
2.911647e-05
3.1790366e-05
3.598586e-05
4.1870477e-05
4.9716007e-05
5.9963221e-05
7.3355088e-05
9.119327e-05
0.0001158704
0.00015211755
0.0002104106
0.00031836079
0.00057186739
0.001452955
2.7848315e-05
2.9034931e-05
3.168886e-05
3.5856373e-05
4.1708071e-05
4.9519556e-05
5.9735635e-05
7.3102999e-05
9.0926435e-05
0.00011560112
0.00015186029
0.00021018178
0.00031817856
0.00057174947
0.001452829
2.7773075e-05
2.8950551e-05
3.1585251e-05
3.5725807e-05
4.1545778e-05
4.9324451e-05
5.9510562e-05
7.2854457e-05
9.0664007e-05
0.00011533689
0.00015160841
0.00020995816
0.00031800024
0.0005716315
0.0014526888
2.7694949e-05
2.8863629e-05
3.147982e-05
3.5594422e-05
4.1383839e-05
4.9130922e-05
5.9288231e-05
7.2609693e-05
9.0406221e-05
0.00011507795
0.00015136216
0.00020973996
0.00031782604
0.00057151375
0.0014525356
2.7614233e-05
2.8774451e-05
3.1372834e-05
3.5462463e-05
4.1222481e-05
4.8939184e-05
5.9068852e-05
7.236892e-05
9.0153294e-05
0.00011482451
0.00015112174
0.00020952736
0.00031765613
0.00057139649
0.0014523703
2.7531205e-05
2.8683288e-05
3.1264549e-05
3.5330164e-05
4.1061918e-05
4.8749437e-05
5.8852619e-05
7.2132331e-05
8.990542e-05
0.00011457677
0.00015088732
0.00020932052
0.00031749069
0.00057127995
0.0014521938
2.7446135e-05
2.8590399e-05
3.1155205e-05
3.5197747e-05
4.0902351e-05
4.8561867e-05
5.863971e-05
7.1900103e-05
8.9662773e-05
0.0001143349
0.00015065906
0.00020911958
0.00031732984
0.00057116438
0.0014520073
2.7359274e-05
2.8496029e-05
3.1045033e-05
3.506542e-05
4.0743969e-05
4.8376648e-05
5.8430289e-05
7.1672394e-05
8.9425509e-05
0.00011409903
0.00015043711
0.00020892468
0.00031717384
0.00057105032
0.0014518114
2.7270865e-05
2.8400412e-05
3.0934249e-05
3.4933379e-05
4.0586949e-05
4.819394e-05
5.8224506e-05
7.1449347e-05
8.9193763e-05
0.00011386931
0.00015022156
0.00020873591
0.00031702267
0.00057093698
0.0014516069
2.7181137e-05
2.8303769e-05
3.0823059e-05
3.4801811e-05
4.0431455e-05
4.801389e-05
5.8022496e-05
7.1231088e-05
8.8967655e-05
0.00011364582
0.00015001251
0.00020855332
0.00031687626
0.00057082417
0.0014513946
2.7090308e-05
2.820631e-05
3.0711657e-05
3.467089e-05
4.0277641e-05
4.7836634e-05
5.782438e-05
7.1017729e-05
8.8747285e-05
0.00011342868
0.00014981005
0.00020837704
0.000316735
0.00057071116
0.0014511749
2.6998583e-05
2.8108233e-05
3.0600226e-05
3.4540778e-05
4.012565e-05
4.7662297e-05
5.7630268e-05
7.0809366e-05
8.853274e-05
0.00011321794
0.00014961423
0.00020820709
0.0003165985
0.00057059835
0.0014509487
2.6906157e-05
2.8009727e-05
3.0488941e-05
3.441163e-05
3.9975613e-05
4.7490991e-05
5.7440256e-05
7.0606084e-05
8.832409e-05
0.00011301367
0.00014942507
0.00020804336
0.00031646648
0.00057048621
0.0014507165
2.6813215e-05
2.7910968e-05
3.0377963e-05
3.4283589e-05
3.9827655e-05
4.7322818e-05
5.7254431e-05
7.0407953e-05
8.8121391e-05
0.00011281591
0.00014924263
0.00020788603
0.00031633847
0.00057037528
0.0014504792
2.6719932e-05
2.7812124e-05
3.0267445e-05
3.4156789e-05
3.9681887e-05
4.7157872e-05
5.7072866e-05
7.0215031e-05
8.792469e-05
0.00011262468
0.00014906691
0.0002077349
0.00031621446
0.00057026596
0.0014502375
2.6626472e-05
2.7713352e-05
3.0157531e-05
3.4031355e-05
3.9538412e-05
4.6996235e-05
5.6895626e-05
7.0027366e-05
8.7734012e-05
0.00011243999
0.00014889782
0.00020758974
0.00031609463
0.00057015849
0.0014499922
2.6532989e-05
2.7614802e-05
3.0048356e-05
3.3907401e-05
3.9397326e-05
4.6837981e-05
5.6722764e-05
6.9844995e-05
8.7549384e-05
0.00011226187
0.00014873545
0.00020745018
0.00031597916
0.00057005307
0.001449744
2.6439631e-05
2.7516612e-05
2.9940045e-05
3.3785036e-05
3.9258715e-05
4.6683174e-05
5.6554327e-05
6.9667944e-05
8.7370813e-05
0.00011209028
0.00014857964
0.00020731613
0.00031586814
0.0005699499
0.0014494934
2.6346534e-05
2.7418913e-05
2.9832716e-05
3.3664359e-05
3.9122657e-05
4.6531871e-05
5.6390349e-05
6.9496228e-05
8.7198282e-05
0.00011192514
0.00014843019
0.00020718766
0.00031576163
0.00056984911
0.0014492412
2.6253826e-05
2.7321828e-05
2.9726479e-05
3.3545461e-05
3.8989222e-05
4.6384122e-05
5.6230859e-05
6.9329861e-05
8.7031808e-05
0.00011176654
0.00014828677
0.00020706479
0.00031565964
0.00056975083
0.0014489879
2.6161629e-05
2.7225471e-05
2.9621434e-05
3.3428426e-05
3.8858473e-05
4.6239967e-05
5.6075878e-05
6.9168837e-05
8.6871339e-05
0.00011161427
0.00014814936
0.00020694749
0.00031556218
0.00056965514
0.0014487341
2.6070055e-05
2.7129949e-05
2.9517677e-05
3.3313331e-05
3.8730467e-05
4.6099442e-05
5.5925419e-05
6.9013153e-05
8.6716862e-05
0.00011146811
0.00014801795
0.00020683572
0.00031546923
0.00056956211
0.0014484802
2.5979211e-05
2.7035362e-05
2.9415295e-05
3.3200246e-05
3.8605254e-05
4.5962574e-05
5.5779489e-05
6.8862791e-05
8.6568315e-05
0.00011132792
0.00014789249
0.00020672945
0.00031538077
0.00056947181
0.0014482269
2.5889194e-05
2.6941803e-05
2.9314369e-05
3.3089235e-05
3.8482876e-05
4.5829385e-05
5.5638086e-05
6.8717722e-05
8.6425533e-05
0.00011119366
0.0001477729
0.00020662858
0.00031529674
0.00056938427
0.0014479744
2.5800096e-05
2.6849357e-05
2.9214972e-05
3.2980355e-05
3.8363373e-05
4.5699894e-05
5.5501209e-05
6.8577933e-05
8.6288347e-05
0.00011106526
0.00014765912
0.00020653307
0.00031521709
0.00056929951
0.0014477232
2.5712002e-05
2.6758105e-05
2.9117173e-05
3.2873658e-05
3.8246776e-05
4.557411e-05
5.5368846e-05
6.8443287e-05
8.6156712e-05
0.00011094265
0.00014755107
0.0002064428
0.00031514174
0.00056921754
0.0014474738
2.5624992e-05
2.666812e-05
2.9021034e-05
3.2769191e-05
3.8133114e-05
4.5452042e-05
5.5240985e-05
6.8313658e-05
8.6030562e-05
0.00011082575
0.00014744864
0.00020635769
0.00031507062
0.00056913836
0.0014472264
2.5539138e-05
2.657947e-05
2.8926613e-05
3.2666997e-05
3.8022412e-05
4.5333703e-05
5.5117517e-05
6.8189e-05
8.5909827e-05
0.00011071448
0.00014735174
0.00020627764
0.00031500364
0.00056906196
0.0014469814
2.5454508e-05
2.6492217e-05
2.8833962e-05
3.2567113e-05
3.791469e-05
4.5219065e-05
5.4998374e-05
6.8069253e-05
8.579443e-05
0.00011060875
0.00014726026
0.00020620253
0.00031494072
0.00056898833
0.0014467391
2.5371165e-05
2.6406421e-05
2.874313e-05
3.2469575e-05
3.7809971e-05
4.5108059e-05
5.4883514e-05
6.7954356e-05
8.5684291e-05
0.00011050844
0.00014717409
0.00020613225
0.00031488174
0.00056891745
0.0014464997
2.5289167e-05
2.6322135e-05
2.8654163e-05
3.2374421e-05
3.7708215e-05
4.500066e-05
5.4772891e-05
6.7844243e-05
8.5579324e-05
0.00011041347
0.00014709312
0.00020606667
0.00031482661
0.00056884927
0.0014462636
2.520857e-05
2.6239412e-05
2.8567104e-05
3.2281645e-05
3.7609413e-05
4.4896839e-05
5.4666457e-05
6.7738844e-05
8.5479439e-05
0.00011032372
0.00014701721
0.00020600568
0.00031477523
0.00056878378
0.0014460309
2.5129425e-05
2.6158294e-05
2.8481972e-05
3.2191254e-05
3.7513552e-05
4.4796565e-05
5.4564159e-05
6.7638086e-05
8.5384542e-05
0.00011023908
0.00014694625
0.00020594914
0.00031472749
0.00056872094
0.0014458018
2.5051769e-05
2.6078814e-05
2.8398787e-05
3.2103252e-05
3.742062e-05
4.4699804e-05
5.4465944e-05
6.7541894e-05
8.5294537e-05
0.00011015943
0.00014688011
0.00020589692
0.00031468328
0.00056866069
0.0014455766
2.4975639e-05
2.6000999e-05
2.8317564e-05
3.201764e-05
3.7330598e-05
4.4606519e-05
5.4371753e-05
6.7450187e-05
8.5209323e-05
0.00011008466
0.00014681866
0.00020584889
0.00031464248
0.00056860299
0.0014453554
2.4901062e-05
2.5924872e-05
2.8238319e-05
3.1934418e-05
3.724347e-05
4.4516673e-05
5.4281526e-05
6.7362885e-05
8.5128798e-05
0.00011001464
0.00014676176
0.00020580493
0.00031460498
0.0005685478
0.0014451383
2.4828064e-05
2.5850455e-05
2.816106e-05
3.1853582e-05
3.7159214e-05
4.4430224e-05
5.4195202e-05
6.7279903e-05
8.5052856e-05
0.00010994926
0.00014670927
0.00020576489
0.00031457068
0.00056849506
0.0014449255
2.4756668e-05
2.5777765e-05
2.8085796e-05
3.1775125e-05
3.7077805e-05
4.4347129e-05
5.4112715e-05
6.7201154e-05
8.4981391e-05
0.00010988838
0.00014666107
0.00020572863
0.00031453945
0.00056844472
0.0014447171
2.4686891e-05
2.5706815e-05
2.8012531e-05
3.1699038e-05
3.6999219e-05
4.4267342e-05
5.4033999e-05
6.7126551e-05
8.4914294e-05
0.00010983189
0.00014661702
0.00020569603
0.00031451119
0.00056839673
0.0014445132
2.4618749e-05
2.5637618e-05
2.7941268e-05
3.1625311e-05
3.6923427e-05
4.4190816e-05
5.3958986e-05
6.7056003e-05
8.4851454e-05
0.00010977965
0.00014657697
0.00020566695
0.00031448578
0.00056835102
0.0014443139
2.4552255e-05
2.557018e-05
2.7872005e-05
3.155393e-05
3.6850399e-05
4.4117502e-05
5.3887604e-05
6.6989418e-05
8.4792759e-05
0.00010973153
0.0001465408
0.00020564126
0.00031446311
0.00056830755
0.0014441192
2.4487418e-05
2.5504509e-05
2.7804741e-05
3.1484879e-05
3.6780104e-05
4.4047348e-05
5.3819783e-05
6.6926704e-05
8.4738098e-05
0.00010968742
0.00014650837
0.00020561882
0.00031444307
0.00056826626
0.0014439293
2.4424247e-05
2.5440608e-05
2.773947e-05
3.1418141e-05
3.6712508e-05
4.3980302e-05
5.3755449e-05
6.6867767e-05
8.4687356e-05
0.00010964717
0.00014647953
0.00020559951
0.00031442556
0.00056822709
0.0014437441
2.4362746e-05
2.5378478e-05
2.7676185e-05
3.1353696e-05
3.6647574e-05
4.3916311e-05
5.3694527e-05
6.6812511e-05
8.4640421e-05
0.00010961067
0.00014645417
0.00020558319
0.00031441046
0.00056818998
0.0014435637
2.4302917e-05
2.5318118e-05
2.7614876e-05
3.1291522e-05
3.6585267e-05
4.3855317e-05
5.3636943e-05
6.6760842e-05
8.4597179e-05
0.00010957778
0.00014643213
0.00020556973
0.00031439767
0.00056815488
0.0014433881
2.4244763e-05
2.5259525e-05
2.7555534e-05
3.1231598e-05
3.6525547e-05
4.3797265e-05
5.3582618e-05
6.6712663e-05
8.4557515e-05
0.00010954838
0.0001464133
0.00020555902
0.0003143871
0.00056812174
0.0014432173
2.418828e-05
2.5202694e-05
2.7498143e-05
3.1173896e-05
3.6468374e-05
4.3742096e-05
5.3531477e-05
6.6667876e-05
8.4521316e-05
0.00010952234
0.00014639754
0.00020555092
0.00031437863
0.0005680905
0.0014430514
2.4133465e-05
2.5147617e-05
2.7442691e-05
3.1118392e-05
3.6413706e-05
4.3689751e-05
5.3483441e-05
6.6626387e-05
8.4488469e-05
0.00010949954
0.00014638472
0.00020554532
0.00031437219
0.0005680611
0.0014428904
2.4080314e-05
2.5094286e-05
2.7389159e-05
3.1065057e-05
3.6361502e-05
4.3640171e-05
5.3438431e-05
6.6588097e-05
8.4458861e-05
0.00010947985
0.00014637471
0.0002055421
0.00031436766
0.00056803351
0.0014427342
2.4028819e-05
2.504269e-05
2.7337531e-05
3.1013862e-05
3.6311716e-05
4.3593294e-05
5.3396369e-05
6.6552909e-05
8.4432379e-05
0.00010946315
0.0001463674
0.00020554115
0.00031436496
0.00056800766
0.0014425828
2.3978971e-05
2.4992817e-05
2.7287786e-05
3.0964777e-05
3.6264305e-05
4.354906e-05
5.3357175e-05
6.6520728e-05
8.4408913e-05
0.00010944932
0.00014636265
0.00020554234
0.000314364
0.00056798351
0.0014424363
2.3930759e-05
2.4944654e-05
2.7239903e-05
3.0917768e-05
3.6219223e-05
4.3507405e-05
5.3320769e-05
6.6491456e-05
8.4388352e-05
0.00010943824
0.00014636035
0.00020554557
0.00031436469
0.00056796102
0.0014422945
2.3884172e-05
2.4898184e-05
2.719386e-05
3.0872804e-05
3.6176422e-05
4.3468267e-05
5.3287072e-05
6.6464999e-05
8.4370586e-05
0.0001094298
0.00014636038
0.00020555074
0.00031436695
0.00056794014
0.0014421576
2.3839197e-05
2.4853392e-05
2.7149634e-05
3.082985e-05
3.6135855e-05
4.3431584e-05
5.3256005e-05
6.6441259e-05
8.4355507e-05
0.00010942387
0.00014636262
0.00020555773
0.00031437069
0.00056792081
0.0014420255
2.3795817e-05
2.4810258e-05
2.7107199e-05
3.0788871e-05
3.6097474e-05
4.3397291e-05
5.3227487e-05
6.6420143e-05
8.4343009e-05
0.00010942034
0.00014636697
0.00020556645
0.00031437584
0.000567903
0.0014418981
2.3754018e-05
2.4768765e-05
2.706653e-05
3.0749832e-05
3.606123e-05
4.3365325e-05
5.3201439e-05
6.6401557e-05
8.4332985e-05
0.00010941911
0.0001463733
0.00020557679
0.00031438231
0.00056788665
0.0014417755
2.3713782e-05
2.4728892e-05
2.7027599e-05
3.0712694e-05
3.6027074e-05
4.3335621e-05
5.3177782e-05
6.6385406e-05
8.432533e-05
0.00010942005
0.00014638152
0.00020558866
0.00031439003
0.00056787173
0.0014416575
2.3675089e-05
2.4690616e-05
2.6990378e-05
3.0677422e-05
3.5994955e-05
4.3308116e-05
5.3156437e-05
6.6371599e-05
8.4319943e-05
0.00010942307
0.00014639151
0.00020560195
0.00031439892
0.00056785819
0.0014415442
2.3637921e-05
2.4653916e-05
2.6954839e-05
3.0643975e-05
3.5964824e-05
4.3282745e-05
5.3137325e-05
6.6360043e-05
8.431672e-05
0.00010942805
0.00014640317
0.00020561658
0.00031440891
0.00056784597
0.0014414354
2.3602257e-05
2.4618767e-05
2.6920952e-05
3.0612315e-05
3.5936628e-05
4.3259444e-05
5.3120369e-05
6.6350649e-05
8.4315564e-05
0.0001094349
0.0001464164
0.00020563246
0.00031441993
0.00056783504
0.0014413313
2.3568074e-05
2.4585146e-05
2.6888685e-05
3.0582403e-05
3.5910318e-05
4.3238149e-05
5.310549e-05
6.6343327e-05
8.4316374e-05
0.0001094435
0.0001464311
0.0002056495
0.0003144319
0.00056782533
0.0014412316
2.3535351e-05
2.4553027e-05
2.6858009e-05
3.0554199e-05
3.5885842e-05
4.3218796e-05
5.3092613e-05
6.6337988e-05
8.4319055e-05
0.00010945377
0.00014644718
0.0002056676
0.00031444476
0.00056781681
0.0014411363
2.3504063e-05
2.4522383e-05
2.682889e-05
3.0527661e-05
3.5863148e-05
4.3201321e-05
5.308166e-05
6.6334545e-05
8.4323512e-05
0.00010946559
0.00014646453
0.0002056867
0.00031445844
0.00056780943
0.0014410454
2.3474187e-05
2.4493189e-05
2.6801297e-05
3.0502749e-05
3.5842185e-05
4.318566e-05
5.3072556e-05
6.6332913e-05
8.4329653e-05
0.00010947889
0.00014648308
0.00020570671
0.00031447287
0.00056780313
0.0014409588
2.3445698e-05
2.4465415e-05
2.6775195e-05
3.0479422e-05
3.5822901e-05
4.3171751e-05
5.3065227e-05
6.6333007e-05
8.4337385e-05
0.00010949356
0.00014650272
0.00020572754
0.000314488
0.00056779786
0.0014408763
2.341857e-05
2.4439036e-05
2.6750553e-05
3.0457638e-05
3.5805245e-05
4.3159531e-05
5.30596e-05
6.6334744e-05
8.4346621e-05
0.00010950952
0.00014652339
0.00020574913
0.00031450375
0.00056779358
0.001440798
2.3392777e-05
2.4414021e-05
2.6727335e-05
3.0437356e-05
3.5789166e-05
4.3148937e-05
5.30556e-05
6.6338043e-05
8.4357272e-05
0.00010952668
0.00014654498
0.0002057714
0.00031452007
0.00056779024
0.0014407237
2.3368293e-05
2.4390342e-05
2.6705508e-05
3.0418534e-05
3.5774612e-05
4.313991e-05
5.3053158e-05
6.6342823e-05
8.4369256e-05
0.00010954494
0.00014656743
0.00020579428
0.00031453691
0.00056778778
0.0014406533
2.334509e-05
2.4367969e-05
2.6685038e-05
3.0401129e-05
3.5761533e-05
4.3132386e-05
5.3052203e-05
6.6349008e-05
8.4382488e-05
0.00010956424
0.00014659065
0.00020581771
0.00031455421
0.00056778616
0.0014405867
2.332314e-05
2.4346873e-05
2.6665889e-05
3.0385101e-05
3.5749878e-05
4.3126307e-05
5.3052664e-05
6.6356519e-05
8.439689e-05
0.00010958449
0.00014661458
0.00020584162
0.00031457192
0.00056778535
0.0014405238
2.3302417e-05
2.4327023e-05
2.6648027e-05
3.0370408e-05
3.5739596e-05
4.3121614e-05
5.3054475e-05
6.6365283e-05
8.4412381e-05
0.00010960561
0.00014663913
0.00020586595
0.00031458998
0.00056778528
0.0014404645
2.3282891e-05
2.430839e-05
2.6631416e-05
3.0357008e-05
3.573064e-05
4.3118247e-05
5.3057569e-05
6.6375227e-05
8.4428887e-05
0.00010962753
0.00014666425
0.00020589064
0.00031460837
0.00056778594
0.0014404088
2.3264534e-05
2.4290942e-05
2.6616023e-05
3.034486e-05
3.5722958e-05
4.3116149e-05
5.306188e-05
6.6386279e-05
8.4446334e-05
0.00010965018
0.00014668987
0.00020591564
0.00031462702
0.00056778727
0.0014403564
2.3247319e-05
2.427465e-05
2.6601812e-05
3.0333922e-05
3.5716502e-05
4.3115263e-05
5.3067345e-05
6.6398371e-05
8.4464651e-05
0.00010967348
0.00014671591
0.00020594089
0.0003146459
0.00056778924
0.0014403074
2.3231215e-05
2.4259481e-05
2.6588747e-05
3.0324154e-05
3.5711225e-05
4.3115535e-05
5.3073901e-05
6.6411434e-05
8.4483768e-05
0.00010969738
0.00014674233
0.00020596635
0.00031466497
0.00056779183
0.0014402615
2.3216194e-05
2.4245406e-05
2.6576795e-05
3.0315516e-05
3.5707079e-05
4.3116908e-05
5.3081486e-05
6.6425404e-05
8.4503619e-05
0.0001097218
0.00014676907
0.00020599197
0.00031468419
0.00056779499
0.0014402188
2.3202227e-05
2.4232394e-05
2.6565921e-05
3.0307966e-05
3.5704016e-05
4.311933e-05
5.3090041e-05
6.6440217e-05
8.452414e-05
0.00010974669
0.00014679607
0.0002060177
0.00031470354
0.0005677987
0.0014401791
2.3189284e-05
2.4220413e-05
2.655609e-05
3.0301465e-05
3.5701992e-05
4.3122748e-05
5.3099509e-05
6.645581e-05
8.4545267e-05
0.00010977198
0.00014682328
0.00020604349
0.00031472298
0.00056780294
0.0014401424
2.3177338e-05
2.4209433e-05
2.6547267e-05
3.0295975e-05
3.5700959e-05
4.3127109e-05
5.3109831e-05
6.6472125e-05
8.4566941e-05
0.00010979762
0.00014685064
0.00020606932
0.00031474247
0.00056780766
0.0014401085
2.3166357e-05
2.4199424e-05
2.6539418e-05
3.0291454e-05
3.5700875e-05
4.3132365e-05
5.3120953e-05
6.6489102e-05
8.4589104e-05
0.00010982356
0.00014687812
0.00020609514
0.000314762
0.00056781286
0.0014400774
2.3156314e-05
2.4190354e-05
2.653251e-05
3.0287866e-05
3.5701694e-05
4.3138464e-05
5.3132821e-05
6.6506686e-05
8.46117e-05
0.00010984974
0.00014690566
0.00020612092
0.00031478153
0.00056781851
0.001440049
2.3147179e-05
2.4182192e-05
2.6526509e-05
3.0285172e-05
3.5703373e-05
4.314536e-05
5.3145382e-05
6.6524821e-05
8.4634674e-05
0.00010987611
0.00014693323
0.00020614661
0.00031480103
0.00056782457
0.0014400231
2.3138923e-05
2.4174909e-05
2.6521381e-05
3.0283334e-05
3.570587e-05
4.3153003e-05
5.3158585e-05
6.6543456e-05
8.4657975e-05
0.00010990262
0.00014696078
0.00020617219
0.00031482049
0.00056783103
0.0014399999
2.3131518e-05
2.4168475e-05
2.6517094e-05
3.0282316e-05
3.5709143e-05
4.316135e-05
5.3172381e-05
6.6562539e-05
8.4681554e-05
0.00010992923
0.00014698827
0.00020619763
0.00031483988
0.00056783787
0.001439979
2.3124934e-05
2.4162858e-05
2.6513613e-05
3.028208e-05
3.5713151e-05
4.3170353e-05
5.3186722e-05
6.658202e-05
8.4705361e-05
0.0001099559
0.00014701566
0.0002062229
0.00031485916
0.00056784505
0.0014399606
2.3119143e-05
2.415803e-05
2.6510908e-05
3.028259e-05
3.5717855e-05
4.317997e-05
5.320156e-05
6.6601852e-05
8.4729351e-05
0.00010998258
0.00014704292
0.00020624796
0.00031487834
0.00056785256
0.0014399444
2.3114116e-05
2.415396e-05
2.6508946e-05
3.0283812e-05
3.5723214e-05
4.3190157e-05
5.3216851e-05
6.662199e-05
8.475348e-05
0.00011000923
0.00014707002
0.0002062728
0.00031489737
0.00056786037
0.0014399305
2.3109826e-05
2.415062e-05
2.6507695e-05
3.028571e-05
3.572919e-05
4.3200873e-05
5.3232551e-05
6.6642388e-05
8.4777704e-05
0.00011003581
0.00014709692
0.00020629738
0.00031491624
0.00056786846
0.0014399187
2.3106244e-05
2.4147981e-05
2.6507124e-05
3.028825e-05
3.5735747e-05
4.3212077e-05
5.3248617e-05
6.6663005e-05
8.4801985e-05
0.0001100623
0.00014712359
0.00020632168
0.00031493493
0.0005678768
0.001439909
2.3103343e-05
2.4146013e-05
2.6507203e-05
3.0291398e-05
3.5742846e-05
4.322373e-05
5.3265008e-05
6.6683798e-05
8.4826283e-05
0.00011008864
0.00014715001
0.00020634569
0.00031495343
0.00056788537
0.0014399013
2.3101096e-05
2.4144689e-05
2.6507901e-05
3.0295122e-05
3.5750452e-05
4.3235793e-05
5.3281684e-05
6.670473e-05
8.485056e-05
0.00011011482
0.00014717614
0.00020636937
0.00031497171
0.00056789415
0.0014398955
2.3099474e-05
2.414398e-05
2.6509188e-05
3.0299389e-05
3.5758531e-05
4.324823e-05
5.3298608e-05
6.6725762e-05
8.4874782e-05
0.00011014079
0.00014720196
0.00020639271
0.00031498975
0.00056790312
0.0014398915
2.3098453e-05
2.414386e-05
2.6511034e-05
3.0304168e-05
3.5767048e-05
4.3261004e-05
5.3315743e-05
6.6746858e-05
8.4898916e-05
0.00011016654
0.00014722745
0.00020641569
0.00031500755
0.00056791224
0.0014398893
2.3098004e-05
2.41443e-05
2.6513412e-05
3.0309427e-05
3.577597e-05
4.3274081e-05
5.3333052e-05
6.6767984e-05
8.4922928e-05
0.00011019203
0.00014725259
0.00020643829
0.00031502509
0.00056792151
0.0014398888
2.3098103e-05
2.4145274e-05
2.6516293e-05
3.0315136e-05
3.5785264e-05
4.3287426e-05
5.3350502e-05
6.6789106e-05
8.494679e-05
0.00011021724
0.00014727735
0.0002064605
0.00031504234
0.00056793089
0.0014398898
2.3098723e-05
2.4146756e-05
2.6519649e-05
3.0321267e-05
3.5794901e-05
4.3301007e-05
5.336806e-05
6.6810194e-05
8.4970472e-05
0.00011024213
0.00014730172
0.0002064823
0.0003150593
0.00056794037
0.0014398924
2.3099839e-05
2.4148719e-05
2.6523453e-05
3.0327789e-05
3.5804848e-05
4.3314794e-05
5.3385694e-05
6.6831216e-05
8.4993948e-05
0.0001102667
0.00014732567
0.00020650368
0.00031507597
0.00056794993
0.0014398964
2.3101428e-05
2.415114e-05
2.6527678e-05
3.0334676e-05
3.5815077e-05
4.3328755e-05
5.3403376e-05
6.6852146e-05
8.5017193e-05
0.00011029092
0.0001473492
0.00020652463
0.00031509231
0.00056795955
0.0014399018
2.3103464e-05
2.4153992e-05
2.6532299e-05
3.0341899e-05
3.582556e-05
4.3342861e-05
5.3421075e-05
6.6872955e-05
8.5040182e-05
0.00011031477
0.00014737228
0.00020654514
0.00031510834
0.0005679692
0.0014399085
2.3105923e-05
2.4157251e-05
2.6537291e-05
3.0349433e-05
3.5836268e-05
4.3357085e-05
5.3438765e-05
6.6893619e-05
8.5062892e-05
0.00011033823
0.00014739491
0.00020656519
0.00031512403
0.00056797887
0.0014399164
2.3108783e-05
2.4160894e-05
2.6542628e-05
3.0357251e-05
3.5847175e-05
4.33714e-05
5.345642e-05
6.6914112e-05
8.5085305e-05
0.00011036128
0.00014741707
0.00020658478
0.00031513938
0.00056798855
0.0014399254
2.311202e-05
2.4164898e-05
2.6548286e-05
3.0365329e-05
3.5858256e-05
4.338578e-05
5.3474014e-05
6.6934413e-05
8.5107399e-05
0.00011038391
0.00014743875
0.0002066039
0.00031515438
0.00056799821
0.0014399355
2.3115613e-05
2.4169239e-05
2.6554243e-05
3.0373642e-05
3.5869486e-05
4.34002e-05
5.3491524e-05
6.6954501e-05
8.5129157e-05
0.00011040611
0.00014745994
0.00020662255
0.00031516903
0.00056800785
0.0014399466
2.3119538e-05
2.4173896e-05
2.6560475e-05
3.0382167e-05
3.5880841e-05
4.3414637e-05
5.3508929e-05
6.6974355e-05
8.5150563e-05
0.00011042787
0.00014748064
0.00020664071
0.00031518331
0.00056801744
0.0014399586
2.3123776e-05
2.4178847e-05
2.656696e-05
3.0390882e-05
3.5892298e-05
4.3429069e-05
5.3526206e-05
6.6993956e-05
8.5171601e-05
0.00011044916
0.00014750083
0.0002066584
0.00031519724
0.00056802697
0.0014399714
2.3128306e-05
2.4184071e-05
2.6573678e-05
3.0399764e-05
3.5903835e-05
4.3443473e-05
5.3543336e-05
6.7013288e-05
8.5192257e-05
0.00011046999
0.00014752051
0.00020667559
0.0003152108
0.00056803644
0.0014399851
2.3133106e-05
2.4189548e-05
2.6580606e-05
3.0408793e-05
3.5915432e-05
4.3457831e-05
5.35603e-05
6.7032334e-05
8.5212519e-05
0.00011049034
0.00014753968
0.0002066923
0.00031522399
0.00056804583
0.0014399995
2.3138158e-05
2.4195257e-05
2.6587726e-05
3.0417948e-05
3.5927067e-05
4.3472122e-05
5.3577082e-05
6.7051079e-05
8.5232375e-05
0.00011051021
0.00014755833
0.00020670852
0.00031523681
0.00056805512
0.0014400145
2.3143442e-05
2.420118e-05
2.6595017e-05
3.042721e-05
3.5938724e-05
4.3486329e-05
5.3593664e-05
6.706951e-05
8.5251816e-05
0.00011052959
0.00014757646
0.00020672425
0.00031524926
0.00056806436
0.0014400302
2.3148941e-05
2.4207298e-05
2.6602461e-05
3.043656e-05
3.5950381e-05
4.3500434e-05
5.3610031e-05
6.7087614e-05
8.5270832e-05
0.00011054847
0.00014759406
0.00020673949
0.00031526136
0.00056807346
0.0014400464
2.3154635e-05
2.4213593e-05
2.661004e-05
3.044598e-05
3.5962024e-05
4.3514422e-05
5.3626169e-05
6.710538e-05
8.5289414e-05
0.00011056686
0.00014761115
0.00020675425
0.00031527308
0.00056808239
0.0014400631
2.3160507e-05
2.4220047e-05
2.6617736e-05
3.0455453e-05
3.5973634e-05
4.3528276e-05
5.3642065e-05
6.7122798e-05
8.5307557e-05
0.00011058474
0.00014762771
0.00020676852
0.00031528444
0.00056809112
0.0014400802
2.3166541e-05
2.4226644e-05
2.6625533e-05
3.0464963e-05
3.5985197e-05
4.3541983e-05
5.3657707e-05
6.7139857e-05
8.5325255e-05
0.00011060212
0.00014764376
0.00020678232
0.00031529545
0.00056809958
0.0014400977
2.317272e-05
2.4233367e-05
2.6633413e-05
3.0474493e-05
3.5996696e-05
4.3555529e-05
5.3673083e-05
6.7156551e-05
8.5342502e-05
0.00011061899
0.00014765928
0.00020679564
0.00031530607
0.0005681078
0.0014401155
2.3179028e-05
2.42402e-05
2.6641363e-05
3.0484029e-05
3.6008119e-05
4.3568902e-05
5.3688183e-05
6.7172871e-05
8.5359295e-05
0.00011063535
0.00014767429
0.00020680849
0.00031531629
0.00056811582
0.0014401336
2.3185449e-05
2.4247128e-05
2.6649366e-05
3.0493555e-05
3.6019452e-05
4.3582089e-05
5.3702999e-05
6.7188811e-05
8.537563e-05
0.00011065122
0.00014768879
0.00020682087
0.00031532608
0.00056812365
0.001440152
2.319197e-05
2.4254136e-05
2.6657408e-05
3.0503059e-05
3.6030681e-05
4.3595081e-05
5.371752e-05
6.7204366e-05
8.5391506e-05
0.00011066657
0.00014770278
0.00020683279
0.00031533544
0.00056813132
0.0014401706
2.3198576e-05
2.426121e-05
2.6665476e-05
3.0512527e-05
3.6041796e-05
4.3607866e-05
5.373174e-05
6.721953e-05
8.540692e-05
0.00011068143
0.00014771626
0.00020684422
0.0003153444
0.00056813883
0.0014401894
2.3205252e-05
2.4268337e-05
2.6673556e-05
3.0521948e-05
3.6052785e-05
4.3620436e-05
5.3745651e-05
6.72343e-05
8.5421873e-05
0.00011069578
0.00014772925
0.00020685516
0.00031535297
0.00056814619
0.0014402084
2.3211986e-05
2.4275504e-05
2.6681636e-05
3.0531308e-05
3.6063638e-05
4.3632781e-05
5.3759249e-05
6.7248673e-05
8.5436365e-05
0.00011070964
0.00014774173
0.00020686559
0.00031536117
0.0005681534
0.0014402276
2.3218765e-05
2.4282697e-05
2.6689703e-05
3.0540597e-05
3.6074344e-05
4.3644895e-05
5.3772526e-05
6.7262646e-05
8.5450395e-05
0.000110723
0.00014775372
0.00020687554
0.00031536901
0.00056816046
0.0014402469
2.3225576e-05
2.4289906e-05
2.6697746e-05
3.0549804e-05
3.6084895e-05
4.365677e-05
5.3785478e-05
6.7276218e-05
8.5463967e-05
0.00011073588
0.00014776518
0.00020688502
0.0003153765
0.00056816738
0.0014402662
2.3232409e-05
2.4297118e-05
2.6705755e-05
3.0558919e-05
3.6095281e-05
4.3668399e-05
5.3798103e-05
6.7289387e-05
8.547708e-05
0.00011074826
0.00014777612
0.00020689405
0.00031538364
0.00056817414
0.0014402857
2.3239251e-05
2.4304322e-05
2.6713719e-05
3.0567934e-05
3.6105496e-05
4.3679776e-05
5.3810395e-05
6.7302154e-05
8.5489737e-05
0.00011076015
0.00014778657
0.00020690263
0.00031539045
0.00056818076
0.0014403052
2.3246092e-05
2.4311508e-05
2.6721627e-05
3.0576838e-05
3.6115532e-05
4.3690897e-05
5.3822354e-05
6.7314518e-05
8.5501944e-05
0.00011077154
0.00014779652
0.00020691077
0.00031539694
0.00056818723
0.0014403247
2.3252922e-05
2.4318667e-05
2.6729471e-05
3.0585625e-05
3.6125383e-05
4.3701757e-05
5.3833976e-05
6.7326481e-05
8.5513697e-05
0.00011078243
0.00014780599
0.00020691848
0.0003154031
0.00056819354
0.0014403441
2.3259732e-05
2.4325788e-05
2.6737242e-05
3.0594285e-05
3.6135042e-05
4.3712352e-05
5.3845262e-05
6.7338045e-05
8.5524987e-05
0.00011079283
0.00014781498
0.00020692578
0.00031540896
0.00056819969
0.0014403636
2.3266511e-05
2.4332862e-05
2.6744932e-05
3.0602813e-05
3.6144504e-05
4.372268e-05
5.385621e-05
6.734921e-05
8.5535818e-05
0.00011080276
0.00014782352
0.00020693267
0.0003154145
0.00056820569
0.0014403829
2.3273251e-05
2.4339882e-05
2.6752532e-05
3.0611202e-05
3.6153764e-05
4.3732737e-05
5.3866822e-05
6.7359968e-05
8.5546196e-05
0.00011081222
0.0001478316
0.00020693917
0.00031541975
0.00056821151
0.0014404021
2.3279944e-05
2.434684e-05
2.6760037e-05
3.0619446e-05
3.6162819e-05
4.3742523e-05
5.3877095e-05
6.7370319e-05
8.5556127e-05
0.00011082122
0.00014783925
0.00020694528
0.0003154247
0.00056821718
0.0014404212
2.3286582e-05
2.4353727e-05
2.6767439e-05
3.062754e-05
3.6171665e-05
4.3752036e-05
5.3887025e-05
6.7380269e-05
8.5565617e-05
0.00011082976
0.00014784646
0.00020695102
0.00031542937
0.00056822267
0.0014404401
2.3293159e-05
2.4360538e-05
2.6774732e-05
3.0635479e-05
3.6180299e-05
4.3761274e-05
5.389661e-05
6.738982e-05
8.5574675e-05
0.00011083787
0.00014785325
0.00020695639
0.00031543376
0.000568228
0.0014404588
2.3299666e-05
2.4367265e-05
2.6781911e-05
3.0643259e-05
3.618872e-05
4.377023e-05
5.3905852e-05
6.7398977e-05
8.5583306e-05
0.00011084554
0.00014785963
0.00020696141
0.00031543787
0.00056823316
0.0014404773
2.3306098e-05
2.4373903e-05
2.6788972e-05
3.0650877e-05
3.6196921e-05
4.3778906e-05
5.3914754e-05
6.7407746e-05
8.5591519e-05
0.00011085279
0.00014786561
0.00020696609
0.00031544173
0.00056823815
0.0014404955
2.3312449e-05
2.4380447e-05
2.6795909e-05
3.0658328e-05
3.62049e-05
4.3787299e-05
5.3923318e-05
6.7416131e-05
8.5599322e-05
0.00011085962
0.00014787121
0.00020697043
0.00031544533
0.00056824298
0.0014405135
2.3318715e-05
2.4386892e-05
2.6802717e-05
3.0665607e-05
3.6212655e-05
4.3795412e-05
5.3931548e-05
6.7424139e-05
8.5606723e-05
0.00011086605
0.00014787643
0.00020697445
0.00031544869
0.00056824764
0.0014405312
2.3324889e-05
2.4393232e-05
2.6809392e-05
3.0672711e-05
3.6220184e-05
4.3803244e-05
5.3939446e-05
6.7431775e-05
8.5613731e-05
0.0001108721
0.00014788129
0.00020697815
0.00031545181
0.00056825215
0.0014405487
2.3330966e-05
2.4399463e-05
2.681593e-05
3.0679638e-05
3.6227486e-05
4.3810797e-05
5.3947016e-05
6.7439047e-05
8.5620354e-05
0.00011087775
0.00014788579
0.00020698156
0.0003154547
0.0005682565
0.0014405658
2.3336941e-05
2.4405579e-05
2.6822327e-05
3.0686384e-05
3.6234561e-05
4.3818073e-05
5.3954263e-05
6.7445961e-05
8.5626602e-05
0.00011088304
0.00014788995
0.00020698468
0.00031545737
0.0005682607
0.0014405827
2.3342811e-05
2.4411577e-05
2.682858e-05
3.0692949e-05
3.6241409e-05
4.3825074e-05
5.3961192e-05
6.7452523e-05
8.5632483e-05
0.00011088797
0.00014789378
0.00020698751
0.00031545983
0.00056826476
0.0014405992
2.3348571e-05
2.4417453e-05
2.6834685e-05
3.069933e-05
3.624803e-05
4.3831802e-05
5.3967806e-05
6.7458741e-05
8.5638006e-05
0.00011089255
0.00014789729
0.00020699008
0.00031546209
0.00056826867
0.0014406154
2.3354217e-05
2.4423204e-05
2.684064e-05
3.0705527e-05
3.6254424e-05
4.383826e-05
5.3974112e-05
6.7464622e-05
8.5643181e-05
0.00011089678
0.00014790049
0.00020699239
0.00031546415
0.00056827245
0.0014406314
2.3359745e-05
2.4428827e-05
2.6846444e-05
3.0711538e-05
3.6260593e-05
4.3844452e-05
5.3980115e-05
6.7470174e-05
8.5648017e-05
0.00011090069
0.00014790339
0.00020699445
0.00031546602
0.0005682761
0.001440647
2.3365153e-05
2.4434319e-05
2.6852093e-05
3.0717363e-05
3.6266537e-05
4.385038e-05
5.3985819e-05
6.7475404e-05
8.5652522e-05
0.00011090428
0.000147906
0.00020699626
0.00031546771
0.00056827961
0.0014406624
2.3370438e-05
2.4439677e-05
2.6857588e-05
3.0723002e-05
3.6272259e-05
4.3856047e-05
5.399123e-05
6.748032e-05
8.5656707e-05
0.00011090756
0.00014790833
0.00020699785
0.00031546923
0.00056828299
0.0014406774
2.3375598e-05
2.4444899e-05
2.6862926e-05
3.0728454e-05
3.627776e-05
4.3861459e-05
5.3996355e-05
6.7484928e-05
8.5660579e-05
0.00011091054
0.00014791039
0.00020699921
0.00031547057
0.00056828624
0.0014406922
2.338063e-05
2.4449985e-05
2.6868106e-05
3.0733721e-05
3.6283041e-05
4.3866617e-05
5.4001198e-05
6.7489238e-05
8.5664148e-05
0.00011091323
0.00014791219
0.00020700035
0.00031547175
0.00056828936
0.0014407066
2.3385532e-05
2.4454932e-05
2.6873129e-05
3.0738803e-05
3.6288106e-05
4.3871527e-05
5.4005767e-05
6.7493255e-05
8.5667423e-05
0.00011091563
0.00014791374
0.00020700129
0.00031547276
0.00056829235
0.0014407207
2.3390304e-05
2.4459739e-05
2.6877993e-05
3.07437e-05
3.6292957e-05
4.3876193e-05
5.4010066e-05
6.7496988e-05
8.5670412e-05
0.00011091777
0.00014791505
0.00020700202
0.00031547362
0.0005682952
0.0014407345
2.3394944e-05
2.4464406e-05
2.6882699e-05
3.0748415e-05
3.6297595e-05
4.3880619e-05
5.4014102e-05
6.7500445e-05
8.5673125e-05
0.00011091964
0.00014791612
0.00020700256
0.00031547432
0.00056829791
0.001440748
2.339945e-05
2.4468932e-05
2.6887247e-05
3.0752948e-05
3.6302025e-05
4.3884809e-05
5.4017881e-05
6.7503633e-05
8.5675569e-05
0.00011092127
0.00014791697
0.00020700291
0.00031547487
0.00056830048
0.0014407611
2.3403823e-05
2.4473316e-05
2.6891638e-05
3.0757301e-05
3.630625e-05
4.3888769e-05
5.402141e-05
6.750656e-05
8.5677755e-05
0.00011092264
0.0001479176
0.00020700307
0.00031547527
0.00056830291
0.0014407738
2.3408063e-05
2.4477559e-05
2.6895871e-05
3.0761475e-05
3.6310272e-05
4.3892503e-05
5.4024695e-05
6.7509235e-05
8.567969e-05
0.00011092379
0.00014791803
0.00020700307
0.00031547552
0.00056830519
0.0014407861
2.3412168e-05
2.4481662e-05
2.6899949e-05
3.0765474e-05
3.6314095e-05
4.3896016e-05
5.4027743e-05
6.7511664e-05
8.5681384e-05
0.0001109247
0.00014791826
0.0002070029
0.00031547564
0.00056830731
0.001440798
2.341614e-05
2.4485623e-05
2.6903873e-05
3.07693e-05
3.6317723e-05
4.3899315e-05
5.403056e-05
6.7513856e-05
8.5682846e-05
0.00011092541
0.00014791829
0.00020700257
0.00031547562
0.00056830929
0.0014408095
2.3419979e-05
2.4489446e-05
2.6907644e-05
3.0772954e-05
3.632116e-05
4.3902403e-05
5.4033154e-05
6.751582e-05
8.5684084e-05
0.0001109259
0.00014791815
0.0002070021
0.00031547548
0.00056831113
0.0014408206
2.3423685e-05
2.4493129e-05
2.6911264e-05
3.077644e-05
3.632441e-05
4.3905287e-05
5.4035531e-05
6.7517563e-05
8.5685109e-05
0.0001109262
0.00014791784
0.00020700148
0.00031547522
0.00056831282
0.0014408312
2.3427259e-05
2.4496675e-05
2.6914734e-05
3.0779761e-05
3.6327478e-05
4.3907973e-05
5.4037699e-05
6.7519094e-05
8.5685928e-05
0.00011092631
0.00014791737
0.00020700073
0.00031547484
0.00056831437
0.0014408414
2.3430702e-05
2.4500085e-05
2.6918057e-05
3.078292e-05
3.6330367e-05
4.3910465e-05
5.4039665e-05
6.7520421e-05
8.5686553e-05
0.00011092625
0.00014791674
0.00020699986
0.00031547437
0.0005683158
0.0014408511
2.3434016e-05
2.450336e-05
2.6921235e-05
3.078592e-05
3.6333082e-05
4.3912771e-05
5.4041436e-05
6.7521554e-05
8.568699e-05
0.00011092601
0.00014791598
0.00020699888
0.0003154738
0.00056831712
0.0014408604
2.3437201e-05
2.4506502e-05
2.692427e-05
3.0788765e-05
3.6335628e-05
4.3914896e-05
5.4043019e-05
6.7522499e-05
8.5687251e-05
0.00011092562
0.00014791508
0.00020699779
0.00031547315
0.00056831833
0.0014408693
2.3440259e-05
2.4509512e-05
2.6927165e-05
3.0791457e-05
3.633801e-05
4.3916846e-05
5.4044422e-05
6.7523265e-05
8.5687344e-05
0.00011092508
0.00014791406
0.00020699661
0.00031547243
0.00056831945
0.0014408778
2.3443192e-05
2.4512393e-05
2.6929922e-05
3.0794001e-05
3.6340231e-05
4.3918627e-05
5.4045651e-05
6.7523861e-05
8.5687277e-05
0.0001109244
0.00014791292
0.00020699535
0.00031547165
0.00056832049
0.001440886
2.3446e-05
2.4515146e-05
2.6932544e-05
3.0796399e-05
3.6342297e-05
4.3920244e-05
5.4046713e-05
6.7524294e-05
8.5687059e-05
0.00011092359
0.00014791168
0.000206994
0.00031547081
0.00056832147
0.0014408938
2.3448686e-05
2.4517774e-05
2.6935033e-05
3.0798655e-05
3.6344211e-05
4.3921703e-05
5.4047616e-05
6.7524572e-05
8.5686699e-05
0.00011092265
0.00014791035
0.00020699259
0.00031546992
0.00056832239
0.0014409013
2.3451251e-05
2.4520277e-05
2.6937391e-05
3.0800773e-05
3.6345979e-05
4.392301e-05
5.4048366e-05
6.7524703e-05
8.5686204e-05
0.00011092161
0.00014790892
0.00020699112
0.000315469
0.00056832327
0.0014409085
2.3453698e-05
2.4522658e-05
2.6939622e-05
3.0802756e-05
3.6347605e-05
4.392417e-05
5.4048968e-05
6.7524692e-05
8.5685582e-05
0.00011092045
0.00014790741
0.00020698959
0.00031546804
0.00056832411
0.0014409156
2.3456026e-05
2.452492e-05
2.6941727e-05
3.0804606e-05
3.6349092e-05
4.3925188e-05
5.4049429e-05
6.7524548e-05
8.5684839e-05
0.00011091919
0.00014790583
0.00020698801
0.00031546704
0.00056832492
0.0014409224
2.345824e-05
2.4527064e-05
2.694371e-05
3.0806328e-05
3.6350446e-05
4.3926069e-05
5.4049755e-05
6.7524275e-05
8.5683981e-05
0.00011091784
0.00014790417
0.00020698638
0.00031546602
0.00056832569
0.001440929
2.346034e-05
2.4529092e-05
2.6945573e-05
3.0807925e-05
3.6351669e-05
4.3926818e-05
5.4049952e-05
6.7523881e-05
8.5683016e-05
0.0001109164
0.00014790244
0.0002069847
0.00031546496
0.00056832642
0.0014409354
2.3462328e-05
2.4531006e-05
2.6947318e-05
3.0809399e-05
3.6352766e-05
4.392744e-05
5.4050024e-05
6.752337e-05
8.5681948e-05
0.00011091487
0.00014790065
0.00020698297
0.00031546386
0.0005683271
0.0014409417
2.3464207e-05
2.4532809e-05
2.6948948e-05
3.0810754e-05
3.6353741e-05
4.3927939e-05
5.4049976e-05
6.7522749e-05
8.5680784e-05
0.00011091327
0.0001478988
0.0002069812
0.00031546273
0.00056832773
0.0014409478
2.3465978e-05
2.4534504e-05
2.6950466e-05
3.0811993e-05
3.6354598e-05
4.3928319e-05
5.4049814e-05
6.7522022e-05
8.5679527e-05
0.00011091159
0.00014789689
0.00020697939
0.00031546155
0.00056832829
0.0014409537
2.3467644e-05
2.4536091e-05
2.6951875e-05
3.081312e-05
3.635534e-05
4.3928585e-05
5.4049543e-05
6.7521195e-05
8.5678183e-05
0.00011090984
0.00014789493
0.00020697753
0.00031546032
0.00056832877
0.0014409593
2.3469208e-05
2.4537575e-05
2.6953177e-05
3.0814138e-05
3.6355971e-05
4.3928742e-05
5.4049167e-05
6.7520273e-05
8.5676758e-05
0.00011090802
0.00014789292
0.00020697563
0.00031545905
0.00056832915
0.0014409647
2.3470672e-05
2.4538957e-05
2.6954375e-05
3.0815049e-05
3.6356496e-05
4.3928794e-05
5.4048692e-05
6.751926e-05
8.5675255e-05
0.00011090614
0.00014789086
0.00020697369
0.00031545772
0.00056832942
0.0014409697
2.3472038e-05
2.454024e-05
2.6955473e-05
3.0815859e-05
3.6356918e-05
4.3928746e-05
5.4048122e-05
6.7518162e-05
8.5673679e-05
0.0001109042
0.00014788875
0.00020697171
0.00031545633
0.00056832958
0.0014409745
2.347331e-05
2.4541428e-05
2.6956473e-05
3.081657e-05
3.6357241e-05
4.3928602e-05
5.4047462e-05
6.7516984e-05
8.5672037e-05
0.00011090221
0.00014788661
0.0002069697
0.00031545489
0.00056832962
0.0014409789
2.3474489e-05
2.4542523e-05
2.695738e-05
3.0817186e-05
3.635747e-05
4.3928367e-05
5.4046718e-05
6.7515732e-05
8.5670334e-05
0.00011090018
0.00014788443
0.00020696765
0.00031545341
0.00056832952
0.0014409828
2.347558e-05
2.4543528e-05
2.6958195e-05
3.0817711e-05
3.635761e-05
4.3928046e-05
5.4045895e-05
6.7514411e-05
8.5668574e-05
0.0001108981
0.00014788222
0.00020696557
0.00031545187
0.00056832931
0.0014409864
2.3476585e-05
2.4544447e-05
2.6958924e-05
3.0818148e-05
3.6357664e-05
4.3927644e-05
5.4044998e-05
6.7513027e-05
8.5666765e-05
0.00011089598
0.00014787998
0.00020696348
0.0003154503
0.00056832897
0.0014409895
2.3477508e-05
2.4545282e-05
2.6959569e-05
3.0818503e-05
3.6357638e-05
4.3927166e-05
5.4044033e-05
6.7511586e-05
8.5664912e-05
0.00011089384
0.00014787773
0.00020696137
0.00031544869
0.00056832853
0.0014409922
2.347835e-05
2.4546038e-05
2.6960134e-05
3.0818779e-05
3.6357536e-05
4.3926617e-05
5.4043005e-05
6.7510094e-05
8.5663021e-05
0.00011089167
0.00014787547
0.00020695926
0.00031544707
0.000568328
0.0014409944
2.3479116e-05
2.4546716e-05
2.6960622e-05
3.081898e-05
3.6357362e-05
4.3926003e-05
5.4041921e-05
6.7508557e-05
8.5661099e-05
0.00011088949
0.0001478732
0.00020695715
0.00031544545
0.0005683274
0.0014409962
2.3479807e-05
2.4547321e-05
2.6961038e-05
3.081911e-05
3.635712e-05
4.3925328e-05
5.4040786e-05
6.750698e-05
8.5659152e-05
0.0001108873
0.00014787094
0.00020695506
0.00031544383
0.00056832675
0.0014409977
2.3480428e-05
2.4547856e-05
2.6961384e-05
3.0819173e-05
3.6356817e-05
4.3924597e-05
5.4039605e-05
6.750537e-05
8.5657187e-05
0.0001108851
0.00014786869
0.00020695299
0.00031544223
0.00056832607
0.0014409988
2.348098e-05
2.4548322e-05
2.6961664e-05
3.0819173e-05
3.6356455e-05
4.3923816e-05
5.4038383e-05
6.7503733e-05
8.5655208e-05
0.00011088291
0.00014786646
0.00020695095
0.00031544067
0.0005683254
0.0014409997
2.3481467e-05
2.4548724e-05
2.6961881e-05
3.0819113e-05
3.6356038e-05
4.3922988e-05
5.4037125e-05
6.7502072e-05
8.5653221e-05
0.00011088072
0.00014786425
0.00020694894
0.00031543915
0.00056832475
0.0014410003
2.348189e-05
2.4549063e-05
2.6962037e-05
3.0818997e-05
3.6355571e-05
4.3922118e-05
5.4035836e-05
6.7500394e-05
8.5651232e-05
0.00011087855
0.00014786207
0.00020694698
0.00031543768
0.00056832415
0.0014410008
2.3482252e-05
2.4549342e-05
2.6962137e-05
3.0818827e-05
3.6355057e-05
4.3921209e-05
5.403452e-05
6.7498702e-05
8.5649244e-05
0.00011087639
0.00014785993
0.00020694506
0.00031543627
0.0005683236
0.0014410013
2.3482556e-05
2.4549565e-05
2.6962181e-05
3.0818607e-05
3.6354499e-05
4.3920266e-05
5.403318e-05
6.7496999e-05
8.564726e-05
0.00011087426
0.00014785781
0.00020694319
0.00031543492
0.00056832313
0.0014410017
2.3482803e-05
2.4549731e-05
2.6962173e-05
3.0818339e-05
3.63539e-05
4.391929e-05
5.403182e-05
6.749529e-05
8.5645284e-05
0.00011087214
0.00014785573
0.00020694137
0.00031543363
0.00056832273
0.0014410022
2.3482995e-05
2.4549845e-05
2.6962115e-05
3.0818025e-05
3.6353262e-05
4.3918286e-05
5.4030442e-05
6.7493577e-05
8.5643318e-05
0.00011087005
0.00014785369
0.00020693959
0.0003154324
0.0005683224
0.0014410028
2.3483134e-05
2.4549907e-05
2.6962009e-05
3.0817669e-05
3.6352588e-05
4.3917255e-05
5.4029049e-05
6.7491861e-05
8.5641363e-05
0.00011086799
0.00014785168
0.00020693786
0.00031543121
0.00056832214
0.0014410035
2.3483223e-05
2.454992e-05
2.6961856e-05
3.081727e-05
3.6351881e-05
4.3916198e-05
5.4027643e-05
6.7490145e-05
8.5639421e-05
0.00011086594
0.00014784971
0.00020693616
0.00031543007
0.00056832193
0.0014410042
2.3483262e-05
2.4549885e-05
2.6961659e-05
3.0816833e-05
3.635114e-05
4.3915119e-05
5.4026225e-05
6.7488428e-05
8.5637491e-05
0.00011086392
0.00014784776
0.0002069345
0.00031542896
0.00056832176
0.0014410051
2.3483253e-05
2.4549804e-05
2.6961419e-05
3.0816358e-05
3.635037e-05
4.3914019e-05
5.4024796e-05
6.7486714e-05
8.5635574e-05
0.00011086193
0.00014784584
0.00020693286
0.00031542787
0.0005683216
0.0014410061
2.3483199e-05
2.4549679e-05
2.6961138e-05
3.0815847e-05
3.634957e-05
4.3912899e-05
5.4023358e-05
6.7485001e-05
8.5633669e-05
0.00011085995
0.00014784395
0.00020693125
0.00031542679
0.00056832143
0.0014410071
2.3483101e-05
2.4549512e-05
2.6960817e-05
3.0815301e-05
3.6348743e-05
4.391176e-05
5.4021912e-05
6.7483291e-05
8.5631778e-05
0.000110858
0.00014784208
0.00020692965
0.00031542569
0.00056832122
0.0014410081
2.3482961e-05
2.4549303e-05
2.696046e-05
3.0814723e-05
3.6347891e-05
4.3910605e-05
5.4020459e-05
6.7481585e-05
8.56299e-05
0.00011085606
0.00014784023
0.00020692806
0.00031542459
0.00056832096
0.0014410091
2.3482781e-05
2.4549057e-05
2.6960066e-05
3.0814114e-05
3.6347014e-05
4.3909434e-05
5.4019001e-05
6.7479883e-05
8.5628035e-05
0.00011085415
0.0001478384
0.00020692648
0.00031542346
0.00056832061
0.0014410099
2.3482564e-05
2.4548774e-05
2.6959639e-05
3.0813477e-05
3.6346116e-05
4.390825e-05
5.4017539e-05
6.7478187e-05
8.5626184e-05
0.00011085225
0.00014783659
0.0002069249
0.0003154223
0.00056832016
0.0014410105
2.3482311e-05
2.4548456e-05
2.6959181e-05
3.0812813e-05
3.6345198e-05
4.3907054e-05
5.4016075e-05
6.7476498e-05
8.5624348e-05
0.00011085037
0.0001478348
0.00020692333
0.00031542111
0.0005683196
0.0014410109
2.3482026e-05
2.4548107e-05
2.6958693e-05
3.0812125e-05
3.6344262e-05
4.3905849e-05
5.401461e-05
6.7474818e-05
8.5622529e-05
0.00011084851
0.00014783302
0.00020692176
0.00031541989
0.00056831894
0.001441011
2.3481709e-05
2.4547727e-05
2.6958179e-05
3.0811415e-05
3.6343311e-05
4.3904637e-05
5.4013148e-05
6.747315e-05
8.5620729e-05
0.00011084668
0.00014783127
0.0002069202
0.00031541865
0.00056831815
0.0014410108
2.3481365e-05
2.4547321e-05
2.6957641e-05
3.0810685e-05
3.6342348e-05
4.3903421e-05
5.401169e-05
6.7471495e-05
8.5618951e-05
0.00011084488
0.00014782954
0.00020691866
0.00031541738
0.00056831726
0.0014410102
2.3480994e-05
2.454689e-05
2.695708e-05
3.0809939e-05
3.6341374e-05
4.3902202e-05
5.4010239e-05
6.7469856e-05
8.5617197e-05
0.0001108431
0.00014782785
0.00020691714
0.00031541611
0.00056831628
0.0014410092
2.34806e-05
2.4546436e-05
2.6956501e-05
3.0809178e-05
3.6340393e-05
4.3900985e-05
5.4008799e-05
6.7468237e-05
8.561547e-05
0.00011084136
0.00014782619
0.00020691565
0.00031541484
0.00056831521
0.0014410079
2.3480185e-05
2.4545963e-05
2.6955905e-05
3.0808406e-05
3.6339408e-05
4.3899772e-05
5.4007372e-05
6.7466641e-05
8.5613775e-05
0.00011083965
0.00014782456
0.0002069142
0.00031541359
0.00056831408
0.0014410062
2.347975e-05
2.4545471e-05
2.6955294e-05
3.0807625e-05
3.633842e-05
4.3898565e-05
5.4005962e-05
6.746507e-05
8.5612113e-05
0.00011083799
0.00014782299
0.00020691279
0.00031541238
0.00056831292
0.0014410043
2.3479299e-05
2.4544965e-05
2.6954672e-05
3.0806837e-05
3.6337434e-05
4.3897368e-05
5.400457e-05
6.7463528e-05
8.5610489e-05
0.00011083637
0.00014782146
0.00020691144
0.00031541121
0.00056831176
0.0014410021
2.3478833e-05
2.4544445e-05
2.6954039e-05
3.0806046e-05
3.633645e-05
4.3896183e-05
5.40032e-05
6.7462017e-05
8.5608906e-05
0.00011083479
0.00014781999
0.00020691014
0.0003154101
0.00056831063
0.0014409997
2.3478354e-05
2.4543914e-05
2.69534e-05
3.0805252e-05
3.6335472e-05
4.3895012e-05
5.4001854e-05
6.746054e-05
8.5607365e-05
0.00011083327
0.00014781858
0.00020690891
0.00031540905
0.00056830958
0.0014409973
2.3477863e-05
2.4543372e-05
2.6952754e-05
3.0804458e-05
3.6334502e-05
4.3893858e-05
5.4000534e-05
6.7459099e-05
8.5605869e-05
0.0001108318
0.00014781723
0.00020690775
0.00031540808
0.00056830861
0.0014409948
2.3477361e-05
2.4542823e-05
2.6952103e-05
3.0803665e-05
3.633354e-05
4.3892721e-05
5.3999241e-05
6.7457695e-05
8.560442e-05
0.00011083039
0.00014781593
0.00020690665
0.00031540719
0.00056830777
0.0014409924
2.3476851e-05
2.4542266e-05
2.695145e-05
3.0802876e-05
3.6332589e-05
4.3891604e-05
5.3997978e-05
6.7456329e-05
8.5603018e-05
0.00011082903
0.0001478147
0.00020690562
0.00031540639
0.00056830704
0.0014409901
2.3476333e-05
2.4541704e-05
2.6950795e-05
3.080209e-05
3.633165e-05
4.3890507e-05
5.3996744e-05
6.7455003e-05
8.5601663e-05
0.00011082773
0.00014781353
0.00020690466
0.00031540567
0.00056830646
0.001440988
2.3475807e-05
2.4541136e-05
2.6950139e-05
3.0801309e-05
3.6330722e-05
4.3889431e-05
5.399554e-05
6.7453715e-05
8.5600354e-05
0.00011082647
0.00014781242
0.00020690376
0.00031540504
0.00056830599
0.0014409862
2.3475275e-05
2.4540564e-05
2.6949483e-05
3.0800534e-05
3.6329808e-05
4.3888377e-05
5.3994367e-05
6.7452466e-05
8.5599092e-05
0.00011082527
0.00014781136
0.00020690292
0.00031540447
0.00056830564
0.0014409845
2.3474737e-05
2.4539988e-05
2.6948826e-05
3.0799765e-05
3.6328907e-05
4.3887343e-05
5.3993223e-05
6.7451255e-05
8.5597875e-05
0.00011082412
0.00014781035
0.00020690213
0.00031540397
0.00056830539
0.0014409831
2.3474194e-05
2.4539409e-05
2.6948171e-05
3.0799002e-05
3.6328019e-05
4.3886331e-05
5.3992108e-05
6.7450081e-05
8.55967e-05
0.00011082302
0.00014780939
0.00020690139
0.00031540351
0.00056830523
0.001440982
2.3473646e-05
2.4538827e-05
2.6947516e-05
3.0798245e-05
3.6327143e-05
4.3885339e-05
5.3991022e-05
6.7448941e-05
8.5595566e-05
0.00011082196
0.00014780847
0.00020690068
0.00031540309
0.00056830511
0.0014409811
2.3473094e-05
2.4538243e-05
2.6946862e-05
3.0797494e-05
3.6326281e-05
4.3884367e-05
5.3989963e-05
6.7447836e-05
8.559447e-05
0.00011082094
0.0001478076
0.00020690001
0.00031540269
0.00056830503
0.0014409804
2.3472539e-05
2.4537657e-05
2.694621e-05
3.079675e-05
3.6325431e-05
4.3883414e-05
5.3988929e-05
6.7446762e-05
8.559341e-05
0.00011081995
0.00014780675
0.00020689936
0.0003154023
0.00056830495
0.0014409799
2.347198e-05
2.453707e-05
2.694556e-05
3.0796012e-05
3.6324593e-05
4.388248e-05
5.3987921e-05
6.7445718e-05
8.5592383e-05
0.000110819
0.00014780593
0.00020689872
0.00031540189
0.00056830484
0.0014409796
2.3471419e-05
2.4536481e-05
2.6944911e-05
3.079528e-05
3.6323767e-05
4.3881564e-05
5.3986937e-05
6.7444703e-05
8.5591387e-05
0.00011081808
0.00014780513
0.00020689809
0.00031540147
0.00056830466
0.0014409792
2.3470857e-05
2.4535892e-05
2.6944266e-05
3.0794555e-05
3.6322953e-05
4.3880666e-05
5.3985975e-05
6.7443716e-05
8.5590419e-05
0.00011081718
0.00014780435
0.00020689746
0.00031540101
0.00056830439
0.0014409789
2.3470294e-05
2.4535304e-05
2.6943623e-05
3.0793838e-05
3.6322151e-05
4.3879785e-05
5.3985036e-05
6.7442754e-05
8.5589479e-05
0.00011081631
0.00014780358
0.00020689682
0.0003154005
0.000568304
0.0014409784
2.3469731e-05
2.4534717e-05
2.6942984e-05
3.0793127e-05
3.6321361e-05
4.3878921e-05
5.398412e-05
6.7441818e-05
8.5588565e-05
0.00011081546
0.00014780283
0.00020689618
0.00031539994
0.00056830348
0.0014409777
2.3469169e-05
2.4534132e-05
2.6942349e-05
3.0792426e-05
3.6320584e-05
4.3878076e-05
5.3983225e-05
6.7440907e-05
8.5587677e-05
0.00011081463
0.00014780209
0.00020689553
0.00031539933
0.00056830282
0.0014409767
2.346861e-05
2.453355e-05
2.694172e-05
3.0791733e-05
3.6319821e-05
4.3877248e-05
5.3982354e-05
6.7440022e-05
8.5586814e-05
0.00011081382
0.00014780136
0.00020689487
0.00031539869
0.00056830203
0.0014409755
2.3468054e-05
2.4532972e-05
2.6941098e-05
3.079105e-05
3.6319072e-05
4.387644e-05
5.3981506e-05
6.7439163e-05
8.5585977e-05
0.00011081304
0.00014780065
0.00020689422
0.00031539801
0.00056830112
0.0014409738
2.3467503e-05
2.45324e-05
2.6940484e-05
3.0790379e-05
3.631834e-05
4.3875653e-05
5.3980682e-05
6.743833e-05
8.558517e-05
0.00011081229
0.00014779997
0.00020689359
0.00031539733
0.00056830013
0.0014409719
2.3466958e-05
2.4531835e-05
2.6939878e-05
3.078972e-05
3.6317624e-05
4.3874887e-05
5.3979884e-05
6.7437527e-05
8.5584393e-05
0.00011081156
0.00014779931
0.00020689298
0.00031539666
0.00056829911
0.0014409697
2.3466419e-05
2.4531277e-05
2.6939282e-05
3.0789075e-05
3.6316925e-05
4.3874143e-05
5.3979112e-05
6.7436755e-05
8.558365e-05
0.00011081088
0.0001477987
0.0002068924
0.00031539603
0.00056829808
0.0014409672
2.3465887e-05
2.4530728e-05
2.6938698e-05
3.0788444e-05
3.6316246e-05
4.3873423e-05
5.3978369e-05
6.7436015e-05
8.5582942e-05
0.00011081023
0.00014779812
0.00020689188
0.00031539545
0.00056829712
0.0014409645
2.3465365e-05
2.4530188e-05
2.6938125e-05
3.0787829e-05
3.6315587e-05
4.3872727e-05
5.3977655e-05
6.7435308e-05
8.5582271e-05
0.00011080962
0.00014779759
0.00020689141
0.00031539495
0.00056829625
0.0014409619
2.3464854e-05
2.4529662e-05
2.6937569e-05
3.0787233e-05
3.6314951e-05
4.387206e-05
5.3976973e-05
6.7434636e-05
8.5581638e-05
0.00011080905
0.00014779709
0.00020689098
0.0003153945
0.00056829551
0.0014409592
)
;

boundaryField
{
    water_inlet
    {
        type            turbulentMixingLengthDissipationRateInlet;
        mixingLength    0.005;
        phi             phi;
        k               k;
        value           uniform 0.00011791765;
    }
    water_outlet
    {
        type            inletOutlet;
        inletValue      uniform 0.0001;
        value           nonuniform List<scalar> 
15
(
2.3464854e-05
2.4529662e-05
2.6937569e-05
3.0787233e-05
3.6314951e-05
4.387206e-05
5.3976973e-05
6.7434636e-05
8.5581638e-05
0.00011080905
0.00014779709
0.00020689098
0.0003153945
0.00056829551
0.0014409592
)
;
    }
    water_wedge1
    {
        type            wedge;
    }
    water_wedge2
    {
        type            wedge;
    }
    water_to_rock
    {
        type            epsilonWallFunction;
        blending        stepwise;
        value           nonuniform List<scalar> 
400
(
0.00073980483
0.0010520452
0.0013270628
0.0015411415
0.0016895689
0.0017792142
0.0018218943
0.0018300463
0.0018145574
0.0017840405
0.001744886
0.0017016307
0.00165739
0.0016142425
0.0015735325
0.0015360911
0.0015023901
0.0014726449
0.0014468811
0.00142498
0.0014067117
0.0013917631
0.0013797649
0.0013703185
0.0013630208
0.0013574861
0.001353362
0.0013503406
0.0013481619
0.0013466143
0.00134553
0.0013447795
0.0013442658
0.0013439174
0.0013436835
0.0013435288
0.0013434302
0.001343373
0.0013433493
0.0013433553
0.0013433902
0.0013434553
0.0013435527
0.0013436849
0.0013438547
0.0013440645
0.0013443165
0.0013446125
0.0013449537
0.001345341
0.0013457749
0.0013462556
0.0013467828
0.001347356
0.0013479746
0.0013486378
0.0013493444
0.0013500934
0.0013508836
0.0013517137
0.0013525823
0.0013534882
0.0013544294
0.0013554044
0.001356411
0.001357447
0.0013585105
0.0013595997
0.0013607133
0.0013618502
0.0013630096
0.0013641908
0.0013653933
0.0013666163
0.0013678589
0.0013691203
0.0013703998
0.0013716965
0.0013730096
0.0013743383
0.0013756817
0.001377039
0.0013784095
0.0013797922
0.0013811864
0.0013825913
0.001384006
0.0013854297
0.0013868617
0.0013883012
0.0013897474
0.0013911996
0.0013926569
0.0013941186
0.0013955841
0.0013970524
0.001398523
0.001399995
0.0014014677
0.0014029403
0.001404412
0.001405882
0.0014073494
0.0014088133
0.001410273
0.0014117273
0.0014131753
0.001414616
0.0014160482
0.0014174709
0.001418883
0.0014202831
0.00142167
0.0014230425
0.0014243993
0.0014257389
0.00142706
0.0014283612
0.0014296409
0.0014308979
0.0014321305
0.0014333373
0.0014345169
0.0014356678
0.0014367886
0.0014378779
0.0014389344
0.0014399569
0.0014409443
0.0014418954
0.0014428092
0.0014436851
0.0014445222
0.00144532
0.0014460781
0.0014467961
0.0014474739
0.0014481114
0.0014487088
0.0014492664
0.0014497844
0.0014502634
0.001450704
0.0014511068
0.0014514726
0.0014518023
0.0014520969
0.0014523573
0.0014525846
0.00145278
0.0014529445
0.0014530793
0.0014531857
0.0014532648
0.001453318
0.0014533464
0.0014533513
0.0014533339
0.0014532954
0.0014532371
0.0014531602
0.0014530658
0.001452955
0.001452829
0.0014526888
0.0014525356
0.0014523703
0.0014521938
0.0014520073
0.0014518114
0.0014516069
0.0014513946
0.0014511749
0.0014509487
0.0014507165
0.0014504792
0.0014502375
0.0014499922
0.001449744
0.0014494934
0.0014492412
0.0014489879
0.0014487341
0.0014484802
0.0014482269
0.0014479744
0.0014477232
0.0014474738
0.0014472264
0.0014469814
0.0014467391
0.0014464997
0.0014462636
0.0014460309
0.0014458018
0.0014455766
0.0014453554
0.0014451383
0.0014449255
0.0014447171
0.0014445132
0.0014443139
0.0014441192
0.0014439293
0.0014437441
0.0014435637
0.0014433881
0.0014432173
0.0014430514
0.0014428904
0.0014427342
0.0014425828
0.0014424363
0.0014422945
0.0014421576
0.0014420255
0.0014418981
0.0014417755
0.0014416575
0.0014415442
0.0014414354
0.0014413313
0.0014412316
0.0014411363
0.0014410454
0.0014409588
0.0014408763
0.001440798
0.0014407237
0.0014406533
0.0014405867
0.0014405238
0.0014404645
0.0014404088
0.0014403564
0.0014403074
0.0014402615
0.0014402188
0.0014401791
0.0014401424
0.0014401085
0.0014400774
0.001440049
0.0014400231
0.0014399999
0.001439979
0.0014399606
0.0014399444
0.0014399305
0.0014399187
0.001439909
0.0014399013
0.0014398955
0.0014398915
0.0014398893
0.0014398888
0.0014398898
0.0014398924
0.0014398964
0.0014399018
0.0014399085
0.0014399164
0.0014399254
0.0014399355
0.0014399466
0.0014399586
0.0014399714
0.0014399851
0.0014399995
0.0014400145
0.0014400302
0.0014400464
0.0014400631
0.0014400802
0.0014400977
0.0014401155
0.0014401336
0.001440152
0.0014401706
0.0014401894
0.0014402084
0.0014402276
0.0014402469
0.0014402662
0.0014402857
0.0014403052
0.0014403247
0.0014403441
0.0014403636
0.0014403829
0.0014404021
0.0014404212
0.0014404401
0.0014404588
0.0014404773
0.0014404955
0.0014405135
0.0014405312
0.0014405487
0.0014405658
0.0014405827
0.0014405992
0.0014406154
0.0014406314
0.001440647
0.0014406624
0.0014406774
0.0014406922
0.0014407066
0.0014407207
0.0014407345
0.001440748
0.0014407611
0.0014407738
0.0014407861
0.001440798
0.0014408095
0.0014408206
0.0014408312
0.0014408414
0.0014408511
0.0014408604
0.0014408693
0.0014408778
0.001440886
0.0014408938
0.0014409013
0.0014409085
0.0014409156
0.0014409224
0.001440929
0.0014409354
0.0014409417
0.0014409478
0.0014409537
0.0014409593
0.0014409647
0.0014409697
0.0014409745
0.0014409789
0.0014409828
0.0014409864
0.0014409895
0.0014409922
0.0014409944
0.0014409962
0.0014409977
0.0014409988
0.0014409997
0.0014410003
0.0014410008
0.0014410013
0.0014410017
0.0014410022
0.0014410028
0.0014410035
0.0014410042
0.0014410051
0.0014410061
0.0014410071
0.0014410081
0.0014410091
0.0014410099
0.0014410105
0.0014410109
0.001441011
0.0014410108
0.0014410102
0.0014410092
0.0014410079
0.0014410062
0.0014410043
0.0014410021
0.0014409997
0.0014409973
0.0014409948
0.0014409924
0.0014409901
0.001440988
0.0014409862
0.0014409845
0.0014409831
0.001440982
0.0014409811
0.0014409804
0.0014409799
0.0014409796
0.0014409792
0.0014409789
0.0014409784
0.0014409777
0.0014409767
0.0014409755
0.0014409738
0.0014409719
0.0014409697
0.0014409672
0.0014409645
0.0014409619
0.0014409592
)
;
    }
}


// ************************************************************************* //
