/*--------------------------------*- C++ -*----------------------------------*\
| =========                 |                                                 |
| \\      /  F ield         | OpenFOAM: The Open Source CFD Toolbox           |
|  \\    /   O peration     | Version:  2506                                  |
|   \\  /    A nd           | Website:  www.openfoam.com                      |
|    \\/     M anipulation  |                                                 |
\*---------------------------------------------------------------------------*/
FoamFile
{
    version     2.0;
    format      ascii;
    arch        "LSB;label=32;scalar=64";
    class       volScalarField;
    location    "2000/water";
    object      epsilon;
}
// * * * * * * * * * * * * * * * * * * * * * * * * * * * * * * * * * * * * * //

dimensions      [0 2 -3 0 0 0 0];

internalField   nonuniform List<scalar> 
6000
(
0.00010005327
0.00010005311
0.00010005314
0.00010005327
0.00010005342
0.00010005363
0.0001000539
0.00010005427
0.00010005511
0.00010005982
0.00010010144
0.00010049509
0.00010424183
0.00014354191
0.00073980483
8.5785229e-05
8.5785556e-05
8.5786111e-05
8.5786982e-05
8.5788138e-05
8.5789633e-05
8.5791527e-05
8.5794043e-05
8.5798789e-05
8.581901e-05
8.5962524e-05
8.7071869e-05
9.5619929e-05
0.00016974081
0.0010520452
7.4267219e-05
7.4268013e-05
7.426896e-05
7.4270365e-05
7.4272213e-05
7.4274585e-05
7.4277581e-05
7.4281747e-05
7.4291154e-05
7.4336305e-05
7.4633748e-05
7.6634978e-05
9.0041816e-05
0.00019500629
0.0013270628
6.4852864e-05
6.485355e-05
6.4854661e-05
6.4856389e-05
6.4858676e-05
6.4861616e-05
6.4865387e-05
6.4871112e-05
6.4886838e-05
6.4967364e-05
6.5458677e-05
6.84101e-05
8.6285087e-05
0.00021715658
0.0015411415
5.7072087e-05
5.7072704e-05
5.7073918e-05
5.7075861e-05
5.7078448e-05
5.7081784e-05
5.7086167e-05
5.7093598e-05
5.7117581e-05
5.7242267e-05
5.7947685e-05
6.180797e-05
8.3505097e-05
0.0002348614
0.0016895689
5.0576692e-05
5.0577312e-05
5.0578592e-05
5.0580667e-05
5.0583434e-05
5.0587016e-05
5.0591882e-05
5.0601216e-05
5.0635234e-05
5.0810032e-05
5.1732149e-05
5.6406881e-05
8.1259069e-05
0.00024828861
0.0017792142
4.5104569e-05
4.5105188e-05
4.5106499e-05
4.5108638e-05
4.5111496e-05
4.5115213e-05
4.5120483e-05
4.5131961e-05
4.5177479e-05
4.5405527e-05
4.6535255e-05
5.1917397e-05
7.9376731e-05
0.00025838324
0.0018218943
4.0455895e-05
4.0456503e-05
4.045782e-05
4.0459977e-05
4.0462859e-05
4.0466628e-05
4.0472257e-05
4.0486117e-05
4.0544208e-05
4.0826355e-05
4.2148994e-05
4.8144563e-05
7.7837439e-05
0.00026629433
0.0018300463
3.6476506e-05
3.6477102e-05
3.6478406e-05
3.6480546e-05
3.6483399e-05
3.6487156e-05
3.6493116e-05
3.6509564e-05
3.6580944e-05
3.6916576e-05
3.8416896e-05
4.4958845e-05
7.669346e-05
0.00027309124
0.0018145574
3.304611e-05
3.3046691e-05
3.304797e-05
3.3050065e-05
3.3052847e-05
3.3056537e-05
3.3062809e-05
3.3082024e-05
3.3167159e-05
3.3555102e-05
3.5220975e-05
4.2274823e-05
7.6025068e-05
0.00027965054
0.0017840405
3.0069857e-05
3.007042e-05
3.0071664e-05
3.0073692e-05
3.0076366e-05
3.0079941e-05
3.0086514e-05
3.0108667e-05
3.0207924e-05
3.0647227e-05
3.2471858e-05
4.0036357e-05
7.5917105e-05
0.00028663427
0.001744886
2.7472233e-05
2.7472777e-05
2.7473976e-05
2.7475917e-05
2.747845e-05
2.7481869e-05
2.7488744e-05
2.7514021e-05
2.7627825e-05
2.8118369e-05
3.010146e-05
3.820687e-05
7.6449192e-05
0.00029450875
0.0017016307
2.5192577e-05
2.5193098e-05
2.5194246e-05
2.5196082e-05
2.5198442e-05
2.520167e-05
2.520887e-05
2.5237507e-05
2.5366478e-05
2.5909414e-05
2.805763e-05
3.6763308e-05
7.7693097e-05
0.0003035735
0.00165739
2.3181748e-05
2.3182245e-05
2.3183333e-05
2.3185048e-05
2.3187207e-05
2.3190219e-05
2.3197794e-05
2.323011e-05
2.3375184e-05
2.3973213e-05
2.6300284e-05
3.5692527e-05
7.9712907e-05
0.00031398658
0.0016142425
2.1399629e-05
2.14001e-05
2.140112e-05
2.1402697e-05
2.140463e-05
2.1407412e-05
2.1415452e-05
2.1451882e-05
2.1614405e-05
2.2271964e-05
2.4798652e-05
3.4989203e-05
8.2565442e-05
0.00032578296
0.0015735325
1.9813231e-05
1.9813672e-05
1.9814616e-05
1.981604e-05
1.9817725e-05
1.9820279e-05
1.9828922e-05
1.9870043e-05
2.0051847e-05
2.0775227e-05
2.3529325e-05
3.4654636e-05
8.6299521e-05
0.00033888748
0.0015360911
1.8395236e-05
1.8395645e-05
1.8396506e-05
1.8397761e-05
1.8399183e-05
1.8401531e-05
1.8410972e-05
1.8457531e-05
1.8660989e-05
1.9458432e-05
2.2474895e-05
3.4695971e-05
9.095345e-05
0.00035312607
0.0015023901
1.7122886e-05
1.7123259e-05
1.7124028e-05
1.7125102e-05
1.712625e-05
1.7128438e-05
1.7138942e-05
1.7191872e-05
1.7419954e-05
1.8301752e-05
2.1622992e-05
3.5125546e-05
9.6550686e-05
0.00036823944
0.0014726449
1.5977101e-05
1.5977436e-05
1.5978105e-05
1.5978984e-05
1.5979859e-05
1.598196e-05
1.5993865e-05
1.6054312e-05
1.6310628e-05
1.7289248e-05
2.0965619e-05
3.5960111e-05
0.00010309413
0.00038390222
0.0014468811
1.4941799e-05
1.4942091e-05
1.4942652e-05
1.4943329e-05
1.494394e-05
1.4946058e-05
1.4959787e-05
1.5029124e-05
1.5317979e-05
1.6408225e-05
2.049868e-05
3.7219755e-05
0.00011055991
0.00039974861
0.00142498
1.4003348e-05
1.4003595e-05
1.4004041e-05
1.4004511e-05
1.400488e-05
1.4007153e-05
1.402322e-05
1.4103071e-05
1.442952e-05
1.5648751e-05
2.0221625e-05
3.8926414e-05
0.00011889194
0.00041540307
0.0014067117
1.3150142e-05
1.315034e-05
1.3150665e-05
1.3150927e-05
1.315109e-05
1.3153695e-05
1.3172714e-05
1.3264971e-05
1.3634892e-05
1.5003284e-05
2.0137155e-05
4.1101901e-05
0.00012799852
0.0004305123
0.0013917631
1.2372247e-05
1.2372393e-05
1.2372592e-05
1.237265e-05
1.2372659e-05
1.2375814e-05
1.2398506e-05
1.2505359e-05
1.2925534e-05
1.446641e-05
2.0250947e-05
4.3765469e-05
0.00013775238
0.00044477369
0.0013797649
1.1661123e-05
1.1661215e-05
1.1661286e-05
1.166115e-05
1.1661074e-05
1.1665043e-05
1.1692246e-05
1.1816209e-05
1.2294425e-05
1.4034634e-05
2.0571326e-05
4.6930996e-05
0.00014799478
0.00045795585
0.0013703185
1.1009401e-05
1.1009437e-05
1.1009378e-05
1.1009066e-05
1.1008994e-05
1.101409e-05
1.104677e-05
1.1190715e-05
1.1735881e-05
1.3706238e-05
2.1108871e-05
5.0604014e-05
0.00015854368
0.00046990849
0.0013630208
1.0410692e-05
1.041067e-05
1.0410485e-05
1.0410022e-05
1.0410062e-05
1.0416652e-05
1.0455917e-05
1.0623112e-05
1.1245399e-05
1.3481165e-05
2.1875889e-05
5.4778859e-05
0.00016920526
0.00048056142
0.0013574861
9.8594384e-06
9.8593586e-06
9.8590515e-06
9.8584721e-06
9.8587577e-06
9.8672657e-06
9.9143754e-06
1.0108535e-05
1.0819533e-05
1.3360938e-05
2.2885735e-05
5.9436317e-05
0.00017978706
0.00048991474
0.001353362
9.3507874e-06
9.3506504e-06
9.3502304e-06
9.3495787e-06
9.3502669e-06
9.3611826e-06
9.4175684e-06
9.6428999e-06
1.045581e-05
1.3348574e-05
2.4151946e-05
6.4542151e-05
0.00019011095
0.00049802341
0.0013503406
8.8804873e-06
8.8802951e-06
8.8797751e-06
8.879106e-06
8.8803818e-06
8.8942644e-06
8.9615474e-06
9.2228179e-06
1.0152655e-05
1.3448503e-05
2.5687206e-05
7.0046824e-05
0.00020002406
0.00050498001
0.0013481619
8.4448007e-06
8.4445568e-06
8.4439543e-06
8.4433345e-06
8.4454129e-06
8.4628989e-06
8.5429123e-06
8.8455163e-06
9.9093487e-06
1.3666457e-05
2.7502143e-05
7.588662e-05
0.00020940613
0.0005108985
0.0013466143
8.0404324e-06
8.0401416e-06
8.0394792e-06
8.0389884e-06
8.0421174e-06
8.0639293e-06
8.1587433e-06
8.508784e-06
9.7259953e-06
1.4009323e-05
2.9604058e-05
8.1986182e-05
0.00021817297
0.000515901
0.00134553
7.664468e-06
7.6641372e-06
7.663443e-06
7.6631755e-06
7.6676392e-06
7.6945949e-06
7.8065457e-06
8.2109262e-06
9.6034999e-06
1.4484935e-05
3.1995646e-05
8.8262228e-05
0.00022627582
0.0005201082
0.0013447796
7.3143234e-06
7.3139614e-06
7.3132697e-06
7.3133352e-06
7.319458e-06
7.3524816e-06
7.4842048e-06
7.950732e-06
9.5435554e-06
1.5101802e-05
3.4673864e-05
9.4628078e-05
0.00023369766
0.00052363336
0.0013442658
6.9877006e-06
6.9873184e-06
6.9866703e-06
6.9871959e-06
6.9953468e-06
7.0354818e-06
7.1899496e-06
7.7274515e-06
9.5486283e-06
1.5868742e-05
3.7629068e-05
0.00010099842
0.00024044745
0.00052657911
0.0013439174
6.6825513e-06
6.6821625e-06
6.6816065e-06
6.6827386e-06
6.6933357e-06
6.741759e-06
6.9223234e-06
7.5407805e-06
9.6219392e-06
1.6794438e-05
4.0844541e-05
0.00010729381
0.00024655353
0.00052903629
0.0013436835
6.3970453e-06
6.396666e-06
6.3962591e-06
6.3981651e-06
6.411682e-06
6.4697206e-06
6.6801611e-06
7.3908531e-06
9.7674314e-06
1.7886905e-05
4.4296529e-05
0.00011344428
0.00025205715
0.0005310841
0.0013435288
6.1295436e-06
6.129193e-06
6.129001e-06
6.1318719e-06
6.1488438e-06
6.2179935e-06
6.4625723e-06
7.2782395e-06
9.9897187e-06
1.9152894e-05
4.7954808e-05
0.00011939198
0.0002570069
0.00053279086
0.0013434302
5.8785752e-06
5.8782757e-06
5.8783746e-06
5.8824275e-06
5.903459e-06
5.9854055e-06
6.2689287e-06
7.2039478e-06
1.0294006e-05
2.0597266e-05
5.1783773e-05
0.00012509231
0.00026145422
0.00053421506
0.001343373
5.6428172e-06
5.642595e-06
5.6430719e-06
5.6485531e-06
5.6743264e-06
5.7709695e-06
6.0988564e-06
7.1694287e-06
1.0685974e-05
2.2222385e-05
5.5743957e-05
0.00013051409
0.00026545026
0.00053540647
0.0013433493
5.4210776e-06
5.4209629e-06
5.4219174e-06
5.4291059e-06
5.4603909e-06
5.5738715e-06
5.9522322e-06
7.1765787e-06
1.1171622e-05
2.402758e-05
5.9793835e-05
0.00013563849
0.00026904378
0.00053640725
0.0013433553
5.2122808e-06
5.2123081e-06
5.2138535e-06
5.2230651e-06
5.26073e-06
5.3934608e-06
5.8291825e-06
7.2277423e-06
1.1757062e-05
2.6008735e-05
6.3891719e-05
0.00014045745
0.00027228005
0.00053725289
0.0013433902
5.0154542e-06
5.0156629e-06
5.0179281e-06
5.0295196e-06
5.0745437e-06
5.2292435e-06
5.7300867e-06
7.3257058e-06
1.2448271e-05
2.8158068e-05
6.7997575e-05
0.00014497164
0.00027520025
0.00053797313
0.0013434553
4.8297171e-06
4.8301524e-06
4.8332834e-06
4.847658e-06
4.9011459e-06
5.0808782e-06
5.6555823e-06
7.4736833e-06
1.3250796e-05
3.0464119e-05
7.2074575e-05
0.00014918835
0.00027784139
0.00053859275
0.0013435527
4.654271e-06
4.6549842e-06
4.6591465e-06
4.6767597e-06
4.739957e-06
4.9481738e-06
5.6065719e-06
7.6752861e-06
1.4169424e-05
3.2911987e-05
7.6090277e-05
0.00015311953
0.00028023648
0.00053913229
0.0013436849
4.4883913e-06
4.4894404e-06
4.4948214e-06
4.5161875e-06
4.5904991e-06
4.8310889e-06
5.5842316e-06
7.9344756e-06
1.5207849e-05
3.5483783e-05
8.0017361e-05
0.00015678017
0.00028241474
0.00053960872
0.0013438547
4.3314193e-06
4.3328703e-06
4.3396818e-06
4.3653818e-06
4.452392e-06
4.7297343e-06
5.5900196e-06
8.2554925e-06
1.6368331e-05
3.8159287e-05
8.3833932e-05
0.00016018692
0.00028440196
0.00054003599
0.0013440645
4.1827562e-06
4.1846838e-06
4.1931653e-06
4.2238553e-06
4.3253508e-06
4.6443763e-06
5.6256833e-06
8.64276e-06
1.7651409e-05
4.0916739e-05
8.7523434e-05
0.00016335711
0.00028622083
0.00054042551
0.0013443165
4.0418571e-06
4.0443457e-06
4.0547683e-06
4.0911891e-06
4.2091847e-06
4.5754417e-06
5.693263e-06
9.1007601e-06
1.9055658e-05
4.3733691e-05
9.1074255e-05
0.00016630804
0.00028789123
0.00054078658
0.0013446125
3.9082261e-06
3.9113713e-06
3.9240414e-06
3.96703e-06
4.103797e-06
4.5235248e-06
5.7950909e-06
9.6338804e-06
2.0577552e-05
4.658786e-05
9.4479149e-05
0.00016905655
0.0002894306
0.00054112679
0.0013449537
3.781412e-06
3.7853219e-06
3.8005859e-06
3.8510876e-06
4.0091864e-06
4.4893953e-06
5.9337827e-06
1.0246237e-05
2.2211425e-05
4.9457896e-05
9.7734538e-05
0.00017161867
0.00029085417
0.00054145227
0.001345341
3.6610043e-06
3.6658014e-06
3.6840513e-06
3.7431338e-06
3.9254494e-06
4.4740067e-06
6.1122182e-06
1.0941479e-05
2.3949551e-05
5.2324021e-05
0.00010083981
0.0001740095
0.00029217524
0.00054176798
0.0013457749
3.5466302e-06
3.5524531e-06
3.5741321e-06
3.6430016e-06
3.8527838e-06
4.4785051e-06
6.3335103e-06
1.172258e-05
2.5782348e-05
5.5168499e-05
0.00010379664
0.00017624311
0.00029340545
0.00054207792
0.0013462556
3.4379516e-06
3.4449572e-06
3.470567e-06
3.5505856e-06
3.7914931e-06
4.5042378e-06
6.6009581e-06
1.2591637e-05
2.7698674e-05
5.7975926e-05
0.00010660842
0.00017833256
0.00029455494
0.00054238527
0.0013467828
3.3346627e-06
3.3430286e-06
3.373137e-06
3.4658429e-06
3.7419925e-06
4.5527599e-06
6.9179828e-06
1.3549688e-05
2.9686211e-05
6.0733357e-05
0.00010927977
0.00018028983
0.00029563258
0.00054269259
0.001347356
3.2364878e-06
3.2464154e-06
3.281665e-06
3.3887949e-06
3.7048152e-06
4.6258384e-06
7.2880456e-06
1.4596555e-05
3.1731891e-05
6.3430277e-05
0.00011181612
0.00018212593
0.00029664614
0.00054300189
0.0013479746
3.1431799e-06
3.1548974e-06
3.1960156e-06
3.3195298e-06
3.6806199e-06
4.7254524e-06
7.7145469e-06
1.5730747e-05
3.382234e-05
6.6058467e-05
0.0001142234
0.00018385092
0.00029760241
0.00054331477
0.0013486378
3.0545192e-06
3.0682854e-06
3.1160958e-06
3.2582055e-06
3.6701986e-06
4.8537869e-06
8.2007094e-06
1.6949409e-05
3.5944303e-05
6.8611787e-05
0.00011650785
0.00018547397
0.00029850735
0.00054363246
0.0013493444
2.9703119e-06
2.9864203e-06
3.0418551e-06
3.2050543e-06
3.6744852e-06
5.0132197e-06
8.7494483e-06
1.8248349e-05
3.8085015e-05
7.1085926e-05
0.00011867579
0.00018700343
0.00029936619
0.00054395589
0.0013500934
2.8903898e-06
2.9091733e-06
2.9732878e-06
3.1603869e-06
3.6945633e-06
5.2062984e-06
9.3632349e-06
1.9622123e-05
4.0232513e-05
7.3478132e-05
0.00012073351
0.00018844688
0.00030018354
0.00054428578
0.0013508836
2.8146096e-06
2.836446e-06
2.9104344e-06
3.1245986e-06
3.731674e-06
5.4357063e-06
1.004396e-05
2.1064181e-05
4.2375859e-05
7.5786949e-05
0.00012268719
0.00018981121
0.00030096345
0.00054462266
0.0013517137
2.7428528e-06
2.7681709e-06
2.8533843e-06
3.098175e-06
3.7872216e-06
5.7042165e-06
1.079281e-05
2.256707e-05
4.4505285e-05
7.801198e-05
0.00012454279
0.00019110267
0.00030170949
0.00054496683
0.0013525823
2.6750262e-06
2.7043127e-06
2.8022791e-06
3.0816992e-06
3.862777e-06
6.0146317e-06
1.1610155e-05
2.4122665e-05
4.6612263e-05
8.0153673e-05
0.00012630606
0.00019232691
0.00030242477
0.00054531836
0.0013534882
2.6110622e-06
2.6448693e-06
2.7573159e-06
3.0758592e-06
3.9600781e-06
6.3697124e-06
1.2495478e-05
2.5722423e-05
4.8689514e-05
8.2213152e-05
0.00012798249
0.00019348921
0.00030311295
0.00054567958
0.0013544295
2.5509198e-06
2.5898742e-06
2.718752e-06
3.0814557e-06
4.0810246e-06
6.7720927e-06
1.3447327e-05
2.7357636e-05
5.0730962e-05
8.4192052e-05
0.00012957729
0.00019459431
0.00030377609
0.00054604532
0.0013554045
2.494586e-06
2.5393984e-06
2.6869098e-06
3.0994094e-06
4.2276673e-06
7.2241862e-06
1.4463315e-05
2.9019661e-05
5.2731649e-05
8.6092389e-05
0.00013109537
0.00019564635
0.00030441574
0.00054641397
0.001356411
2.4420772e-06
2.4935535e-06
2.6621824e-06
3.1307692e-06
4.4021887e-06
7.7280874e-06
1.5540154e-05
3.0700124e-05
5.468763e-05
8.7916448e-05
0.0001325413
0.00019664904
0.00030503329
0.00054678555
0.001357447
2.3934419e-06
2.4524951e-06
2.6450394e-06
3.1767178e-06
4.6068759e-06
8.2854727e-06
1.6673738e-05
3.2391088e-05
5.6595867e-05
8.9666718e-05
0.00013391946
0.00019760627
0.00030563174
0.00054715701
0.0013585105
2.3487625e-06
2.4164266e-06
2.6360346e-06
3.2385775e-06
4.8440834e-06
8.8975079e-06
1.7859256e-05
3.408518e-05
5.8454117e-05
9.1345823e-05
0.00013523396
0.00019852138
0.00030621175
0.00054752793
0.0013595997
2.3081594e-06
2.3856042e-06
2.6358124e-06
3.3178121e-06
5.116185e-06
9.5647681e-06
1.9091327e-05
3.5775672e-05
6.0260821e-05
9.2956451e-05
0.00013648859
0.0001993969
0.00030677292
0.00054790011
0.0013607134
2.2717941e-06
2.3603414e-06
2.6451157e-06
3.4160263e-06
5.4255161e-06
1.0287176e-05
2.0364155e-05
3.7456524e-05
6.2015e-05
9.4501291e-05
0.00013768677
0.00020023506
0.00030731595
0.0005482748
0.0013618503
2.2398737e-06
2.3410154e-06
2.6647937e-06
3.5349597e-06
5.7743068e-06
1.1063963e-05
2.167169e-05
3.9122402e-05
6.3716163e-05
9.5983028e-05
0.0001388318
0.00020103833
0.00030784122
0.00054865322
0.0013630097
2.2126561e-06
2.3280735e-06
2.6958092e-06
3.6764764e-06
6.1646077e-06
1.189366e-05
2.3007781e-05
4.0768661e-05
6.5364246e-05
9.7404399e-05
0.00013992712
0.00020180982
0.00030834747
0.00054903725
0.0013641909
2.1904555e-06
2.32204e-06
2.7392452e-06
3.842546e-06
6.5982123e-06
1.2774116e-05
2.4366319e-05
4.2391323e-05
6.6959522e-05
9.8768019e-05
0.00014097539
0.00020254993
0.00030883711
0.00054942734
0.0013653934
2.1736491e-06
2.3235241e-06
2.7963109e-06
4.0352182e-06
7.0765793e-06
1.370254e-05
2.5741356e-05
4.398702e-05
6.8502524e-05
0.00010007635
0.0001419789
0.00020325984
0.00030931202
0.0005498234
0.0013666164
2.1626844e-06
2.3332282e-06
2.8683444e-06
4.2565876e-06
7.600759e-06
1.4675575e-05
2.7127207e-05
4.5552949e-05
6.9993983e-05
0.00010133172
0.00014293979
0.00020394109
0.0003097737
0.00055022517
0.001367859
2.158087e-06
2.3519559e-06
2.9568139e-06
4.5087504e-06
8.17133e-06
1.5689386e-05
2.8518525e-05
4.7086834e-05
7.1434898e-05
0.00010253684
0.00014386157
0.00020459275
0.00031022401
0.0005506328
0.0013691204
2.1604699e-06
2.3806209e-06
3.0633136e-06
4.7937524e-06
8.7883495e-06
1.6739762e-05
2.9910353e-05
4.8586858e-05
7.2826358e-05
0.00010369383
0.00014474502
0.00020521727
0.00031066403
0.00055104638
0.0013703998
2.1705425e-06
2.4202549e-06
3.1895555e-06
5.1135289e-06
9.4513216e-06
1.7822224e-05
3.1298154e-05
5.00516e-05
7.416948e-05
0.00010480453
0.00014559147
0.00020581672
0.00031109449
0.00055146583
0.0013716964
2.1891212e-06
2.4720151e-06
3.3373545e-06
5.4698403e-06
1.0159186e-05
1.8932133e-05
3.2677818e-05
5.1479974e-05
7.5465397e-05
0.0001058707
0.00014640251
0.00020639288
0.00031151598
0.0005518909
0.0013730095
2.2171394e-06
2.5371894e-06
3.5086065e-06
5.8642047e-06
1.091033e-05
2.0064793e-05
3.4045679e-05
5.2871279e-05
7.6715685e-05
0.00010689531
0.0001471778
0.00020694761
0.00031192923
0.00055232138
0.0013743381
2.2556581e-06
2.6172001e-06
3.7052576e-06
6.297831e-06
1.1702616e-05
2.1215543e-05
3.5398491e-05
5.4225043e-05
7.7921523e-05
0.00010787902
0.00014791972
0.00020748225
0.00031233485
0.00055275703
0.0013756814
2.3058756e-06
2.7136033e-06
3.929266e-06
6.7715577e-06
1.2533434e-05
2.2379829e-05
3.6733396e-05
5.5540957e-05
7.9083961e-05
0.00010882301
0.00014863031
0.00020799791
0.00031273333
0.0005531976
0.0013770387
2.3691364e-06
2.8280836e-06
4.1825543e-06
7.2858008e-06
1.3399764e-05
2.3553273e-05
3.8047917e-05
5.6818971e-05
8.0204411e-05
0.00010972814
0.00014931142
0.00020849561
0.00031312503
0.00055364281
0.0013784091
2.4469373e-06
2.9624437e-06
4.4669556e-06
7.8405131e-06
1.4298251e-05
2.4731722e-05
3.9339956e-05
5.8059301e-05
8.1284454e-05
0.00011059497
0.00014996474
0.00020897636
0.0003135103
0.00055409235
0.0013797918
2.5409304e-06
3.1185852e-06
4.7841519e-06
8.4351606e-06
1.5225285e-05
2.5911276e-05
4.0607688e-05
5.926202e-05
8.2324492e-05
0.00011142552
0.00015059167
0.00020944105
0.00031388942
0.00055454591
0.0013811859
2.6529219e-06
3.298482e-06
5.1356116e-06
9.0687147e-06
1.6177077e-05
2.7088293e-05
4.1849525e-05
6.0427216e-05
8.3325312e-05
0.00011222155
0.00015119344
0.00020989046
0.00031426262
0.00055500317
0.0013825907
2.7848624e-06
3.504144e-06
5.5225249e-06
9.739664e-06
1.7149747e-05
2.8259463e-05
4.3064378e-05
6.1556064e-05
8.4286604e-05
0.00011298473
0.00015177128
0.00021032528
0.00031463009
0.0005554638
0.0013840054
2.9388311e-06
3.7375711e-06
5.9457438e-06
1.0446041e-05
1.8139383e-05
2.9421735e-05
4.4251126e-05
6.2648238e-05
8.5209847e-05
0.00011371646
0.00015232628
0.00021074614
0.00031499199
0.00055592745
0.0013854292
3.1170068e-06
4.0006984e-06
6.40573e-06
1.1185461e-05
1.9142099e-05
3.0572295e-05
4.5408721e-05
6.3703722e-05
8.609648e-05
0.00011441804
0.00015285945
0.00021115361
0.00031534843
0.00055639379
0.0013868613
3.3216293e-06
4.2953334e-06
6.9025134e-06
1.1955186e-05
2.0154122e-05
3.1708777e-05
4.6537129e-05
6.4721757e-05
8.6947831e-05
0.00011509069
0.00015337167
0.00021154817
0.0003156995
0.00055686247
0.001388301
3.5549456e-06
4.6230876e-06
7.4356654e-06
1.2752174e-05
2.1171787e-05
3.2828884e-05
4.7635203e-05
6.5703015e-05
8.7765085e-05
0.00011573555
0.00015386379
0.00021193028
0.00031604524
0.00055733313
0.0013897473
3.8191437e-06
4.985307e-06
8.0042871e-06
1.357315e-05
2.2191572e-05
3.393055e-05
4.8701864e-05
6.6648329e-05
8.8549332e-05
0.00011635365
0.00015433655
0.00021230032
0.0003163857
0.00055780543
0.0013911997
4.1162744e-06
5.3830035e-06
8.607019e-06
1.4414691e-05
2.3210257e-05
3.5012495e-05
4.9735685e-05
6.7558463e-05
8.9301627e-05
0.00011694596
0.00015479064
0.00021265864
0.00031672087
0.00055827899
0.0013926572
4.4481637e-06
5.8167931e-06
9.2420588e-06
1.527325e-05
2.4224617e-05
3.607241e-05
5.0736632e-05
6.8434124e-05
9.0022949e-05
0.00011751337
0.00015522666
0.00021300553
0.00031705073
0.00055875345
0.0013941192
4.816321e-06
6.2868464e-06
9.907215e-06
1.6145326e-05
2.5232155e-05
3.7107807e-05
5.1704679e-05
6.9276001e-05
9.0714209e-05
0.00011805667
0.00015564517
0.00021334124
0.00031737524
0.00055922844
0.0013955849
5.2218486e-06
6.7928506e-06
1.0599935e-05
1.7027337e-05
2.6229794e-05
3.8117151e-05
5.2639823e-05
7.0084759e-05
9.1376253e-05
0.00011857661
0.00015604667
0.000213666
0.00031769433
0.00055970358
0.0013970535
5.6653621e-06
7.3340022e-06
1.1317445e-05
1.7916163e-05
2.7214021e-05
3.9099331e-05
5.3542101e-05
7.0861031e-05
9.2009863e-05
0.00011907386
0.00015643161
0.00021397998
0.0003180079
0.0005601785
0.0013985243
6.1469267e-06
7.9090065e-06
1.2056752e-05
1.880805e-05
2.8182133e-05
4.0053352e-05
5.4411584e-05
7.1605413e-05
9.2615758e-05
0.00011954903
0.00015680036
0.00021428332
0.00031831586
0.00056065279
0.0013999964
6.6660273e-06
8.5161463e-06
1.2814872e-05
1.9698972e-05
2.913184e-05
4.0978341e-05
5.5248368e-05
7.2318467e-05
9.3194597e-05
0.00012000265
0.00015715327
0.00021457612
0.00031861808
0.00056112607
0.0014014692
7.2216334e-06
9.1533918e-06
1.3587934e-05
2.0585549e-05
3.0061056e-05
4.1873534e-05
5.6052565e-05
7.3000712e-05
9.3746978e-05
0.00012043524
0.00015749064
0.00021485847
0.00031891439
0.00056159791
0.0014029417
7.8120129e-06
9.8178775e-06
1.437227e-05
2.14646e-05
3.0967891e-05
4.2738262e-05
5.6824296e-05
7.365263e-05
9.4273443e-05
0.0001208472
0.0001578127
0.00021513039
0.00031920465
0.00056206791
0.0014044133
8.4347111e-06
1.0506398e-05
1.5164231e-05
2.233316e-05
3.1850646e-05
4.3571951e-05
5.7563689e-05
7.4274663e-05
9.4774476e-05
0.00012123892
0.00015811967
0.0002153919
0.00031948864
0.00056253564
0.001405883
9.0867076e-06
1.1215455e-05
1.5960232e-05
2.3188488e-05
3.2707803e-05
4.4374104e-05
5.8270874e-05
7.4867211e-05
9.5250509e-05
0.00012161073
0.00015841169
0.00021564297
0.00031976617
0.00056300065
0.0014073501
9.7645065e-06
1.1941339e-05
1.6756801e-05
2.4028075e-05
3.3538023e-05
4.5144308e-05
5.8945987e-05
7.543064e-05
9.5701923e-05
0.0001219629
0.0001586889
0.00021588355
0.000320037
0.00056346249
0.0014088137
1.0464241e-05
1.2680208e-05
1.7550618e-05
2.484965e-05
3.4340138e-05
4.5882222e-05
5.9589166e-05
7.596528e-05
9.6129048e-05
0.00012229567
0.00015895136
0.00021611356
0.00032030087
0.00056392069
0.0014102728
1.1181787e-05
1.3428171e-05
1.8338539e-05
2.5651177e-05
3.5113152e-05
4.6587583e-05
6.0200554e-05
7.6471428e-05
9.6532172e-05
0.00012260921
0.00015919912
0.00021633288
0.00032055752
0.00056437476
0.0014117266
1.1912873e-05
1.4181365e-05
1.9117628e-05
2.6430857e-05
3.5856231e-05
4.7260199e-05
6.0780305e-05
7.6949356e-05
9.6911543e-05
0.00012290366
0.00015943219
0.00021654137
0.00032080664
0.00056482419
0.0014131741
1.2653194e-05
1.4936016e-05
1.9885165e-05
2.7187124e-05
3.65687e-05
4.7899959e-05
6.1328585e-05
7.7399314e-05
9.726737e-05
0.00012317915
0.00015965054
0.00021673887
0.00032104792
0.00056526846
0.0014146144
1.33985e-05
1.5688502e-05
2.0638668e-05
2.7918634e-05
3.7250044e-05
4.8506826e-05
6.1845579e-05
7.7821535e-05
9.7599834e-05
0.00012343573
0.00015985412
0.00021692518
0.00032128102
0.00056570703
0.0014160462
1.414469e-05
1.64354e-05
2.1375893e-05
2.8624261e-05
3.7899895e-05
4.9080842e-05
6.2331494e-05
7.8216244e-05
9.7909088e-05
0.00012367345
0.00016004283
0.00021710008
0.00032150558
0.00056613935
0.0014174686
1.4887874e-05
1.7173527e-05
2.209484e-05
2.9303087e-05
3.8518031e-05
4.962213e-05
6.2786569e-05
7.858366e-05
9.8195269e-05
0.00012389233
0.00016021658
0.00021726335
0.00032172124
0.00056656481
0.0014188805
1.562443e-05
1.7899963e-05
2.2793754e-05
2.9954388e-05
3.9104368e-05
5.0130893e-05
6.3211075e-05
7.8924009e-05
9.8458499e-05
0.00012409237
0.00016037522
0.00021741472
0.00032192759
0.00056698285
0.0014202806
1.6351039e-05
1.8612074e-05
2.3471115e-05
3.0577626e-05
3.9658951e-05
5.0607413e-05
6.3605321e-05
7.9237526e-05
9.8698894e-05
0.00012427356
0.00016051863
0.00021755393
0.00032212424
0.00056739282
0.0014216676
1.7064716e-05
1.930752e-05
2.4125638e-05
3.1172434e-05
4.0181947e-05
5.1052053e-05
6.3969662e-05
7.9524461e-05
9.8916574e-05
0.00012443587
0.00016064665
0.00021768069
0.00032231077
0.00056779412
0.0014230404
1.7762815e-05
1.9984257e-05
2.4756259e-05
3.1738602e-05
4.0673636e-05
5.1465248e-05
6.4304497e-05
7.9785092e-05
9.9111662e-05
0.00012457928
0.00016075911
0.00021779473
0.00032248676
0.00056818611
0.0014243975
1.8443032e-05
2.0640534e-05
2.5362127e-05
3.2276066e-05
4.11344e-05
5.1847512e-05
6.4610274e-05
8.001972e-05
9.92843e-05
0.00012470378
0.00016085586
0.00021789575
0.0003226518
0.00056856814
0.0014257377
1.9103403e-05
2.1274883e-05
2.5942589e-05
3.2784895e-05
4.1564716e-05
5.2199422e-05
6.488749e-05
8.0228682e-05
9.9434645e-05
0.00012480936
0.00016093676
0.00021798349
0.00032280546
0.00056893957
0.0014270594
1.9742286e-05
2.1886106e-05
2.6497177e-05
3.3265276e-05
4.1965142e-05
5.2521624e-05
6.5136692e-05
8.0412351e-05
9.9562884e-05
0.00012489603
0.00016100166
0.00021805766
0.00032294733
0.00056929975
0.0014283612
2.0358345e-05
2.2473256e-05
2.7025597e-05
3.3717503e-05
4.233631e-05
5.2814818e-05
6.5358477e-05
8.0571139e-05
9.9669231e-05
0.00012496384
0.00016105045
0.00021811801
0.00032307702
0.00056964807
0.0014296416
2.0950528e-05
2.3035622e-05
2.7527709e-05
3.4141964e-05
4.2678913e-05
5.3079759e-05
6.5553486e-05
8.0705499e-05
9.9753938e-05
0.00012501284
0.00016108304
0.00021816432
0.00032319415
0.00056998389
0.0014308991
2.1518045e-05
2.3572708e-05
2.8003515e-05
3.4539129e-05
4.2993701e-05
5.3317247e-05
6.5722405e-05
8.0815926e-05
9.9817292e-05
0.00012504313
0.00016109935
0.00021819637
0.00032329839
0.00057030664
0.0014321323
2.2060341e-05
2.4084213e-05
2.8453145e-05
3.4909541e-05
4.3281467e-05
5.352812e-05
6.5865963e-05
8.0902956e-05
9.9859622e-05
0.00012505486
0.00016109937
0.00021821401
0.0003233894
0.00057061575
0.0014333396
2.2577076e-05
2.457001e-05
2.8876842e-05
3.5253806e-05
4.3543042e-05
5.371325e-05
6.5984924e-05
8.0967167e-05
9.9881298e-05
0.00012504819
0.00016108311
0.0002182171
0.00032346693
0.00057091069
0.0014345195
2.3068097e-05
2.5030125e-05
2.9274948e-05
3.5572578e-05
4.3779283e-05
5.3873535e-05
6.6080083e-05
8.1009176e-05
9.9882735e-05
0.00012502336
0.00016105062
0.00021820555
0.00032353073
0.00057119099
0.0014356706
2.3533418e-05
2.5464723e-05
2.9647892e-05
3.586656e-05
4.3991073e-05
5.4009892e-05
6.6152267e-05
8.1029636e-05
9.9864388e-05
0.00012498062
0.00016100201
0.00021817933
0.00032358063
0.00057145621
0.0014367915
2.3973197e-05
2.5874085e-05
2.9996177e-05
3.6136485e-05
4.4179306e-05
5.4123255e-05
6.6202324e-05
8.1029236e-05
9.9826756e-05
0.00012492031
0.00016093743
0.00021813845
0.0003236165
0.00057170598
0.0014378807
2.4387717e-05
2.6258595e-05
3.0320367e-05
3.6383117e-05
4.4344888e-05
5.4214564e-05
6.6231122e-05
8.1008693e-05
9.9770377e-05
0.00012484277
0.00016085709
0.00021808299
0.00032363827
0.00057193997
0.001438937
2.4777365e-05
2.661872e-05
3.0621082e-05
3.660724e-05
4.448873e-05
5.4284766e-05
6.6239543e-05
8.0968755e-05
9.9695831e-05
0.00012474841
0.00016076124
0.00021801307
0.00032364594
0.00057215794
0.0014399591
2.5142619e-05
2.6955002e-05
3.0898983e-05
3.6809653e-05
4.461174e-05
5.4334806e-05
6.622848e-05
8.0910192e-05
9.9603731e-05
0.0001246377
0.0001606502
0.00021792887
0.00032363955
0.00057235971
0.001440946
2.5484028e-05
2.7268041e-05
3.1154764e-05
3.6991166e-05
4.4714824e-05
5.4365625e-05
6.6198829e-05
8.0833794e-05
9.9494725e-05
0.00012451112
0.00016052433
0.00021783064
0.00032361923
0.00057254516
0.0014418966
2.5802204e-05
2.7558486e-05
3.1389147e-05
3.7152594e-05
4.4798881e-05
5.4378157e-05
6.6151493e-05
8.0740368e-05
9.936949e-05
0.00012436923
0.00016038405
0.00021771869
0.00032358515
0.00057271425
0.0014428099
2.6097806e-05
2.7827023e-05
3.1602873e-05
3.7294751e-05
4.4864797e-05
5.4373323e-05
6.6087368e-05
8.0630732e-05
9.9228733e-05
0.00012421261
0.00016022982
0.00021759336
0.00032353757
0.00057286701
0.0014436852
2.637153e-05
2.8074366e-05
3.1796698e-05
3.741845e-05
4.4913445e-05
5.4352034e-05
6.600735e-05
8.0505715e-05
9.9073181e-05
0.00012404186
0.00016006215
0.00021745508
0.00032347678
0.00057300355
0.0014445219
2.66241e-05
2.8301251e-05
3.1971383e-05
3.7524497e-05
4.4945686e-05
5.4315182e-05
6.5912325e-05
8.036615e-05
9.8903581e-05
0.00012385764
0.00015988158
0.0002173043
0.00032340316
0.00057312403
0.0014453192
2.685626e-05
2.8508428e-05
3.2127694e-05
3.7613691e-05
4.4962361e-05
5.4263643e-05
6.5803168e-05
8.0212872e-05
9.8720698e-05
0.00012366063
0.00015968873
0.00021714155
0.00032331713
0.0005732287
0.0014460768
2.7068769e-05
2.8696655e-05
3.2266395e-05
3.7686817e-05
4.4964293e-05
5.4198274e-05
6.5680742e-05
8.0046715e-05
9.8525308e-05
0.00012345153
0.0001594842
0.00021696737
0.00032321915
0.00057331785
0.0014467945
2.726239e-05
2.8866694e-05
3.2388248e-05
3.774465e-05
4.4952287e-05
5.4119911e-05
6.5545896e-05
7.9868509e-05
9.8318194e-05
0.00012323106
0.00015926867
0.00021678236
0.00032310975
0.00057339186
0.0014474721
2.7437888e-05
2.9019303e-05
3.2494004e-05
3.7787947e-05
4.4927125e-05
5.4029367e-05
6.5399461e-05
7.9679077e-05
9.8100146e-05
0.00012299996
0.00015904283
0.00021658716
0.00032298949
0.00057345114
0.0014481095
2.7596028e-05
2.9155238e-05
3.2584407e-05
3.7817451e-05
4.488957e-05
5.3927435e-05
6.524225e-05
7.9479232e-05
9.7871955e-05
0.000122759
0.00015880737
0.00021638243
0.00032285897
0.00057349616
0.0014487069
2.7737566e-05
2.9275244e-05
3.2660186e-05
3.7833889e-05
4.4840362e-05
5.3814884e-05
6.5075058e-05
7.9269775e-05
9.763441e-05
0.00012250892
0.00015856303
0.00021616886
0.00032271882
0.00057352742
0.0014492644
2.7863249e-05
2.9380056e-05
3.2722059e-05
3.7837967e-05
4.478022e-05
5.369246e-05
6.4898658e-05
7.9051495e-05
9.7388296e-05
0.0001222505
0.00015831055
0.00021594715
0.0003225697
0.00057354549
0.0014497826
2.7973814e-05
2.9470397e-05
3.2770726e-05
3.7830373e-05
4.470984e-05
5.3560885e-05
6.4713801e-05
7.8825164e-05
9.7134389e-05
0.0001219845
0.00015805068
0.00021571803
0.00032241228
0.00057355093
0.0014502617
2.8069982e-05
2.9546975e-05
3.2806873e-05
3.7811777e-05
4.4629896e-05
5.3420857e-05
6.4521218e-05
7.8591535e-05
9.6873456e-05
0.0001217117
0.00015778417
0.00021548223
0.00032224726
0.00057354438
0.0014507025
2.8152458e-05
2.9610481e-05
3.2831166e-05
3.7782828e-05
4.4541039e-05
5.3273051e-05
6.4321615e-05
7.8351346e-05
9.6606252e-05
0.00012143284
0.00015751179
0.00021524049
0.00032207534
0.00057352645
0.0014511055
2.8221933e-05
2.9661589e-05
3.2844255e-05
3.7744156e-05
4.44439e-05
5.3118116e-05
6.4115675e-05
7.8105312e-05
9.6333515e-05
0.00012114869
0.00015723427
0.00021499355
0.00032189723
0.0005734978
0.0014514716
2.8279076e-05
2.9700954e-05
3.284677e-05
3.7696371e-05
4.4339085e-05
5.2956681e-05
6.390406e-05
7.7854127e-05
9.6055967e-05
0.00012085998
0.00015695237
0.00021474215
0.00032171363
0.00057345908
0.0014518016
2.8324541e-05
2.9729215e-05
3.2839322e-05
3.7640062e-05
4.422718e-05
5.2789348e-05
6.3687404e-05
7.7598464e-05
9.5774311e-05
0.00012056743
0.00015666681
0.000214487
0.00032152525
0.00057341097
0.0014520964
2.835896e-05
2.9746989e-05
3.2822504e-05
3.7575797e-05
4.4108748e-05
5.2616697e-05
6.346632e-05
7.7338973e-05
9.5489231e-05
0.00012027174
0.00015637831
0.00021422882
0.00032133277
0.00057335412
0.0014523571
2.8382948e-05
2.9754876e-05
3.2796888e-05
3.7504128e-05
4.3984333e-05
5.2439285e-05
6.3241396e-05
7.7076279e-05
9.5201387e-05
0.00011997362
0.00015608758
0.00021396832
0.00032113687
0.00057328919
0.0014525847
2.8397097e-05
2.9753453e-05
3.2763028e-05
3.7425584e-05
4.3854455e-05
5.2257647e-05
6.3013197e-05
7.6810986e-05
9.4911419e-05
0.00011967372
0.00015579529
0.00021370616
0.00032093821
0.00057321685
0.0014527802
2.8401981e-05
2.9743282e-05
3.2721457e-05
3.7340675e-05
4.3719617e-05
5.2072295e-05
6.2782264e-05
7.6543671e-05
9.461994e-05
0.00011937269
0.00015550211
0.00021344302
0.00032073744
0.00057313773
0.0014529449
2.8398155e-05
2.97249e-05
3.2672692e-05
3.7249893e-05
4.3580297e-05
5.1883719e-05
6.2549113e-05
7.6274887e-05
9.4327541e-05
0.00011907114
0.00015520866
0.00021317952
0.00032053518
0.00057305245
0.0014530799
2.8386152e-05
2.969883e-05
3.2617227e-05
3.7153709e-05
4.3436958e-05
5.1692386e-05
6.2314237e-05
7.6005162e-05
9.4034785e-05
0.00011876967
0.00015491557
0.00021291627
0.00032033201
0.00057296164
0.0014531864
2.8366487e-05
2.9665573e-05
3.2555541e-05
3.7052578e-05
4.329004e-05
5.1498745e-05
6.2078108e-05
7.5735002e-05
9.3742213e-05
0.00011846885
0.00015462341
0.00021265386
0.00032012851
0.00057286588
0.0014532657
2.8339656e-05
2.9625611e-05
3.2488093e-05
3.6946935e-05
4.3139966e-05
5.1303222e-05
6.1841173e-05
7.5464885e-05
9.3450336e-05
0.00011816921
0.00015433273
0.00021239283
0.0003199252
0.00057276575
0.001453319
2.8306135e-05
2.9579408e-05
3.2415324e-05
3.6837197e-05
4.298714e-05
5.1106224e-05
6.1603857e-05
7.5195266e-05
9.3159641e-05
0.00011787128
0.00015404406
0.00021213371
0.00031972261
0.00057266178
0.0014533474
2.8266381e-05
2.9527409e-05
3.2337656e-05
3.6723763e-05
4.2831946e-05
5.0908136e-05
6.1366565e-05
7.4926576e-05
9.2870588e-05
0.00011757552
0.0001537579
0.00021187699
0.00031952121
0.0005725545
0.0014533523
2.8220834e-05
2.9470043e-05
3.2255497e-05
3.6607018e-05
4.2674753e-05
5.0709326e-05
6.1129676e-05
7.4659221e-05
9.2583612e-05
0.00011728241
0.00015347471
0.00021162312
0.00031932145
0.00057244441
0.0014533349
2.8169915e-05
2.9407719e-05
3.2169234e-05
3.6487327e-05
4.2515911e-05
5.0510143e-05
6.0893553e-05
7.4393584e-05
9.2299119e-05
0.00011699235
0.00015319493
0.00021137254
0.00031912375
0.00057233198
0.0014532965
2.8114029e-05
2.9340832e-05
3.2079241e-05
3.6365039e-05
4.2355753e-05
5.0310915e-05
6.0658535e-05
7.4130025e-05
9.2017493e-05
0.00011670577
0.00015291896
0.00021112565
0.00031892848
0.00057221766
0.0014532381
2.8053563e-05
2.9269756e-05
3.1985874e-05
3.6240488e-05
4.2194596e-05
5.0111956e-05
6.0424942e-05
7.3868882e-05
9.173909e-05
0.00011642302
0.00015264718
0.00021088279
0.00031873601
0.00057210185
0.0014531611
2.7988887e-05
2.9194852e-05
3.1889472e-05
3.6113993e-05
4.2032741e-05
4.9913559e-05
6.0193075e-05
7.3610469e-05
9.1464242e-05
0.00011614445
0.00015237992
0.00021064432
0.00031854665
0.00057198497
0.0014530665
2.7920355e-05
2.9116465e-05
3.1790362e-05
3.5985856e-05
4.1870474e-05
4.9716002e-05
5.9963215e-05
7.3355079e-05
9.1193255e-05
0.00011587037
0.00015211751
0.00021041054
0.00031836071
0.00057186736
0.0014529556
2.7848307e-05
2.9034924e-05
3.1688853e-05
3.5856366e-05
4.1708064e-05
4.9519547e-05
5.9735624e-05
7.3102985e-05
9.0926415e-05
0.00011560109
0.00015186024
0.0002101817
0.00031817845
0.00057174938
0.0014528294
2.7773065e-05
2.8950542e-05
3.1585241e-05
3.5725797e-05
4.1545767e-05
4.9324438e-05
5.9510547e-05
7.2854438e-05
9.0663981e-05
0.00011533685
0.00015160836
0.00020995807
0.0003180001
0.00057163134
0.0014526891
2.7694939e-05
2.8863619e-05
3.1479808e-05
3.5594409e-05
4.1383825e-05
4.9130907e-05
5.9288213e-05
7.260967e-05
9.0406191e-05
0.00011507791
0.0001513621
0.00020973986
0.00031782588
0.00057151353
0.0014525357
2.7614222e-05
2.877444e-05
3.1372821e-05
3.5462449e-05
4.1222465e-05
4.8939166e-05
5.9068831e-05
7.2368894e-05
9.0153261e-05
0.00011482447
0.00015112167
0.00020952725
0.00031765596
0.00057139622
0.0014523701
2.7531195e-05
2.8683277e-05
3.1264536e-05
3.5330149e-05
4.1061901e-05
4.8749417e-05
5.8852596e-05
7.2132303e-05
8.9905384e-05
0.00011457673
0.00015088725
0.00020932041
0.0003174905
0.00057127965
0.0014521935
2.7446126e-05
2.8590388e-05
3.1155192e-05
3.5197732e-05
4.0902334e-05
4.8561847e-05
5.8639686e-05
7.1900074e-05
8.9662737e-05
0.00011433485
0.000150659
0.00020911947
0.00031732965
0.00057116406
0.0014520068
2.7359267e-05
2.849602e-05
3.1045021e-05
3.5065406e-05
4.0743952e-05
4.8376628e-05
5.8430265e-05
7.1672365e-05
8.9425473e-05
0.00011409899
0.00015043704
0.00020892458
0.00031717366
0.00057104998
0.0014518107
2.727086e-05
2.8400405e-05
3.0934238e-05
3.4933367e-05
4.0586933e-05
4.8193921e-05
5.8224483e-05
7.1449319e-05
8.919373e-05
0.00011386926
0.0001502215
0.00020873582
0.0003170225
0.00057093663
0.0014516062
2.7181134e-05
2.8303764e-05
3.082305e-05
3.48018e-05
4.0431441e-05
4.8013873e-05
5.8022475e-05
7.1231063e-05
8.8967625e-05
0.00011364579
0.00015001246
0.00020855324
0.00031687611
0.00057082384
0.0014513937
2.7090307e-05
2.8206307e-05
3.0711651e-05
3.4670881e-05
4.027763e-05
4.783662e-05
5.7824362e-05
7.1017707e-05
8.8747259e-05
0.00011342865
0.00014981001
0.00020837698
0.00031673488
0.00057071085
0.001451174
2.6998585e-05
2.8108233e-05
3.0600224e-05
3.4540773e-05
4.0125642e-05
4.7662286e-05
5.7630254e-05
7.0809349e-05
8.8532719e-05
0.00011321792
0.0001496142
0.00020820704
0.00031659841
0.00057059808
0.0014509477
2.6906162e-05
2.800973e-05
3.0488942e-05
3.4411629e-05
3.9975609e-05
4.7490984e-05
5.7440247e-05
7.0606071e-05
8.8324075e-05
0.00011301365
0.00014942505
0.00020804334
0.00031646642
0.000570486
0.0014507155
2.6813223e-05
2.7910974e-05
3.0377967e-05
3.4283591e-05
3.9827655e-05
4.7322816e-05
5.7254426e-05
7.0407946e-05
8.8121383e-05
0.0001128159
0.00014924263
0.00020788602
0.00031633846
0.00057037515
0.0014504783
2.6719942e-05
2.7812132e-05
3.0267452e-05
3.4156795e-05
3.968189e-05
4.7157874e-05
5.7072866e-05
7.021503e-05
8.7924688e-05
0.00011262468
0.00014906691
0.00020773491
0.00031621448
0.00057026591
0.0014502367
2.6626484e-05
2.7713363e-05
3.0157541e-05
3.4031364e-05
3.953842e-05
4.6996241e-05
5.6895631e-05
7.0027371e-05
8.7734018e-05
0.00011244
0.00014889784
0.00020758978
0.0003160947
0.00057015852
0.0014499915
2.6533003e-05
2.7614815e-05
3.0048369e-05
3.3907413e-05
3.9397338e-05
4.6837992e-05
5.6722775e-05
6.9845006e-05
8.7549397e-05
0.00011226188
0.00014873548
0.00020745024
0.00031597927
0.00057005318
0.0014497434
2.6439646e-05
2.7516627e-05
2.994006e-05
3.3785052e-05
3.925873e-05
4.6683189e-05
5.6554342e-05
6.9667961e-05
8.7370832e-05
0.0001120903
0.00014857968
0.00020731621
0.00031586829
0.00056995009
0.0014494931
2.6346549e-05
2.7418929e-05
2.9832733e-05
3.3664377e-05
3.9122675e-05
4.653189e-05
5.6390368e-05
6.9496249e-05
8.7198307e-05
0.00011192518
0.00014843024
0.00020718776
0.0003157618
0.00056984938
0.0014492411
2.6253842e-05
2.7321845e-05
2.9726497e-05
3.3545481e-05
3.8989242e-05
4.6384144e-05
5.6230882e-05
6.9329886e-05
8.7031837e-05
0.00011176658
0.00014828683
0.0002070649
0.00031565984
0.00056975116
0.001448988
2.6161644e-05
2.7225488e-05
2.9621453e-05
3.3428447e-05
3.8858495e-05
4.6239991e-05
5.6075904e-05
6.9168866e-05
8.6871372e-05
0.00011161431
0.00014814943
0.0002069476
0.0003155624
0.00056965552
0.0014487344
2.607007e-05
2.7129966e-05
2.9517697e-05
3.3313353e-05
3.8730491e-05
4.6099468e-05
5.5925447e-05
6.9013185e-05
8.6716897e-05
0.00011146816
0.00014801802
0.00020683584
0.00031546946
0.00056956254
0.0014484807
2.5979224e-05
2.7035378e-05
2.9415314e-05
3.3200267e-05
3.8605278e-05
4.5962601e-05
5.5779518e-05
6.8862824e-05
8.6568353e-05
0.00011132797
0.00014789256
0.00020672956
0.000315381
0.00056947227
0.0014482275
2.5889204e-05
2.6941817e-05
2.9314386e-05
3.3089255e-05
3.84829e-05
4.5829412e-05
5.5638116e-05
6.8717756e-05
8.6425571e-05
0.0001111937
0.00014777297
0.0002066287
0.00031529697
0.00056938473
0.0014479752
2.5800104e-05
2.6849369e-05
2.9214987e-05
3.2980374e-05
3.8363395e-05
4.569992e-05
5.5501239e-05
6.8577966e-05
8.6288385e-05
0.0001110653
0.00014765919
0.00020653317
0.0003152173
0.00056929997
0.0014477242
2.5712007e-05
2.6758114e-05
2.9117185e-05
3.2873675e-05
3.8246797e-05
4.5574134e-05
5.5368875e-05
6.8443318e-05
8.6156747e-05
0.00011094269
0.00014755112
0.00020644289
0.00031514193
0.00056921798
0.0014474749
2.5624994e-05
2.6668125e-05
2.9021044e-05
3.2769205e-05
3.8133132e-05
4.5452064e-05
5.5241011e-05
6.8313687e-05
8.6030593e-05
0.00011082579
0.00014744868
0.00020635777
0.00031507079
0.00056913877
0.0014472276
2.5539137e-05
2.6579472e-05
2.892662e-05
3.2667008e-05
3.8022427e-05
4.5333722e-05
5.5117539e-05
6.8189025e-05
8.5909853e-05
0.00011071451
0.00014735177
0.0002062777
0.00031500377
0.00056906233
0.0014469826
2.5454503e-05
2.6492216e-05
2.8833965e-05
3.256712e-05
3.7914701e-05
4.521908e-05
5.4998392e-05
6.8069273e-05
8.5794451e-05
0.00011060877
0.00014726028
0.00020620256
0.00031494081
0.00056898865
0.0014467403
2.5371157e-05
2.6406416e-05
2.8743129e-05
3.2469577e-05
3.7809978e-05
4.5108069e-05
5.4883526e-05
6.795437e-05
8.5684304e-05
0.00011050845
0.0001471741
0.00020613226
0.00031488179
0.0005689177
0.0014465009
2.5289156e-05
2.6322126e-05
2.8654158e-05
3.2374419e-05
3.7708217e-05
4.5000665e-05
5.4772898e-05
6.784425e-05
8.5579329e-05
0.00011041347
0.00014709311
0.00020606666
0.00031482662
0.00056884945
0.0014462647
2.5208556e-05
2.62394e-05
2.8567095e-05
3.2281638e-05
3.7609409e-05
4.4896838e-05
5.4666457e-05
6.7738844e-05
8.5479436e-05
0.00011032371
0.00014701719
0.00020600564
0.0003147752
0.00056878388
0.0014460319
2.5129407e-05
2.6158279e-05
2.8481959e-05
3.2191243e-05
3.7513543e-05
4.4796558e-05
5.4564153e-05
6.7638079e-05
8.538453e-05
0.00011023906
0.00014694621
0.00020594907
0.00031472741
0.00056872094
0.0014458027
2.505175e-05
2.6078796e-05
2.8398769e-05
3.2103236e-05
3.7420605e-05
4.4699791e-05
5.4465931e-05
6.7541879e-05
8.5294516e-05
0.0001101594
0.00014688006
0.00020589683
0.00031468314
0.0005686606
0.0014455773
2.4975617e-05
2.6000977e-05
2.8317544e-05
3.201762e-05
3.7330579e-05
4.46065e-05
5.4371733e-05
6.7450164e-05
8.5209293e-05
0.00011008462
0.00014681859
0.00020584878
0.0003146423
0.0005686028
0.0014453559
2.4901038e-05
2.5924849e-05
2.8238295e-05
3.1934394e-05
3.7243446e-05
4.4516648e-05
5.42815e-05
6.7362855e-05
8.512876e-05
0.00011001459
0.00014676167
0.00020580479
0.00031460476
0.00056854751
0.0014451386
2.482804e-05
2.585043e-05
2.8161034e-05
3.1853554e-05
3.7159185e-05
4.4430194e-05
5.419517e-05
6.7279866e-05
8.5052811e-05
0.0001099492
0.00014670918
0.00020576473
0.00031457042
0.00056849467
0.0014449255
2.4756643e-05
2.5777739e-05
2.8085768e-05
3.1775095e-05
3.7077773e-05
4.4347094e-05
5.4112678e-05
6.7201111e-05
8.4981339e-05
0.00010988831
0.00014666097
0.00020572846
0.00031453916
0.00056844424
0.0014447169
2.4686867e-05
2.5706789e-05
2.8012502e-05
3.1699006e-05
3.6999184e-05
4.4267304e-05
5.4033957e-05
6.7126503e-05
8.4914236e-05
0.00010983181
0.00014661691
0.00020569585
0.00031451087
0.00056839617
0.0014445127
2.4618726e-05
2.5637592e-05
2.7941238e-05
3.1625278e-05
3.6923391e-05
4.4190776e-05
5.3958941e-05
6.7055951e-05
8.4851392e-05
0.00010977957
0.00014657686
0.00020566677
0.00031448544
0.00056835039
0.0014443131
2.4552234e-05
2.5570156e-05
2.7871977e-05
3.1553897e-05
3.6850363e-05
4.411746e-05
5.3887558e-05
6.6989365e-05
8.4792696e-05
0.00010973145
0.00014654069
0.00020564108
0.00031446276
0.00056830687
0.0014441182
2.44874e-05
2.5504487e-05
2.7804714e-05
3.1484847e-05
3.6780068e-05
4.4047307e-05
5.3819737e-05
6.6926651e-05
8.4738035e-05
0.00010968734
0.00014650826
0.00020561864
0.00031444273
0.00056826555
0.0014439279
2.4424232e-05
2.5440589e-05
2.7739446e-05
3.1418111e-05
3.6712473e-05
4.3980263e-05
5.3755404e-05
6.6867715e-05
8.4687297e-05
0.0001096471
0.00014647943
0.00020559934
0.00031442523
0.00056822637
0.0014437425
2.4362735e-05
2.5378463e-05
2.7676164e-05
3.135367e-05
3.6647543e-05
4.3916274e-05
5.3694485e-05
6.6812464e-05
8.4640367e-05
0.0001096106
0.00014645408
0.00020558304
0.00031441017
0.00056818929
0.0014435619
2.4302911e-05
2.5318107e-05
2.761486e-05
3.1291501e-05
3.658524e-05
4.3855285e-05
5.3636906e-05
6.67608e-05
8.4597132e-05
0.00010957772
0.00014643206
0.00020556962
0.00031439743
0.00056815424
0.0014433862
2.4244761e-05
2.5259519e-05
2.7555522e-05
3.1231581e-05
3.6525525e-05
4.3797238e-05
5.3582588e-05
6.6712628e-05
8.4557478e-05
0.00010954834
0.00014641325
0.00020555894
0.00031438691
0.00056812117
0.0014432154
2.4188282e-05
2.5202692e-05
2.7498137e-05
3.1173885e-05
3.6468358e-05
4.3742076e-05
5.3531454e-05
6.6667851e-05
8.4521291e-05
0.00010952231
0.00014639751
0.00020555088
0.00031437852
0.00056809004
0.0014430495
2.4133473e-05
2.5147621e-05
2.744269e-05
3.1118388e-05
3.6413697e-05
4.3689739e-05
5.3483427e-05
6.6626372e-05
8.4488457e-05
0.00010949953
0.00014638472
0.00020554533
0.00031437215
0.00056806078
0.0014428885
2.4080326e-05
2.5094295e-05
2.7389165e-05
3.1065059e-05
3.63615e-05
4.3640168e-05
5.3438427e-05
6.6588094e-05
8.4458863e-05
0.00010947986
0.00014637474
0.00020554216
0.0003143677
0.00056803333
0.0014427325
2.4028835e-05
2.5042704e-05
2.7337542e-05
3.1013871e-05
3.6311723e-05
4.35933e-05
5.3396375e-05
6.6552919e-05
8.4432397e-05
0.00010946318
0.00014636746
0.00020554125
0.00031436509
0.00056800766
0.0014425813
2.3978991e-05
2.4992836e-05
2.7287802e-05
3.0964792e-05
3.6264319e-05
4.3549074e-05
5.3357191e-05
6.652075e-05
8.4408946e-05
0.00010944937
0.00014636274
0.00020554249
0.00031436422
0.00056798369
0.0014424351
2.3930782e-05
2.4944676e-05
2.7239924e-05
3.0917789e-05
3.6219244e-05
4.3507428e-05
5.3320795e-05
6.649149e-05
8.4388399e-05
0.00010943831
0.00014636046
0.00020554576
0.00031436499
0.00056796137
0.0014422938
2.3884198e-05
2.4898209e-05
2.7193886e-05
3.0872831e-05
3.617645e-05
4.3468298e-05
5.3287108e-05
6.6465043e-05
8.4370646e-05
0.00010942988
0.00014636052
0.00020555097
0.00031436732
0.00056794065
0.0014421573
2.3839223e-05
2.4853419e-05
2.7149663e-05
3.0829881e-05
3.6135889e-05
4.3431622e-05
5.3256049e-05
6.6441313e-05
8.4355578e-05
0.00010942397
0.00014636278
0.00020555799
0.00031437112
0.00056792148
0.0014420256
2.3795844e-05
2.4810288e-05
2.7107231e-05
3.0788906e-05
3.6097512e-05
4.3397334e-05
5.3227537e-05
6.6420205e-05
8.4343088e-05
0.00010942045
0.00014636713
0.00020556672
0.00031437631
0.0005679038
0.0014418987
2.3754045e-05
2.4768795e-05
2.7066563e-05
3.0749869e-05
3.6061272e-05
4.3365372e-05
5.3201494e-05
6.6401624e-05
8.433307e-05
0.00010941922
0.00014637347
0.00020557707
0.00031438281
0.00056788756
0.0014417765
2.3713807e-05
2.472892e-05
2.7027632e-05
3.0712732e-05
3.6027117e-05
4.333567e-05
5.317784e-05
6.6385476e-05
8.4325417e-05
0.00010942017
0.00014638169
0.00020558893
0.00031439054
0.0005678727
0.0014416589
2.3675112e-05
2.4690643e-05
2.699041e-05
3.0677459e-05
3.5994998e-05
4.3308166e-05
5.3156495e-05
6.6371668e-05
8.4320028e-05
0.00010942318
0.00014639167
0.00020560221
0.00031439941
0.00056785918
0.001441546
2.3637941e-05
2.465394e-05
2.6954869e-05
3.064401e-05
3.5964865e-05
4.3282793e-05
5.3137381e-05
6.636011e-05
8.4316801e-05
0.00010942815
0.00014640331
0.00020561682
0.00031440936
0.00056784695
0.0014414375
2.3602272e-05
2.4618788e-05
2.6920978e-05
3.0612347e-05
3.5936666e-05
4.3259488e-05
5.312042e-05
6.635071e-05
8.4315636e-05
0.00010943498
0.00014641652
0.00020563266
0.00031442032
0.00056783595
0.0014413336
2.3568085e-05
2.4585162e-05
2.6888707e-05
3.0582431e-05
3.5910351e-05
4.3238188e-05
5.3105535e-05
6.6343379e-05
8.4316434e-05
0.00010944357
0.00014643119
0.00020564965
0.00031443222
0.00056782615
0.001441234
2.3535358e-05
2.4553038e-05
2.6858025e-05
3.0554221e-05
3.5885868e-05
4.3218828e-05
5.3092649e-05
6.6338029e-05
8.4319101e-05
0.00010945382
0.00014644724
0.0002056677
0.00031444499
0.00056781749
0.0014411387
2.3504065e-05
2.452239e-05
2.6828901e-05
3.0527677e-05
3.5863167e-05
4.3201344e-05
5.3081686e-05
6.6334574e-05
8.4323541e-05
0.00010946562
0.00014646456
0.00020568674
0.00031445856
0.00056780993
0.0014410478
2.3474185e-05
2.449319e-05
2.6801302e-05
3.0502758e-05
3.5842196e-05
4.3185674e-05
5.3072571e-05
6.6332927e-05
8.4329663e-05
0.00010947889
0.00014648306
0.00020570668
0.00031447288
0.00056780343
0.0014409609
2.3445692e-05
2.4465412e-05
2.6775195e-05
3.0479424e-05
3.5822905e-05
4.3171755e-05
5.3065231e-05
6.6333006e-05
8.4337376e-05
0.00010949354
0.00014650267
0.00020572745
0.00031448789
0.00056779794
0.0014408782
2.341856e-05
2.4439027e-05
2.6750546e-05
3.0457633e-05
3.5805241e-05
4.3159525e-05
5.3059591e-05
6.6334728e-05
8.4346593e-05
0.00010950947
0.0001465233
0.00020574898
0.00031450353
0.00056779344
0.0014407995
2.3392764e-05
2.4414009e-05
2.6727324e-05
3.0437345e-05
3.5789153e-05
4.3148922e-05
5.305558e-05
6.6338013e-05
8.4357227e-05
0.0001095266
0.00014654486
0.0002057712
0.00031451975
0.00056778987
0.0014407247
2.3368278e-05
2.4390327e-05
2.6705493e-05
3.0418517e-05
3.5774593e-05
4.3139886e-05
5.3053127e-05
6.634278e-05
8.4369194e-05
0.00010954485
0.00014656728
0.00020579403
0.0003145365
0.00056778719
0.0014406538
2.3345074e-05
2.4367952e-05
2.6685019e-05
3.0401108e-05
3.5761507e-05
4.3132355e-05
5.3052162e-05
6.6348954e-05
8.4382413e-05
0.00010956413
0.00014659048
0.00020581742
0.00031455372
0.00056778539
0.0014405866
2.3323124e-05
2.4346855e-05
2.6665868e-05
3.0385077e-05
3.5749848e-05
4.312627e-05
5.3052617e-05
6.6356457e-05
8.4396804e-05
0.00010958437
0.00014661439
0.00020584131
0.00031457137
0.00056778441
0.0014405232
2.3302402e-05
2.4327006e-05
2.6648005e-05
3.0370382e-05
3.5739564e-05
4.3121573e-05
5.3054423e-05
6.6365215e-05
8.4412289e-05
0.00010960548
0.00014663894
0.00020586563
0.00031458941
0.00056778422
0.0014404634
2.3282879e-05
2.4308374e-05
2.6631395e-05
3.0356981e-05
3.5730606e-05
4.3118204e-05
5.3057515e-05
6.6375157e-05
8.4428794e-05
0.0001096274
0.00014666406
0.00020589032
0.00031460778
0.0005677848
0.0014404071
2.3264525e-05
2.4290929e-05
2.6616004e-05
3.0344835e-05
3.5722925e-05
4.3116107e-05
5.3061827e-05
6.638621e-05
8.4446244e-05
0.00010965005
0.00014668968
0.00020591534
0.00031462645
0.00056778611
0.0014403543
2.3247313e-05
2.427464e-05
2.6601796e-05
3.03339e-05
3.5716473e-05
4.3115225e-05
5.3067296e-05
6.6398307e-05
8.4464568e-05
0.00010967337
0.00014671575
0.00020594063
0.00031464539
0.00056778812
0.0014403049
2.3231214e-05
2.4259476e-05
2.6588736e-05
3.0324137e-05
3.5711201e-05
4.3115502e-05
5.3073858e-05
6.6411379e-05
8.4483697e-05
0.00010969728
0.0001467422
0.00020596614
0.00031466454
0.00056779079
0.0014402589
2.3216198e-05
2.4245405e-05
2.6576789e-05
3.0315504e-05
3.5707061e-05
4.3116883e-05
5.3081453e-05
6.6425361e-05
8.4503565e-05
0.00010972173
0.00014676898
0.00020599182
0.00031468387
0.0005677941
0.001440216
2.3202235e-05
2.4232398e-05
2.6565921e-05
3.0307961e-05
3.5704006e-05
4.3119314e-05
5.3090019e-05
6.6440188e-05
8.4524105e-05
0.00010974664
0.00014679602
0.00020601762
0.00031470334
0.00056779802
0.0014401764
2.3189297e-05
2.4220423e-05
2.6556096e-05
3.0301468e-05
3.570199e-05
4.3122742e-05
5.30995e-05
6.6455799e-05
8.4545254e-05
0.00010977197
0.00014682327
0.00020604349
0.00031472292
0.0005678025
0.0014401398
2.3177353e-05
2.4209447e-05
2.6547279e-05
3.0295984e-05
3.5700967e-05
4.3127115e-05
5.3109836e-05
6.6472131e-05
8.4566952e-05
0.00010979764
0.00014685069
0.0002060694
0.00031474256
0.00056780751
0.0014401063
2.3166375e-05
2.4199441e-05
2.6539436e-05
3.0291471e-05
3.5700891e-05
4.3132382e-05
5.3120972e-05
6.6489127e-05
8.4589139e-05
0.00010982361
0.00014687821
0.0002060953
0.00031476224
0.00056781302
0.0014400756
2.3156333e-05
2.4190374e-05
2.6532532e-05
3.0287889e-05
3.5701718e-05
4.3138492e-05
5.3132854e-05
6.6506728e-05
8.4611758e-05
0.00010984982
0.0001469058
0.00020612116
0.00031478192
0.00056781899
0.0014400478
2.3147197e-05
2.4182214e-05
2.6526534e-05
3.02852e-05
3.5703405e-05
4.3145397e-05
5.3145428e-05
6.652488e-05
8.4634753e-05
0.00010987622
0.00014693341
0.00020614692
0.00031480156
0.00056782536
0.0014400227
2.3138939e-05
2.417493e-05
2.6521407e-05
3.0283365e-05
3.5705907e-05
4.3153049e-05
5.3158641e-05
6.6543528e-05
8.4658072e-05
0.00010990276
0.00014696099
0.00020617255
0.00031482114
0.00056783211
0.0014400002
2.313153e-05
2.4168493e-05
2.6517119e-05
3.0282348e-05
3.5709183e-05
4.31614e-05
5.3172445e-05
6.6562621e-05
8.4681663e-05
0.00010992939
0.0001469885
0.00020619803
0.00031484061
0.0005678392
0.0014399802
2.3124941e-05
2.4162872e-05
2.6513636e-05
3.028211e-05
3.5713192e-05
4.3170405e-05
5.3186789e-05
6.6582107e-05
8.4705477e-05
0.00010995606
0.0001470159
0.00020622331
0.00031485994
0.00056784657
0.0014399625
2.3119143e-05
2.4158038e-05
2.6510926e-05
3.0282617e-05
3.5717893e-05
4.3180021e-05
5.3201628e-05
6.660194e-05
8.4729467e-05
0.00010998274
0.00014704316
0.00020624837
0.00031487912
0.00056785419
0.0014399471
2.3114108e-05
2.4153961e-05
2.6508957e-05
3.0283833e-05
3.5723247e-05
4.3190204e-05
5.3216914e-05
6.6622073e-05
8.475359e-05
0.00011000938
0.00014707024
0.00020627317
0.00031489811
0.00056786203
0.0014399338
2.3109809e-05
2.4150613e-05
2.6507698e-05
3.0285723e-05
3.5729216e-05
4.3200912e-05
5.3232605e-05
6.6642461e-05
8.4777801e-05
0.00011003594
0.00014709711
0.0002062977
0.0003149169
0.00056787004
0.0014399225
2.3106218e-05
2.4147964e-05
2.6507117e-05
3.0288253e-05
3.5735762e-05
4.3212105e-05
5.3248659e-05
6.6663062e-05
8.4802062e-05
0.0001100624
0.00014712373
0.00020632192
0.00031493546
0.00056787821
0.0014399131
2.3103308e-05
2.4145986e-05
2.6507185e-05
3.029139e-05
3.5742848e-05
4.3223743e-05
5.3265033e-05
6.6683836e-05
8.4826334e-05
0.00011008871
0.00014715009
0.00020634583
0.00031495379
0.00056788652
0.0014399055
2.3101052e-05
2.4144652e-05
2.6507871e-05
3.0295101e-05
3.5750441e-05
4.3235791e-05
5.3281691e-05
6.6704745e-05
8.4850581e-05
0.00011011484
0.00014717616
0.0002063694
0.00031497186
0.00056789494
0.0014398995
2.3099423e-05
2.4143934e-05
2.6509147e-05
3.0299356e-05
3.5758505e-05
4.324821e-05
5.3298594e-05
6.672575e-05
8.4874769e-05
0.00011014077
0.00014720191
0.00020639261
0.00031498967
0.00056790348
0.0014398951
2.3098396e-05
2.4143806e-05
2.6510984e-05
3.0304122e-05
3.5767007e-05
4.3260966e-05
5.3315706e-05
6.6746819e-05
8.4898867e-05
0.00011016647
0.00014722733
0.00020641547
0.00031500723
0.00056791211
0.0014398922
2.3097945e-05
2.414424e-05
2.6513354e-05
3.030937e-05
3.5775915e-05
4.3274025e-05
5.3332993e-05
6.6767918e-05
8.4922844e-05
0.00011019191
0.00014725239
0.00020643795
0.00031502452
0.00056792086
0.0014398907
2.3098043e-05
2.4145211e-05
2.6516228e-05
3.0315071e-05
3.5785198e-05
4.3287355e-05
5.3350424e-05
6.6789015e-05
8.4946674e-05
0.00011021707
0.00014727709
0.00020646005
0.00031504155
0.00056792973
0.0014398907
2.3098666e-05
2.4146693e-05
2.6519581e-05
3.0321195e-05
3.5794825e-05
4.3300924e-05
5.3367965e-05
6.6810081e-05
8.4970328e-05
0.00011024193
0.00014730141
0.00020648176
0.00031505832
0.00056793872
0.001439892
2.3099789e-05
2.4148659e-05
2.6523385e-05
3.0327715e-05
3.5804766e-05
4.3314701e-05
5.3385587e-05
6.6831087e-05
8.4993783e-05
0.00011026648
0.00014732533
0.00020650308
0.00031507483
0.00056794786
0.0014398948
2.3101386e-05
2.4151086e-05
2.6527614e-05
3.0334602e-05
3.5814994e-05
4.3328658e-05
5.3403261e-05
6.6852006e-05
8.5017015e-05
0.00011029068
0.00014734883
0.000206524
0.00031509109
0.00056795714
0.0014398988
2.3103434e-05
2.4153948e-05
2.6532243e-05
3.0341831e-05
3.5825479e-05
4.3342765e-05
5.3420959e-05
6.6872813e-05
8.5040001e-05
0.00011031452
0.00014737192
0.00020654451
0.00031510709
0.00056796659
0.0014399043
2.3105908e-05
2.4157221e-05
2.6537245e-05
3.0349373e-05
3.5836194e-05
4.3356995e-05
5.3438654e-05
6.6893481e-05
8.5062719e-05
0.000110338
0.00014739457
0.0002065646
0.00031512283
0.0005679762
0.0014399111
2.3108785e-05
2.4160879e-05
2.6542597e-05
3.0357204e-05
3.5847113e-05
4.3371321e-05
5.345632e-05
6.6913989e-05
8.5085149e-05
0.00011036108
0.00014741678
0.00020658427
0.0003151383
0.00056798596
0.0014399194
2.311204e-05
2.4164901e-05
2.6548272e-05
3.0365299e-05
3.585821e-05
4.3385717e-05
5.3473933e-05
6.6934311e-05
8.5107272e-05
0.00011038375
0.00014743853
0.00020660351
0.0003151535
0.00056799588
0.0014399289
2.3115651e-05
2.4169261e-05
2.6554248e-05
3.0373631e-05
3.586946e-05
4.3400158e-05
5.3491467e-05
6.6954428e-05
8.5129067e-05
0.000110406
0.0001474598
0.0002066223
0.00031516841
0.00056800592
0.0014399399
2.3119594e-05
2.4173937e-05
2.65605e-05
3.0382177e-05
3.5880837e-05
4.341462e-05
5.35089e-05
6.6974316e-05
8.5150518e-05
0.00011042782
0.0001474806
0.00020664064
0.00031518301
0.00056801605
0.0014399521
2.3123848e-05
2.4178906e-05
2.6567006e-05
3.0390914e-05
3.5892318e-05
4.3429078e-05
5.3526208e-05
6.6993956e-05
8.5171605e-05
0.00011044918
0.00014750089
0.00020665851
0.00031519729
0.00056802625
0.0014399656
2.3128391e-05
2.4184147e-05
2.6573742e-05
3.0399818e-05
3.5903879e-05
4.3443511e-05
5.3543372e-05
6.7013328e-05
8.5192313e-05
0.00011047008
0.00014752068
0.0002066759
0.00031521121
0.00056803645
0.0014399803
2.3133202e-05
2.4189638e-05
2.6580688e-05
3.0408867e-05
3.5915499e-05
4.3457896e-05
5.3560369e-05
6.7032414e-05
8.5212627e-05
0.0001104905
0.00014753996
0.00020669279
0.00031522477
0.00056804662
0.001439996
2.313826e-05
2.4195358e-05
2.6587822e-05
3.041804e-05
3.5927156e-05
4.3472213e-05
5.3577181e-05
6.7051197e-05
8.5232531e-05
0.00011051044
0.0001475587
0.00020670917
0.00031523794
0.00056805671
0.0014400126
2.3143547e-05
2.4201287e-05
2.6595123e-05
3.0427315e-05
3.593883e-05
4.3486441e-05
5.359379e-05
6.7069661e-05
8.5252013e-05
0.00011052987
0.00014757691
0.00020672504
0.00031525069
0.00056806665
0.0014400301
2.3149042e-05
2.4207406e-05
2.6602573e-05
3.0436675e-05
3.5950501e-05
4.3500563e-05
5.3610178e-05
6.7087791e-05
8.527106e-05
0.00011054879
0.00014759457
0.00020674038
0.00031526302
0.00056807633
0.0014400482
2.3154728e-05
2.4213697e-05
2.6610152e-05
3.0446099e-05
3.596215e-05
4.3514561e-05
5.362633e-05
6.7105575e-05
8.5289663e-05
0.0001105672
0.00014761168
0.00020675519
0.00031527489
0.00056808568
0.0014400667
2.3160587e-05
2.4220142e-05
2.6617842e-05
3.0455569e-05
3.5973761e-05
4.3528419e-05
5.3642231e-05
6.7122999e-05
8.5307813e-05
0.00011058509
0.00014762825
0.00020676947
0.00031528632
0.00056809461
0.0014400855
2.3166604e-05
2.4226725e-05
2.6625628e-05
3.0465071e-05
3.5985318e-05
4.3542122e-05
5.365787e-05
6.7140055e-05
8.5325504e-05
0.00011060245
0.00014764426
0.00020678321
0.00031529727
0.00056810314
0.0014401045
2.3172761e-05
2.4233428e-05
2.6633492e-05
3.0474587e-05
3.5996805e-05
4.3555656e-05
5.3673234e-05
6.7156733e-05
8.534273e-05
0.00011061929
0.00014765972
0.00020679643
0.00031530772
0.00056811128
0.0014401235
2.3179045e-05
2.4240239e-05
2.6641421e-05
3.0484103e-05
3.600821e-05
4.356901e-05
5.3688313e-05
6.7173028e-05
8.5359487e-05
0.0001106356
0.00014767464
0.00020680912
0.00031531768
0.00056811906
0.0014401424
2.3185442e-05
2.4247142e-05
2.6649399e-05
3.0493606e-05
3.6019518e-05
4.3582172e-05
5.37031e-05
6.7188933e-05
8.5375775e-05
0.00011065139
0.00014768903
0.00020682131
0.00031532715
0.00056812649
0.0014401611
2.3191936e-05
2.4254123e-05
2.6657415e-05
3.0503083e-05
3.603072e-05
4.3595133e-05
5.3717586e-05
6.7204444e-05
8.5391594e-05
0.00011066667
0.00014770289
0.000206833
0.00031533615
0.00056813362
0.0014401795
2.3198517e-05
2.4261171e-05
2.6665454e-05
3.0512522e-05
3.6041804e-05
4.3607884e-05
5.3731766e-05
6.721956e-05
8.5406946e-05
0.00011068143
0.00014771623
0.0002068442
0.00031534471
0.00056814046
0.0014401977
2.320517e-05
2.4268272e-05
2.6673507e-05
3.0521912e-05
3.605276e-05
4.3620418e-05
5.3745636e-05
6.7234279e-05
8.5421832e-05
0.00011069569
0.00014772907
0.00020685492
0.00031535287
0.00056814707
0.0014402157
2.3211884e-05
2.4275415e-05
2.668156e-05
3.0531243e-05
3.6063581e-05
4.3632728e-05
5.3759191e-05
6.72486e-05
8.5436258e-05
0.00011070946
0.00014774142
0.00020686515
0.00031536067
0.00056815348
0.0014402334
2.3218648e-05
2.4282589e-05
2.6689604e-05
3.0540506e-05
3.6074258e-05
4.3644807e-05
5.3772428e-05
6.7262525e-05
8.5450228e-05
0.00011072274
0.00014775329
0.00020687492
0.00031536813
0.00056815974
0.001440251
2.322545e-05
2.4289783e-05
2.6697629e-05
3.0549691e-05
3.6084783e-05
4.3656652e-05
5.3785345e-05
6.7276054e-05
8.5463746e-05
0.00011073554
0.00014776467
0.00020688425
0.00031537529
0.00056816588
0.0014402684
2.3232279e-05
2.4296986e-05
2.6705625e-05
3.0558789e-05
3.6095149e-05
4.3668256e-05
5.379794e-05
6.7289189e-05
8.5476818e-05
0.00011074788
0.00014777556
0.00020689316
0.00031538216
0.00056817196
0.0014402858
2.3239124e-05
2.4304188e-05
2.6713581e-05
3.0567793e-05
3.610535e-05
4.3679616e-05
5.3810212e-05
6.7301932e-05
8.5489448e-05
0.00011075974
0.00014778597
0.00020690166
0.00031538878
0.000568178
0.0014403032
2.3245974e-05
2.4311378e-05
2.6721489e-05
3.0576694e-05
3.6115379e-05
4.3690728e-05
5.3822159e-05
6.7314284e-05
8.5501639e-05
0.00011077113
0.00014779592
0.00020690978
0.00031539516
0.00056818404
0.0014403207
2.3252818e-05
2.4318547e-05
2.672934e-05
3.0585484e-05
3.612523e-05
4.3701588e-05
5.3833781e-05
6.7326247e-05
8.5513395e-05
0.00011078203
0.00014780541
0.00020691752
0.00031540132
0.00056819009
0.0014403384
2.3259648e-05
2.4325684e-05
2.6737124e-05
3.0594155e-05
3.6134898e-05
4.3712191e-05
5.3845076e-05
6.7337822e-05
8.5524707e-05
0.00011079247
0.00014781445
0.0002069249
0.00031540725
0.00056819616
0.0014403564
2.3266451e-05
2.433278e-05
2.6744832e-05
3.06027e-05
3.6144376e-05
4.3722535e-05
5.3856043e-05
6.734901e-05
8.5535569e-05
0.00011080244
0.00014782306
0.00020693191
0.00031541296
0.00056820225
0.0014403746
2.3273219e-05
2.4339826e-05
2.6752457e-05
3.0611112e-05
3.6153659e-05
4.3732617e-05
5.3866683e-05
6.73598e-05
8.5545989e-05
0.00011081196
0.00014783124
0.00020693857
0.00031541846
0.00056820836
0.0014403932
2.3279941e-05
2.4346813e-05
2.675999e-05
3.0619384e-05
3.6162742e-05
4.3742434e-05
5.387699e-05
6.7370191e-05
8.5555971e-05
0.00011082103
0.000147839
0.00020694487
0.00031542372
0.00056821446
0.001440412
2.3286609e-05
2.4353731e-05
2.6767423e-05
3.0627508e-05
3.6171621e-05
4.3751983e-05
5.3886957e-05
6.7380185e-05
8.5565518e-05
0.00011082965
0.00014784633
0.00020695081
0.00031542875
0.00056822053
0.0014404312
2.3293214e-05
2.4360572e-05
2.6774748e-05
3.063548e-05
3.6180291e-05
4.3761256e-05
5.3896582e-05
6.7389784e-05
8.5574636e-05
0.00011083784
0.00014785325
0.0002069564
0.00031543353
0.00056822653
0.0014404506
2.3299747e-05
2.4367328e-05
2.6781958e-05
3.0643294e-05
3.6188746e-05
4.3770249e-05
5.3905866e-05
6.739899e-05
8.5583329e-05
0.00011084559
0.00014785976
0.00020696163
0.00031543805
0.00056823244
0.0014404702
2.3306202e-05
2.4373992e-05
2.6789048e-05
3.0650943e-05
3.619698e-05
4.377896e-05
5.3914808e-05
6.7407806e-05
8.5591601e-05
0.00011085292
0.00014786586
0.0002069665
0.00031544229
0.00056823821
0.0014404899
2.3312571e-05
2.4380559e-05
2.679601e-05
3.0658421e-05
3.6204988e-05
4.3787386e-05
5.3923409e-05
6.7416235e-05
8.5599458e-05
0.00011085982
0.00014787155
0.00020697101
0.00031544624
0.0005682438
0.0014405096
2.3318848e-05
2.438702e-05
2.6802839e-05
3.0665723e-05
3.6212768e-05
4.3795526e-05
5.3931671e-05
6.7424281e-05
8.5606905e-05
0.00011086632
0.00014787686
0.00020697517
0.00031544989
0.00056824917
0.0014405292
2.3325027e-05
2.439337e-05
2.6809528e-05
3.0672844e-05
3.6220317e-05
4.3803381e-05
5.3939595e-05
6.7431948e-05
8.5613948e-05
0.0001108724
0.00014788177
0.00020697898
0.00031545324
0.0005682543
0.0014405486
2.3331103e-05
2.4399605e-05
2.6816074e-05
3.0679782e-05
3.6227633e-05
4.381095e-05
5.3947184e-05
6.7439241e-05
8.5620595e-05
0.00011087809
0.0001478863
0.00020698244
0.00031545629
0.00056825915
0.0014405676
2.3337071e-05
2.4405718e-05
2.6822472e-05
3.0686532e-05
3.6234714e-05
4.3818235e-05
5.3954442e-05
6.7446166e-05
8.5626855e-05
0.00011088338
0.00014789047
0.00020698557
0.00031545903
0.00056826371
0.0014405863
2.3342928e-05
2.4411708e-05
2.6828719e-05
3.0693094e-05
3.6241562e-05
4.3825237e-05
5.3961372e-05
6.745273e-05
8.5632734e-05
0.0001108883
0.00014789428
0.00020698837
0.00031546148
0.00056826796
0.0014406044
2.3348669e-05
2.4417569e-05
2.6834812e-05
3.0699467e-05
3.6248175e-05
4.3831959e-05
5.396798e-05
6.745894e-05
8.5638244e-05
0.00011089285
0.00014789774
0.00020699086
0.00031546364
0.00056827191
0.0014406219
2.3354293e-05
2.44233e-05
2.6840751e-05
3.0705648e-05
3.6254555e-05
4.3838404e-05
5.3974272e-05
6.7464803e-05
8.5643393e-05
0.00011089705
0.00014790087
0.00020699305
0.00031546553
0.00056827555
0.0014406388
2.3359796e-05
2.4428899e-05
2.6846532e-05
3.0711639e-05
3.6260705e-05
4.3844575e-05
5.3980252e-05
6.7470329e-05
8.5648194e-05
0.0001109009
0.00014790368
0.00020699496
0.00031546716
0.00056827891
0.001440655
2.3365177e-05
2.4434364e-05
2.6852156e-05
3.0717439e-05
3.6266625e-05
4.3850478e-05
5.3985929e-05
6.7475527e-05
8.5652656e-05
0.00011090443
0.00014790619
0.00020699661
0.00031546856
0.000568282
0.0014406705
2.3370434e-05
2.4439694e-05
2.6857623e-05
3.0723051e-05
3.6272319e-05
4.3856118e-05
5.3991309e-05
6.7480404e-05
8.5656792e-05
0.00011090764
0.00014790841
0.00020699801
0.00031546974
0.00056828485
0.0014406853
2.3375566e-05
2.4444889e-05
2.6862932e-05
3.0728475e-05
3.6277791e-05
4.3861498e-05
5.3996399e-05
6.7484973e-05
8.5660614e-05
0.00011091055
0.00014791036
0.00020699918
0.00031547074
0.00056828749
0.0014406993
2.3380573e-05
2.4449947e-05
2.6868085e-05
3.0733713e-05
3.6283043e-05
4.3866625e-05
5.4001208e-05
6.7489241e-05
8.5664132e-05
0.00011091317
0.00014791206
0.00020700014
0.00031547157
0.00056828995
0.0014407128
2.3385454e-05
2.4454869e-05
2.6873081e-05
3.0738767e-05
3.6288079e-05
4.3871504e-05
5.4005742e-05
6.7493219e-05
8.5667358e-05
0.00011091551
0.00014791351
0.0002070009
0.00031547226
0.00056829227
0.0014407256
2.3390207e-05
2.4459655e-05
2.6877921e-05
3.0743639e-05
3.6292903e-05
4.3876141e-05
5.4010009e-05
6.7496916e-05
8.5670304e-05
0.00011091759
0.00014791474
0.00020700149
0.00031547282
0.00056829448
0.0014407379
2.3394834e-05
2.4464305e-05
2.6882608e-05
3.0748332e-05
3.6297518e-05
4.3880542e-05
5.4014018e-05
6.7500342e-05
8.5672981e-05
0.00011091942
0.00014791575
0.00020700192
0.00031547328
0.00056829661
0.0014407498
2.3399332e-05
2.4468818e-05
2.6887141e-05
3.0752848e-05
3.630193e-05
4.3884713e-05
5.4017775e-05
6.7503506e-05
8.5675399e-05
0.00011092101
0.00014791656
0.0002070022
0.00031547365
0.00056829868
0.0014407612
2.3403702e-05
2.4473196e-05
2.6891521e-05
3.0757189e-05
3.6306141e-05
4.3888658e-05
5.4021289e-05
6.7506416e-05
8.5677567e-05
0.00011092237
0.00014791717
0.00020700233
0.00031547394
0.00056830072
0.0014407723
2.3407943e-05
2.4477437e-05
2.6895751e-05
3.0761357e-05
3.6310155e-05
4.3892383e-05
5.4024565e-05
6.7509082e-05
8.5679496e-05
0.00011092351
0.0001479176
0.00020700233
0.00031547416
0.00056830274
0.0014407832
2.3412056e-05
2.4481543e-05
2.6899829e-05
3.0765355e-05
3.6313977e-05
4.3895895e-05
5.4027611e-05
6.7511512e-05
8.5681195e-05
0.00011092445
0.00014791785
0.0002070022
0.00031547431
0.00056830475
0.0014407939
2.3416039e-05
2.4485513e-05
2.6903759e-05
3.0769185e-05
3.6317608e-05
4.3899197e-05
5.4030433e-05
6.7513712e-05
8.5682671e-05
0.00011092517
0.00014791794
0.00020700195
0.0003154744
0.00056830675
0.0014408044
2.3419892e-05
2.4489348e-05
2.690754e-05
3.0772849e-05
3.6321054e-05
4.3902294e-05
5.4033038e-05
6.7515691e-05
8.5683933e-05
0.00011092571
0.00014791786
0.00020700158
0.00031547442
0.00056830874
0.0014408148
2.3423615e-05
2.4493047e-05
2.6911174e-05
3.0776348e-05
3.6324317e-05
4.3905192e-05
5.4035432e-05
6.7517456e-05
8.5684988e-05
0.00011092605
0.00014791763
0.0002070011
0.00031547437
0.00056831071
0.0014408251
2.3427208e-05
2.4496611e-05
2.6914662e-05
3.0779686e-05
3.6327401e-05
4.3907896e-05
5.4037621e-05
6.7519014e-05
8.5685844e-05
0.00011092622
0.00014791724
0.0002070005
0.00031547425
0.00056831265
0.0014408353
2.3430672e-05
2.450004e-05
2.6918004e-05
3.0782864e-05
3.633031e-05
4.3910409e-05
5.403961e-05
6.752037e-05
8.5686507e-05
0.00011092621
0.00014791671
0.00020699978
0.00031547405
0.00056831453
0.0014408454
2.3434005e-05
2.4503335e-05
2.6921202e-05
3.0785883e-05
3.6333045e-05
4.3912737e-05
5.4041406e-05
6.7521533e-05
8.5686985e-05
0.00011092603
0.00014791603
0.00020699895
0.00031547376
0.00056831635
0.0014408553
2.3437209e-05
2.4506497e-05
2.6924257e-05
3.0788748e-05
3.6335611e-05
4.3914883e-05
5.4043014e-05
6.7522508e-05
8.5687284e-05
0.00011092569
0.00014791521
0.000206998
0.00031547338
0.00056831809
0.0014408651
2.3440284e-05
2.4509525e-05
2.692717e-05
3.0791459e-05
3.6338012e-05
4.3916853e-05
5.4044439e-05
6.7523301e-05
8.5687411e-05
0.0001109252
0.00014791426
0.00020699695
0.0003154729
0.00056831972
0.0014408747
2.3443231e-05
2.4512422e-05
2.6929944e-05
3.0794019e-05
3.6340251e-05
4.3918652e-05
5.4045688e-05
6.752392e-05
8.5687372e-05
0.00011092456
0.00014791318
0.00020699578
0.00031547232
0.00056832124
0.0014408841
2.3446051e-05
2.4515189e-05
2.693258e-05
3.0796432e-05
3.6342331e-05
4.3920284e-05
5.4046767e-05
6.7524371e-05
8.5687176e-05
0.00011092377
0.00014791198
0.00020699451
0.00031547164
0.00056832262
0.0014408931
2.3448745e-05
2.4517826e-05
2.693508e-05
3.0798699e-05
3.6344256e-05
4.3921754e-05
5.4047681e-05
6.7524661e-05
8.5686828e-05
0.00011092285
0.00014791067
0.00020699313
0.00031547085
0.00056832386
0.0014409019
2.3451316e-05
2.4520337e-05
2.6937446e-05
3.0800825e-05
3.6346031e-05
4.3923068e-05
5.4048436e-05
6.7524796e-05
8.5686336e-05
0.0001109218
0.00014790924
0.00020699166
0.00031546996
0.00056832494
0.0014409102
2.3453764e-05
2.4522722e-05
2.6939681e-05
3.0802812e-05
3.634766e-05
4.392423e-05
5.4049039e-05
6.7524784e-05
8.5685708e-05
0.00011092064
0.00014790771
0.0002069901
0.00031546898
0.00056832587
0.0014409182
2.3456092e-05
2.4524984e-05
2.6941788e-05
3.0804663e-05
3.6349147e-05
4.3925245e-05
5.4049495e-05
6.7524631e-05
8.5684951e-05
0.00011091935
0.00014790608
0.00020698846
0.0003154679
0.00056832665
0.0014409257
2.3458302e-05
2.4527126e-05
2.6943769e-05
3.0806382e-05
3.6350497e-05
4.392612e-05
5.4049812e-05
6.7524344e-05
8.5684072e-05
0.00011091797
0.00014790437
0.00020698674
0.00031546674
0.00056832728
0.0014409328
2.3460397e-05
2.4529149e-05
2.6945627e-05
3.0807974e-05
3.6351713e-05
4.392686e-05
5.4049996e-05
6.7523932e-05
8.568308e-05
0.00011091649
0.00014790258
0.00020698495
0.0003154655
0.00056832777
0.0014409394
2.3462378e-05
2.4531058e-05
2.6947366e-05
3.0809441e-05
3.6352802e-05
4.392747e-05
5.4050052e-05
6.75234e-05
8.5681982e-05
0.00011091491
0.00014790072
0.0002069831
0.0003154642
0.00056832813
0.0014409455
2.3464249e-05
2.4532854e-05
2.6948989e-05
3.0810788e-05
3.6353767e-05
4.3927957e-05
5.4049988e-05
6.7522756e-05
8.5680785e-05
0.00011091326
0.00014789879
0.00020698121
0.00031546285
0.00056832838
0.0014409512
2.3466013e-05
2.453454e-05
2.6950499e-05
3.0812019e-05
3.6354613e-05
4.3928324e-05
5.4049809e-05
6.7522006e-05
8.5679497e-05
0.00011091154
0.00014789681
0.00020697928
0.00031546145
0.00056832853
0.0014409565
2.3467672e-05
2.453612e-05
2.69519e-05
3.0813137e-05
3.6355345e-05
4.3928579e-05
5.4049523e-05
6.7521159e-05
8.5678125e-05
0.00011090974
0.00014789479
0.00020697731
0.00031546003
0.0005683286
0.0014409613
2.3469229e-05
2.4537597e-05
2.6953195e-05
3.0814147e-05
3.6355969e-05
4.3928726e-05
5.4049134e-05
6.7520219e-05
8.5676676e-05
0.00011090789
0.00014789273
0.00020697533
0.00031545858
0.00056832859
0.0014409658
2.3470687e-05
2.4538973e-05
2.6954387e-05
3.0815053e-05
3.6356487e-05
4.3928771e-05
5.404865e-05
6.7519195e-05
8.5675156e-05
0.00011090599
0.00014789063
0.00020697332
0.00031545711
0.00056832853
0.0014409699
2.3472049e-05
2.4540252e-05
2.6955481e-05
3.0815859e-05
3.6356905e-05
4.3928719e-05
5.4048075e-05
6.7518091e-05
8.5673573e-05
0.00011090404
0.00014788851
0.00020697131
0.00031545564
0.00056832844
0.0014409736
2.3473317e-05
2.4541436e-05
2.6956479e-05
3.0816568e-05
3.6357228e-05
4.3928575e-05
5.4047416e-05
6.7516913e-05
8.5671931e-05
0.00011090205
0.00014788636
0.00020696929
0.00031545417
0.00056832831
0.0014409772
2.3474494e-05
2.4542529e-05
2.6957384e-05
3.0817184e-05
3.635746e-05
4.3928343e-05
5.4046677e-05
6.7515668e-05
8.5670237e-05
0.00011090003
0.0001478842
0.00020696727
0.00031545271
0.00056832816
0.0014409804
2.3475584e-05
2.4543534e-05
2.69582e-05
3.0817712e-05
3.6357604e-05
4.3928029e-05
5.4045863e-05
6.751436e-05
8.5668495e-05
0.00011089798
0.00014788203
0.00020696525
0.00031545126
0.00056832799
0.0014409834
2.3476589e-05
2.4544453e-05
2.6958931e-05
3.0818154e-05
3.6357665e-05
4.3927637e-05
5.404498e-05
6.7512994e-05
8.566671e-05
0.0001108959
0.00014787984
0.00020696324
0.00031544981
0.00056832781
0.0014409863
2.347751e-05
2.4545289e-05
2.6959579e-05
3.0818514e-05
3.6357648e-05
4.3927172e-05
5.4044032e-05
6.7511576e-05
8.5664887e-05
0.0001108938
0.00014787766
0.00020696123
0.00031544838
0.00056832762
0.0014409889
2.3478353e-05
2.4546045e-05
2.6960147e-05
3.0818796e-05
3.6357555e-05
4.3926637e-05
5.4043023e-05
6.7510108e-05
8.5663031e-05
0.00011089168
0.00014787547
0.00020695924
0.00031544695
0.00056832742
0.0014409914
2.3479118e-05
2.4546725e-05
2.6960638e-05
3.0819003e-05
3.635739e-05
4.3926036e-05
5.4041958e-05
6.7508597e-05
8.5661144e-05
0.00011088955
0.00014787327
0.00020695725
0.00031544553
0.0005683272
0.0014409938
2.3479808e-05
2.454733e-05
2.6961056e-05
3.0819138e-05
3.6357158e-05
4.3925375e-05
5.4040841e-05
6.7507045e-05
8.5659231e-05
0.0001108874
0.00014787108
0.00020695527
0.00031544412
0.00056832696
0.0014409959
2.3480426e-05
2.4547863e-05
2.6961403e-05
3.0819205e-05
3.6356861e-05
4.3924655e-05
5.4039676e-05
6.7505457e-05
8.5657296e-05
0.00011088525
0.0001478689
0.0002069533
0.00031544272
0.0005683267
0.001440998
2.3480975e-05
2.4548327e-05
2.6961682e-05
3.0819206e-05
3.6356503e-05
4.3923881e-05
5.4038466e-05
6.7503837e-05
8.5655341e-05
0.00011088309
0.00014786671
0.00020695134
0.00031544132
0.0005683264
0.0014409998
2.3481457e-05
2.4548725e-05
2.6961896e-05
3.0819145e-05
3.6356088e-05
4.3923057e-05
5.4037216e-05
6.7502188e-05
8.5653371e-05
0.00011088092
0.00014786454
0.00020694939
0.00031543991
0.00056832607
0.0014410015
2.3481875e-05
2.4549059e-05
2.6962048e-05
3.0819025e-05
3.6355619e-05
4.3922187e-05
5.4035928e-05
6.7500514e-05
8.5651388e-05
0.00011087876
0.00014786237
0.00020694745
0.00031543851
0.0005683257
0.0014410031
2.3482231e-05
2.4549332e-05
2.696214e-05
3.0818849e-05
3.6355099e-05
4.3921273e-05
5.4034608e-05
6.7498818e-05
8.5649397e-05
0.0001108766
0.00014786022
0.00020694553
0.00031543711
0.00056832528
0.0014410044
2.3482528e-05
2.4549546e-05
2.6962177e-05
3.0818619e-05
3.6354531e-05
4.392032e-05
5.4033258e-05
6.7497104e-05
8.56474e-05
0.00011087445
0.00014785808
0.00020694362
0.00031543571
0.00056832483
0.0014410056
2.3482768e-05
2.4549705e-05
2.6962159e-05
3.081834e-05
3.6353919e-05
4.391933e-05
5.4031881e-05
6.7495376e-05
8.5645401e-05
0.0001108723
0.00014785595
0.00020694172
0.00031543432
0.00056832433
0.0014410065
2.3482953e-05
2.454981e-05
2.696209e-05
3.0818014e-05
3.6353266e-05
4.3918307e-05
5.4030482e-05
6.7493637e-05
8.5643403e-05
0.00011087017
0.00014785385
0.00020693985
0.00031543292
0.00056832379
0.0014410073
2.3483087e-05
2.4549864e-05
2.6961973e-05
3.0817643e-05
3.6352575e-05
4.3917255e-05
5.4029064e-05
6.7491891e-05
8.5641409e-05
0.00011086805
0.00014785177
0.00020693799
0.00031543154
0.00056832321
0.0014410079
2.348317e-05
2.4549869e-05
2.6961809e-05
3.0817231e-05
3.6351849e-05
4.3916177e-05
5.402763e-05
6.749014e-05
8.5639423e-05
0.00011086595
0.00014784971
0.00020693617
0.00031543017
0.0005683226
0.0014410083
2.3483207e-05
2.4549829e-05
2.6961603e-05
3.081678e-05
3.6351091e-05
4.3915075e-05
5.4026183e-05
6.7488388e-05
8.5637447e-05
0.00011086387
0.00014784768
0.00020693437
0.00031542881
0.00056832197
0.0014410085
2.3483197e-05
2.4549744e-05
2.6961355e-05
3.0816293e-05
3.6350304e-05
4.3913952e-05
5.4024727e-05
6.7486638e-05
8.5635485e-05
0.00011086181
0.00014784568
0.0002069326
0.00031542747
0.00056832132
0.0014410085
2.3483145e-05
2.4549618e-05
2.6961069e-05
3.0815772e-05
3.6349491e-05
4.3912813e-05
5.4023264e-05
6.7484893e-05
8.5633539e-05
0.00011085978
0.00014784371
0.00020693086
0.00031542616
0.00056832066
0.0014410084
2.3483051e-05
2.4549452e-05
2.6960747e-05
3.0815221e-05
3.6348653e-05
4.3911659e-05
5.4021796e-05
6.7483156e-05
8.5631613e-05
0.00011085778
0.00014784177
0.00020692916
0.00031542488
0.00056831999
0.0014410082
2.3482919e-05
2.4549248e-05
2.6960391e-05
3.0814641e-05
3.6347794e-05
4.3910492e-05
5.4020328e-05
6.7481429e-05
8.5629707e-05
0.00011085581
0.00014783988
0.0002069275
0.00031542362
0.00056831933
0.0014410078
2.3482749e-05
2.4549009e-05
2.6960002e-05
3.0814034e-05
3.6346916e-05
4.3909316e-05
5.4018861e-05
6.7479714e-05
8.5627826e-05
0.00011085387
0.00014783802
0.00020692588
0.0003154224
0.00056831868
0.0014410074
2.3482543e-05
2.4548736e-05
2.6959584e-05
3.0813402e-05
3.6346021e-05
4.3908133e-05
5.4017397e-05
6.7478014e-05
8.562597e-05
0.00011085197
0.00014783621
0.00020692429
0.00031542121
0.00056831804
0.0014410069
2.3482304e-05
2.4548431e-05
2.6959137e-05
3.0812748e-05
3.6345112e-05
4.3906944e-05
5.4015938e-05
6.7476331e-05
8.5624141e-05
0.0001108501
0.00014783443
0.00020692276
0.00031542006
0.00056831742
0.0014410063
2.3482032e-05
2.4548096e-05
2.6958664e-05
3.0812074e-05
3.6344189e-05
4.3905752e-05
5.4014487e-05
6.7474666e-05
8.562234e-05
0.00011084827
0.0001478327
0.00020692126
0.00031541894
0.00056831681
0.0014410057
2.348173e-05
2.4547733e-05
2.6958166e-05
3.0811381e-05
3.6343256e-05
4.3904558e-05
5.4013045e-05
6.7473021e-05
8.5620569e-05
0.00011084648
0.00014783101
0.0002069198
0.00031541786
0.00056831622
0.001441005
2.34814e-05
2.4547342e-05
2.6957645e-05
3.081067e-05
3.6342313e-05
4.3903365e-05
5.4011613e-05
6.7471397e-05
8.5618829e-05
0.00011084473
0.00014782936
0.00020691839
0.00031541681
0.00056831565
0.0014410044
2.3481043e-05
2.4546927e-05
2.6957103e-05
3.0809944e-05
3.6341362e-05
4.3902173e-05
5.4010193e-05
6.7469794e-05
8.5617121e-05
0.00011084301
0.00014782775
0.00020691701
0.00031541579
0.00056831509
0.0014410037
2.348066e-05
2.4546488e-05
2.6956541e-05
3.0809204e-05
3.6340405e-05
4.3900983e-05
5.4008786e-05
6.7468215e-05
8.5615444e-05
0.00011084133
0.00014782618
0.00020691567
0.00031541479
0.00056831453
0.001441003
2.3480254e-05
2.4546027e-05
2.695596e-05
3.0808452e-05
3.6339443e-05
4.3899799e-05
5.4007393e-05
6.746666e-05
8.56138e-05
0.0001108397
0.00014782466
0.00020691437
0.00031541382
0.00056831398
0.0014410022
2.3479826e-05
2.4545545e-05
2.6955364e-05
3.0807689e-05
3.6338478e-05
4.3898619e-05
5.4006016e-05
6.746513e-05
8.5612189e-05
0.0001108381
0.00014782317
0.00020691311
0.00031541288
0.00056831342
0.0014410014
2.3479377e-05
2.4545045e-05
2.6954752e-05
3.0806916e-05
3.6337511e-05
4.3897447e-05
5.4004654e-05
6.7463625e-05
8.5610611e-05
0.00011083653
0.00014782173
0.00020691188
0.00031541195
0.00056831285
0.0014410006
2.347891e-05
2.4544528e-05
2.6954126e-05
3.0806135e-05
3.6336543e-05
4.3896282e-05
5.400331e-05
6.7462146e-05
8.5609066e-05
0.00011083501
0.00014782032
0.00020691068
0.00031541105
0.00056831227
0.0014409997
2.3478426e-05
2.4543995e-05
2.6953489e-05
3.0805348e-05
3.6335576e-05
4.3895127e-05
5.4001984e-05
6.7460693e-05
8.5607555e-05
0.00011083353
0.00014781895
0.00020690951
0.00031541015
0.00056831167
0.0014409987
2.3477927e-05
2.4543449e-05
2.6952842e-05
3.0804556e-05
3.6334611e-05
4.3893982e-05
5.4000677e-05
6.7459268e-05
8.5606079e-05
0.00011083208
0.00014781762
0.00020690838
0.00031540927
0.00056831104
0.0014409977
2.3477415e-05
2.4542891e-05
2.6952186e-05
3.0803761e-05
3.633365e-05
4.3892848e-05
5.3999389e-05
6.7457871e-05
8.5604637e-05
0.00011083067
0.00014781633
0.00020690728
0.0003154084
0.00056831038
0.0014409965
2.347689e-05
2.4542322e-05
2.6951522e-05
3.0802963e-05
3.6332694e-05
4.3891727e-05
5.3998123e-05
6.7456503e-05
8.560323e-05
0.0001108293
0.00014781507
0.00020690621
0.00031540755
0.00056830968
0.0014409953
2.3476356e-05
2.4541744e-05
2.6950854e-05
3.0802166e-05
3.6331743e-05
4.389062e-05
5.3996879e-05
6.7455165e-05
8.5601859e-05
0.00011082797
0.00014781386
0.00020690517
0.00031540671
0.00056830894
0.0014409939
2.3475814e-05
2.454116e-05
2.6950181e-05
3.0801369e-05
3.63308e-05
4.3889529e-05
5.3995658e-05
6.7453857e-05
8.5600524e-05
0.00011082668
0.00014781268
0.00020690416
0.00031540587
0.00056830817
0.0014409924
2.3475265e-05
2.454057e-05
2.6949506e-05
3.0800575e-05
3.6329867e-05
4.3888453e-05
5.3994461e-05
6.745258e-05
8.5599226e-05
0.00011082543
0.00014781155
0.00020690319
0.00031540505
0.00056830738
0.0014409908
2.347471e-05
2.4539976e-05
2.694883e-05
3.0799785e-05
3.6328943e-05
4.3887395e-05
5.3993289e-05
6.7451334e-05
8.5597965e-05
0.00011082422
0.00014781046
0.00020690225
0.00031540425
0.00056830657
0.001440989
2.3474152e-05
2.4539379e-05
2.6948155e-05
3.0799e-05
3.6328031e-05
4.3886355e-05
5.3992143e-05
6.7450122e-05
8.5596742e-05
0.00011082305
0.0001478094
0.00020690135
0.00031540347
0.00056830577
0.0014409872
2.3473591e-05
2.4538782e-05
2.6947481e-05
3.0798222e-05
3.6327131e-05
4.3885336e-05
5.3991024e-05
6.7448943e-05
8.5595558e-05
0.00011082193
0.00014780839
0.00020690048
0.00031540272
0.00056830498
0.0014409853
2.3473029e-05
2.4538184e-05
2.6946811e-05
3.0797451e-05
3.6326245e-05
4.3884336e-05
5.3989932e-05
6.7447798e-05
8.5594414e-05
0.00011082084
0.00014780742
0.00020689965
0.00031540201
0.00056830421
0.0014409834
2.3472466e-05
2.4537587e-05
2.6946145e-05
3.0796689e-05
3.6325374e-05
4.3883358e-05
5.3988868e-05
6.7446688e-05
8.5593309e-05
0.0001108198
0.00014780649
0.00020689886
0.00031540134
0.00056830348
0.0014409814
2.3471904e-05
2.4536993e-05
2.6945484e-05
3.0795937e-05
3.6324519e-05
4.3882403e-05
5.3987834e-05
6.7445613e-05
8.5592244e-05
0.0001108188
0.0001478056
0.00020689811
0.00031540071
0.00056830279
0.0014409794
2.3471344e-05
2.4536401e-05
2.6944829e-05
3.0795196e-05
3.632368e-05
4.388147e-05
5.3986829e-05
6.7444573e-05
8.5591219e-05
0.00011081784
0.00014780475
0.00020689741
0.00031540012
0.00056830215
0.0014409774
2.3470786e-05
2.4535813e-05
2.6944181e-05
3.0794466e-05
3.6322858e-05
4.3880561e-05
5.3985854e-05
6.7443569e-05
8.5590233e-05
0.00011081692
0.00014780395
0.00020689674
0.00031539959
0.00056830156
0.0014409755
2.347023e-05
2.453523e-05
2.6943541e-05
3.0793748e-05
3.6322053e-05
4.3879675e-05
5.3984909e-05
6.74426e-05
8.5589288e-05
0.00011081605
0.00014780319
0.00020689613
0.00031539909
0.00056830103
0.0014409737
2.3469678e-05
2.4534652e-05
2.6942908e-05
3.0793043e-05
3.6321266e-05
4.3878814e-05
5.3983994e-05
6.7441667e-05
8.5588381e-05
0.00011081521
0.00014780247
0.00020689555
0.00031539865
0.00056830056
0.0014409719
2.3469129e-05
2.4534078e-05
2.6942285e-05
3.079235e-05
3.6320498e-05
4.3877976e-05
5.3983109e-05
6.744077e-05
8.5587513e-05
0.00011081442
0.00014780179
0.00020689501
0.00031539824
0.00056830015
0.0014409702
2.3468585e-05
2.4533511e-05
2.6941669e-05
3.0791671e-05
3.6319748e-05
4.3877163e-05
5.3982254e-05
6.7439907e-05
8.5586683e-05
0.00011081367
0.00014780115
0.00020689451
0.00031539787
0.00056829979
0.0014409687
2.3468045e-05
2.4532949e-05
2.6941063e-05
3.0791004e-05
3.6319017e-05
4.3876374e-05
5.3981429e-05
6.7439078e-05
8.5585889e-05
0.00011081295
0.00014780055
0.00020689405
0.00031539754
0.00056829948
0.0014409673
2.3467509e-05
2.4532394e-05
2.6940466e-05
3.0790351e-05
3.6318303e-05
4.3875609e-05
5.3980633e-05
6.7438283e-05
8.558513e-05
0.00011081227
0.00014779998
0.00020689361
0.00031539724
0.00056829921
0.001440966
2.3466978e-05
2.4531845e-05
2.6939878e-05
3.0789711e-05
3.6317608e-05
4.3874867e-05
5.3979865e-05
6.7437519e-05
8.5584406e-05
0.00011081162
0.00014779944
0.0002068932
0.00031539696
0.00056829897
0.0014409648
2.3466452e-05
2.4531302e-05
2.6939299e-05
3.0789085e-05
3.6316931e-05
4.3874149e-05
5.3979125e-05
6.7436785e-05
8.5583714e-05
0.000110811
0.00014779893
0.00020689282
0.00031539669
0.00056829875
0.0014409638
2.3465932e-05
2.4530766e-05
2.693873e-05
3.0788471e-05
3.6316272e-05
4.3873453e-05
5.3978411e-05
6.7436082e-05
8.5583053e-05
0.00011081042
0.00014779845
0.00020689245
0.00031539644
0.00056829853
0.0014409628
2.3465417e-05
2.4530237e-05
2.693817e-05
3.0787871e-05
3.631563e-05
4.3872778e-05
5.3977722e-05
6.7435405e-05
8.558242e-05
0.00011080986
0.00014779798
0.0002068921
0.00031539618
0.00056829829
0.0014409618
2.3464912e-05
2.4529718e-05
2.6937623e-05
3.0787287e-05
3.6315008e-05
4.3872126e-05
5.3977059e-05
6.7434756e-05
8.5581813e-05
0.00011080932
0.00014779754
0.00020689175
0.00031539591
0.00056829805
0.0014409609
)
;

boundaryField
{
    water_inlet
    {
        type            turbulentMixingLengthDissipationRateInlet;
        mixingLength    0.005;
        phi             phi;
        k               k;
        value           uniform 0.00011791765;
    }
    water_outlet
    {
        type            inletOutlet;
        inletValue      uniform 0.0001;
        value           nonuniform List<scalar> 
15
(
2.3464912e-05
2.4529718e-05
2.6937623e-05
3.0787287e-05
3.6315008e-05
4.3872126e-05
5.3977059e-05
6.7434756e-05
8.5581813e-05
0.00011080932
0.00014779754
0.00020689175
0.00031539591
0.00056829805
0.0014409609
)
;
    }
    water_wedge1
    {
        type            wedge;
    }
    water_wedge2
    {
        type            wedge;
    }
    water_to_rock
    {
        type            epsilonWallFunction;
        blending        stepwise;
        value           nonuniform List<scalar> 
400
(
0.00073980483
0.0010520452
0.0013270628
0.0015411415
0.0016895689
0.0017792142
0.0018218943
0.0018300463
0.0018145574
0.0017840405
0.001744886
0.0017016307
0.00165739
0.0016142425
0.0015735325
0.0015360911
0.0015023901
0.0014726449
0.0014468811
0.00142498
0.0014067117
0.0013917631
0.0013797649
0.0013703185
0.0013630208
0.0013574861
0.001353362
0.0013503406
0.0013481619
0.0013466143
0.00134553
0.0013447796
0.0013442658
0.0013439174
0.0013436835
0.0013435288
0.0013434302
0.001343373
0.0013433493
0.0013433553
0.0013433902
0.0013434553
0.0013435527
0.0013436849
0.0013438547
0.0013440645
0.0013443165
0.0013446125
0.0013449537
0.001345341
0.0013457749
0.0013462556
0.0013467828
0.001347356
0.0013479746
0.0013486378
0.0013493444
0.0013500934
0.0013508836
0.0013517137
0.0013525823
0.0013534882
0.0013544295
0.0013554045
0.001356411
0.001357447
0.0013585105
0.0013595997
0.0013607134
0.0013618503
0.0013630097
0.0013641909
0.0013653934
0.0013666164
0.001367859
0.0013691204
0.0013703998
0.0013716964
0.0013730095
0.0013743381
0.0013756814
0.0013770387
0.0013784091
0.0013797918
0.0013811859
0.0013825907
0.0013840054
0.0013854292
0.0013868613
0.001388301
0.0013897473
0.0013911997
0.0013926572
0.0013941192
0.0013955849
0.0013970535
0.0013985243
0.0013999964
0.0014014692
0.0014029417
0.0014044133
0.001405883
0.0014073501
0.0014088137
0.0014102728
0.0014117266
0.0014131741
0.0014146144
0.0014160462
0.0014174686
0.0014188805
0.0014202806
0.0014216676
0.0014230404
0.0014243975
0.0014257377
0.0014270594
0.0014283612
0.0014296416
0.0014308991
0.0014321323
0.0014333396
0.0014345195
0.0014356706
0.0014367915
0.0014378807
0.001438937
0.0014399591
0.001440946
0.0014418966
0.0014428099
0.0014436852
0.0014445219
0.0014453192
0.0014460768
0.0014467945
0.0014474721
0.0014481095
0.0014487069
0.0014492644
0.0014497826
0.0014502617
0.0014507025
0.0014511055
0.0014514716
0.0014518016
0.0014520964
0.0014523571
0.0014525847
0.0014527802
0.0014529449
0.0014530799
0.0014531864
0.0014532657
0.001453319
0.0014533474
0.0014533523
0.0014533349
0.0014532965
0.0014532381
0.0014531611
0.0014530665
0.0014529556
0.0014528294
0.0014526891
0.0014525357
0.0014523701
0.0014521935
0.0014520068
0.0014518107
0.0014516062
0.0014513937
0.001451174
0.0014509477
0.0014507155
0.0014504783
0.0014502367
0.0014499915
0.0014497434
0.0014494931
0.0014492411
0.001448988
0.0014487344
0.0014484807
0.0014482275
0.0014479752
0.0014477242
0.0014474749
0.0014472276
0.0014469826
0.0014467403
0.0014465009
0.0014462647
0.0014460319
0.0014458027
0.0014455773
0.0014453559
0.0014451386
0.0014449255
0.0014447169
0.0014445127
0.0014443131
0.0014441182
0.0014439279
0.0014437425
0.0014435619
0.0014433862
0.0014432154
0.0014430495
0.0014428885
0.0014427325
0.0014425813
0.0014424351
0.0014422938
0.0014421573
0.0014420256
0.0014418987
0.0014417765
0.0014416589
0.001441546
0.0014414375
0.0014413336
0.001441234
0.0014411387
0.0014410478
0.0014409609
0.0014408782
0.0014407995
0.0014407247
0.0014406538
0.0014405866
0.0014405232
0.0014404634
0.0014404071
0.0014403543
0.0014403049
0.0014402589
0.001440216
0.0014401764
0.0014401398
0.0014401063
0.0014400756
0.0014400478
0.0014400227
0.0014400002
0.0014399802
0.0014399625
0.0014399471
0.0014399338
0.0014399225
0.0014399131
0.0014399055
0.0014398995
0.0014398951
0.0014398922
0.0014398907
0.0014398907
0.001439892
0.0014398948
0.0014398988
0.0014399043
0.0014399111
0.0014399194
0.0014399289
0.0014399399
0.0014399521
0.0014399656
0.0014399803
0.001439996
0.0014400126
0.0014400301
0.0014400482
0.0014400667
0.0014400855
0.0014401045
0.0014401235
0.0014401424
0.0014401611
0.0014401795
0.0014401977
0.0014402157
0.0014402334
0.001440251
0.0014402684
0.0014402858
0.0014403032
0.0014403207
0.0014403384
0.0014403564
0.0014403746
0.0014403932
0.001440412
0.0014404312
0.0014404506
0.0014404702
0.0014404899
0.0014405096
0.0014405292
0.0014405486
0.0014405676
0.0014405863
0.0014406044
0.0014406219
0.0014406388
0.001440655
0.0014406705
0.0014406853
0.0014406993
0.0014407128
0.0014407256
0.0014407379
0.0014407498
0.0014407612
0.0014407723
0.0014407832
0.0014407939
0.0014408044
0.0014408148
0.0014408251
0.0014408353
0.0014408454
0.0014408553
0.0014408651
0.0014408747
0.0014408841
0.0014408931
0.0014409019
0.0014409102
0.0014409182
0.0014409257
0.0014409328
0.0014409394
0.0014409455
0.0014409512
0.0014409565
0.0014409613
0.0014409658
0.0014409699
0.0014409736
0.0014409772
0.0014409804
0.0014409834
0.0014409863
0.0014409889
0.0014409914
0.0014409938
0.0014409959
0.001440998
0.0014409998
0.0014410015
0.0014410031
0.0014410044
0.0014410056
0.0014410065
0.0014410073
0.0014410079
0.0014410083
0.0014410085
0.0014410085
0.0014410084
0.0014410082
0.0014410078
0.0014410074
0.0014410069
0.0014410063
0.0014410057
0.001441005
0.0014410044
0.0014410037
0.001441003
0.0014410022
0.0014410014
0.0014410006
0.0014409997
0.0014409987
0.0014409977
0.0014409965
0.0014409953
0.0014409939
0.0014409924
0.0014409908
0.001440989
0.0014409872
0.0014409853
0.0014409834
0.0014409814
0.0014409794
0.0014409774
0.0014409755
0.0014409737
0.0014409719
0.0014409702
0.0014409687
0.0014409673
0.001440966
0.0014409648
0.0014409638
0.0014409628
0.0014409618
0.0014409609
)
;
    }
}


// ************************************************************************* //
