/*--------------------------------*- C++ -*----------------------------------*\
| =========                 |                                                 |
| \\      /  F ield         | OpenFOAM: The Open Source CFD Toolbox           |
|  \\    /   O peration     | Version:  2506                                  |
|   \\  /    A nd           | Website:  www.openfoam.com                      |
|    \\/     M anipulation  |                                                 |
\*---------------------------------------------------------------------------*/
FoamFile
{
    version     2.0;
    format      ascii;
    arch        "LSB;label=32;scalar=64";
    class       volScalarField;
    location    "2000/water";
    object      k;
}
// * * * * * * * * * * * * * * * * * * * * * * * * * * * * * * * * * * * * * //

dimensions      [0 2 -2 0 0 0 0];

internalField   nonuniform List<scalar> 
6000
(
0.0002144485
0.00021444827
0.00021444833
0.00021444852
0.00021444878
0.00021444911
0.00021444953
0.00021445001
0.00021445038
0.00021444961
0.00021444477
0.00021444847
0.00021482328
0.00022098609
0.00033298785
0.00019735372
0.00019735408
0.00019735481
0.00019735601
0.00019735759
0.00019735962
0.00019736212
0.0001973649
0.00019736678
0.00019736231
0.00019733424
0.0001972933
0.00019808165
0.00021190706
0.00042108833
0.00018260526
0.00018260625
0.00018260756
0.00018260957
0.0001826122
0.00018261554
0.00018261945
0.00018262311
0.00018262253
0.00018260174
0.00018251429
0.00018235696
0.00018354965
0.00020571076
0.0004915993
0.00016977104
0.00016977195
0.00016977358
0.00016977617
0.00016977959
0.00016978384
0.00016978847
0.00016979119
0.00016978242
0.00016972799
0.0001695392
0.00016920344
0.00017083025
0.00020141509
0.00054314021
0.00015851703
0.00015851791
0.00015851979
0.00015852287
0.0001585269
0.00015853173
0.00015853623
0.00015853548
0.0001585108
0.00015840225
0.00015807228
0.00015752308
0.00015966967
0.00019844232
0.00057747636
0.00014858047
0.00014858142
0.00014858351
0.00014858695
0.00014859138
0.00014859636
0.00014859955
0.0001485919
0.00014854197
0.00014835849
0.00014785779
0.00014709963
0.00014993181
0.00019659445
0.00059772639
0.00013975169
0.00013975271
0.00013975496
0.00013975864
0.00013976325
0.00013976781
0.00013976817
0.00013974945
0.00013966425
0.0001393877
0.00013870223
0.00013778194
0.00014154644
0.00019585229
0.00060724748
0.00013186192
0.00013186298
0.00013186534
0.00013186914
0.00013187366
0.00013187713
0.00013187282
0.00013183836
0.00013170812
0.00013132527
0.00013045854
0.00012946164
0.00013447268
0.00019626303
0.00060905754
0.00012477404
0.00012477514
0.00012477755
0.00012478136
0.00012478548
0.00012478703
0.00012477592
0.00012472085
0.00012453699
0.00012404097
0.00012301362
0.00012205827
0.00012868159
0.00019789321
0.0006056161
0.00011837572
0.00011837682
0.00011837924
0.0001183829
0.00011838626
0.00011838492
0.00011836468
0.00011828424
0.00011804014
0.00011743108
0.00011627928
0.00011550993
0.00012414935
0.00020080676
0.00059880682
0.0001125741
0.0001125752
0.00011257756
0.00011258091
0.00011258305
0.00011257774
0.00011254594
0.00011243584
0.00011212738
0.0001114124
0.00011018555
0.00010976786
0.00012085593
0.00020505367
0.00059001308
0.00010729189
0.00010729297
0.0001072952
0.00010729803
0.00010729845
0.00010728799
0.00010724223
0.00010709893
0.00010672477
0.00010591759
0.00010467621
0.00010479348
0.00011878602
0.00021066301
0.00058022149
0.0001024643
0.00010246533
0.00010246733
0.00010246942
0.00010246756
0.00010245071
0.00010238875
0.00010220964
0.0001017714
0.00010089174
9.9705638e-05
0.000100557
0.00011793046
0.00021763683
0.00057012062
9.8036637e-05
9.8037572e-05
9.8039255e-05
9.8040328e-05
9.8035582e-05
9.8011091e-05
9.7930966e-05
9.7714594e-05
9.7216801e-05
9.6289669e-05
9.5236719e-05
9.703687e-05
0.00011828673
0.00022594366
0.0005601824
9.3962451e-05
9.3963259e-05
9.3964497e-05
9.3964262e-05
9.3955981e-05
9.3922652e-05
9.3822751e-05
9.3568903e-05
9.3018884e-05
9.2074025e-05
9.1239503e-05
9.4219615e-05
0.00011985802
0.00023551194
0.0005507241
9.0202076e-05
9.020271e-05
9.0203366e-05
9.0201504e-05
9.0189027e-05
9.0145749e-05
9.0024925e-05
8.9734681e-05
8.914241e-05
8.8213812e-05
8.7690324e-05
9.20998e-05
0.00012265037
0.00024622465
0.00054195294
8.6721448e-05
8.6721856e-05
8.6721776e-05
8.6717945e-05
8.6700619e-05
8.664642e-05
8.6504047e-05
8.61798e-05
8.5557736e-05
8.4683334e-05
8.4571272e-05
9.0679902e-05
0.00012666793
0.00025791693
0.00053399692
8.3491166e-05
8.3491287e-05
8.3490304e-05
8.3484151e-05
8.3461349e-05
8.3395437e-05
8.3231463e-05
8.2876915e-05
8.2239851e-05
8.1461425e-05
8.1869885e-05
8.9969913e-05
0.00013190642
0.00027037857
0.00052692519
8.0485733e-05
8.0485502e-05
8.0483437e-05
8.0474603e-05
8.0445747e-05
8.0367548e-05
8.018253e-05
7.9802669e-05
7.9167636e-05
7.8530889e-05
7.9578989e-05
8.9986538e-05
0.00013834557
0.00028336255
0.00052076146
7.7682937e-05
7.7682283e-05
7.767895e-05
7.7667083e-05
7.7631664e-05
7.7540855e-05
7.7335982e-05
7.6937064e-05
7.6323276e-05
7.5878109e-05
7.7696612e-05
9.0751816e-05
0.00014594134
0.00029659939
0.00051549302
7.5063349e-05
7.5062196e-05
7.5057404e-05
7.5042167e-05
7.4999765e-05
7.4896302e-05
7.4673418e-05
7.4262946e-05
7.369182e-05
7.3492783e-05
7.6225917e-05
9.2291049e-05
0.00015461944
0.000309816
0.00051107779
7.2609902e-05
7.2608172e-05
7.260173e-05
7.2582813e-05
7.2533118e-05
7.2417256e-05
7.2178869e-05
7.1765596e-05
7.1260831e-05
7.1367745e-05
7.5175079e-05
9.4629939e-05
0.00016427135
0.00032275576
0.00050745065
7.0307551e-05
7.0305165e-05
7.0296888e-05
7.0274015e-05
7.0216842e-05
7.0089161e-05
6.9838457e-05
6.94324e-05
6.9020131e-05
6.9498869e-05
7.4557053e-05
9.7790946e-05
0.00017475428
0.00033519669
0.00050453001
6.8142984e-05
6.8139863e-05
6.8129575e-05
6.8102519e-05
6.8037823e-05
6.7899244e-05
6.7640104e-05
6.7252585e-05
6.6961603e-05
6.7885016e-05
7.4389159e-05
0.00010178904
0.0001858954
0.00034696444
0.00050222457
6.6104382e-05
6.6100451e-05
6.608799e-05
6.6056581e-05
6.5984475e-05
6.5836276e-05
6.5573296e-05
6.5217006e-05
6.5079053e-05
6.6528011e-05
7.4692423e-05
0.00010662718
0.00019750038
0.00035793856
0.00050043991
6.418122e-05
6.4176406e-05
6.4161633e-05
6.4125766e-05
6.4046535e-05
6.3890369e-05
6.3628889e-05
6.3317981e-05
6.3368113e-05
6.5432644e-05
7.5490605e-05
0.00011229203
0.00020936499
0.00036805173
0.00049908424
6.2364094e-05
6.2358333e-05
6.2341135e-05
6.230078e-05
6.2214894e-05
6.2052808e-05
6.1798947e-05
6.1549161e-05
6.182618e-05
6.4606648e-05
7.680889e-05
0.00011875054
0.00022128816
0.00037728353
0.00049807291
6.064458e-05
6.0637817e-05
6.0618111e-05
6.0573325e-05
6.0481451e-05
6.031591e-05
6.0076617e-05
5.9905429e-05
6.045239e-05
6.4060643e-05
7.8672185e-05
0.00012594803
0.00023308444
0.00038565069
0.00049733132
5.9015114e-05
5.9007302e-05
5.8985044e-05
5.8935977e-05
5.8838997e-05
5.8672904e-05
5.8456016e-05
5.8382826e-05
5.9247606e-05
6.380802e-05
8.1103078e-05
0.00013380821
0.00024459408
0.00039319634
0.00049679626
5.746888e-05
5.745999e-05
5.7435175e-05
5.7382083e-05
5.7281105e-05
5.7117831e-05
5.6932149e-05
5.6978499e-05
5.8214438e-05
6.3864707e-05
8.411951e-05
0.00014223536
0.00025568959
0.00039997992
0.00049641599
5.599973e-05
5.5989745e-05
5.596242e-05
5.590567e-05
5.5802046e-05
5.5645466e-05
5.5500841e-05
5.5690668e-05
5.7357258e-05
6.424881e-05
8.7732329e-05
0.0001511185
0.00026627829
0.00040606902
0.00049614946
5.4602101e-05
5.4591025e-05
5.4561286e-05
5.4501369e-05
5.4396714e-05
5.4251246e-05
5.4158685e-05
5.4518612e-05
5.6682234e-05
6.4980079e-05
9.194294e-05
0.00016033717
0.00027630116
0.00041153335
0.00049596497
5.3270953e-05
5.3258808e-05
5.3226813e-05
5.3164353e-05
5.3060564e-05
5.2931212e-05
5.2903001e-05
5.3462663e-05
5.6197343e-05
6.6079181e-05
9.6741326e-05
0.00016976802
0.000285729
0.00041644086
0.00049583865
5.2001708e-05
5.198854e-05
5.1954511e-05
5.1890276e-05
5.1789556e-05
5.1681971e-05
5.1731808e-05
5.2524225e-05
5.5912363e-05
6.7566765e-05
0.00010210471
0.00017929137
0.00029455685
0.00042085544
0.00049575298
5.0790203e-05
5.0776083e-05
5.0740313e-05
5.067523e-05
5.0580113e-05
5.050065e-05
5.0643813e-05
5.1705788e-05
5.5838828e-05
6.946233e-05
0.00010799714
0.00018879709
0.00030279789
0.00042483586
0.00049569544
4.9632648e-05
4.9617675e-05
4.9580534e-05
4.9515698e-05
4.942908e-05
4.9384875e-05
4.9638394e-05
5.1010966e-05
5.5989918e-05
7.178292e-05
0.00011437
0.00019818901
0.00031047772
0.00042843533
0.0004956574
4.8525586e-05
4.8509888e-05
4.8471831e-05
4.8408525e-05
4.8333699e-05
4.8332748e-05
4.8715611e-05
5.0444524e-05
5.6380276e-05
7.4541726e-05
0.00012116371
0.00020738765
0.00031762942
0.00043170149
0.00049563313
4.7465859e-05
4.74496e-05
4.7411173e-05
4.7350883e-05
4.7291577e-05
4.7342831e-05
4.7876207e-05
5.0012417e-05
5.702572e-05
7.7746678e-05
0.00012831013
0.00021633122
0.00032428982
0.00043467667
0.00049561908
4.6450583e-05
4.6433963e-05
4.6395814e-05
4.6340247e-05
4.6300671e-05
4.641414e-05
4.7121628e-05
4.9721817e-05
5.7942848e-05
8.1399165e-05
0.00013573578
0.00022497509
0.00033049682
0.00043739817
0.00049561324
4.5477121e-05
4.5460379e-05
4.5423267e-05
4.5374375e-05
4.5359268e-05
4.5546142e-05
4.6454049e-05
4.9581125e-05
5.9148508e-05
8.5493018e-05
0.00014336522
0.00023329015
0.00033628764
0.00043989867
0.00049561471
4.4543061e-05
4.4526479e-05
4.4491284e-05
4.4451289e-05
4.446598e-05
4.4738756e-05
4.5876394e-05
4.9599966e-05
6.0659159e-05
9.0013881e-05
0.00015112441
0.00024126036
0.0003416978
0.00044220662
0.00049562332
4.3646195e-05
4.3630105e-05
4.359784e-05
4.3569259e-05
4.3619731e-05
4.3992365e-05
4.5392377e-05
4.9789137e-05
6.24901e-05
9.4939089e-05
0.0001589437
0.0002488802
0.00034676053
0.00044434668
0.00049563933
4.2784505e-05
4.2769292e-05
4.2741115e-05
4.2726796e-05
4.2819756e-05
4.3307822e-05
4.500653e-05
5.0160522e-05
6.4654626e-05
0.00010023808
0.00016676014
0.00025615208
0.00035150661
0.00044634014
0.00049566327
4.1956147e-05
4.1942252e-05
4.1919486e-05
4.1922641e-05
4.2065604e-05
4.2686474e-05
4.4724243e-05
5.0726936e-05
6.7163135e-05
0.00010587333
0.00017451901
0.00026308403
0.00035596427
0.00044820531
0.00049569579
4.1159436e-05
4.1147367e-05
4.1131511e-05
4.1155759e-05
4.1357137e-05
4.2130176e-05
4.4551789e-05
5.1501907e-05
7.0022255e-05
0.0001118018
0.0001821746
0.0002696879
0.00036015925
0.00044995791
0.00049573755
4.039284e-05
4.0383173e-05
4.0375928e-05
4.0425336e-05
4.0694537e-05
4.1641323e-05
4.4496352e-05
5.2499369e-05
7.3234062e-05
0.00011797661
0.00018969026
0.00027597786
0.0003641149
0.00045161147
0.00049578915
3.9654963e-05
3.9648355e-05
3.9651641e-05
3.9730781e-05
4.0078323e-05
4.1222872e-05
4.4566031e-05
5.3733284e-05
7.6795466e-05
0.00012434896
0.00019703788
0.00028196939
0.00036785235
0.00045317754
0.00049585112
3.8944544e-05
3.8941738e-05
3.8957721e-05
3.9071722e-05
3.9509355e-05
4.0878378e-05
4.476983e-05
5.5217171e-05
8.0697839e-05
0.00013087001
0.00020419698
0.00028767848
0.00037139066
0.00045466608
0.00049592389
3.8260447e-05
3.8262283e-05
3.8293404e-05
3.8448018e-05
3.8988856e-05
4.0612024e-05
4.5117613e-05
5.6963568e-05
8.4926928e-05
0.00013749256
0.00021115368
0.00029312118
0.00037474694
0.00045608564
0.00049600778
3.7601653e-05
3.7609082e-05
3.7658086e-05
3.7859757e-05
3.851843e-05
4.0428652e-05
4.5620029e-05
5.8983444e-05
8.9463092e-05
0.00014417246
0.0002178995
0.00029831319
0.0003779366
0.00045744356
0.00049610301
3.6967262e-05
3.6981351e-05
3.7051327e-05
3.7307273e-05
3.8100084e-05
4.03338e-05
4.628838e-05
6.1285582e-05
9.4281844e-05
0.00015086965
0.00022443029
0.00030326971
0.00038097346
0.0004587462
0.00049620968
3.6356483e-05
3.6378439e-05
3.6472854e-05
3.6791149e-05
3.7736253e-05
4.0333719e-05
4.7134449e-05
6.3875988e-05
9.9354667e-05
0.00015754881
0.00023074527
0.00030800524
0.00038386991
0.00045999903
0.00049632782
3.5768637e-05
3.5799814e-05
3.5922562e-05
3.6312237e-05
3.7429828e-05
4.0435397e-05
4.8170259e-05
6.6757355e-05
0.00010465002
0.00016417961
0.00023684619
0.00031253355
0.0003866371
0.00046120682
0.00049645738
3.5203153e-05
3.5245078e-05
3.5400526e-05
3.587167e-05
3.7184185e-05
4.064656e-05
4.9407776e-05
6.9928646e-05
0.00011013448
0.00017073673
0.00024273672
0.00031686759
0.00038928503
0.00046237371
0.00049659824
3.4659571e-05
3.4713957e-05
3.4907005e-05
3.5470884e-05
3.7003216e-05
4.0975654e-05
5.0858553e-05
7.3384823e-05
0.00011577386
0.0001771995
0.00024842185
0.00032101951
0.00039182273
0.0004635033
0.00049675024
3.4137541e-05
3.4206315e-05
3.4442453e-05
3.5111632e-05
3.6891359e-05
4.1431807e-05
5.2533324e-05
7.7116764e-05
0.00012153432
0.00018355155
0.00025390756
0.00032500062
0.0003942583
0.00046459877
0.00049691314
3.3636827e-05
3.3722154e-05
3.4007531e-05
3.4796016e-05
3.6853631e-05
4.2024758e-05
5.4441565e-05
8.1111387e-05
0.00012738327
0.0001897803
0.00025920045
0.00032882148
0.00039659907
0.00046566288
0.00049708671
3.3157312e-05
3.3261621e-05
3.3603121e-05
3.4526502e-05
3.6895651e-05
4.2764745e-05
5.6591037e-05
8.5351968e-05
0.00013329012
0.00019587637
0.0002643075
0.00033249188
0.00039885166
0.00046669809
0.00049727064
3.2699001e-05
3.2825019e-05
3.3230344e-05
3.4305957e-05
3.7023661e-05
4.3662352e-05
5.8987343e-05
8.9818641e-05
0.00013922683
0.00020183314
0.00026923591
0.00033602092
0.00040102205
0.00046770657
0.00049746465
3.2262029e-05
3.2412818e-05
3.2890574e-05
3.4137671e-05
3.7244543e-05
4.4728316e-05
6.163354e-05
9.4489032e-05
0.00014516825
0.00020764625
0.00027399294
0.000339417
0.00040311568
0.00046869022
0.00049766841
3.1846672e-05
3.2025663e-05
3.2585463e-05
3.402539e-05
3.7565811e-05
4.5973274e-05
6.4529813e-05
9.9338982e-05
0.0001510922
0.00021331317
0.00027858579
0.00034268791
0.00040513748
0.00046965077
0.00049788159
3.1453353e-05
3.1664391e-05
3.2316961e-05
3.3973345e-05
3.7995596e-05
4.7407474e-05
6.7673267e-05
0.00010434331
0.00015697949
0.00021883291
0.00028302153
0.00034584087
0.00040709192
0.00047058969
0.00049810386
3.1082657e-05
3.133005e-05
3.2087341e-05
3.3986286e-05
3.8542603e-05
4.9040451e-05
7.1057851e-05
0.00010947653
0.00016281382
0.00022420566
0.00028730705
0.00034888261
0.00040898324
0.00047150443
0.00049833478
3.0735342e-05
3.1023912e-05
3.1899228e-05
3.4069503e-05
3.9216041e-05
5.0880669e-05
7.4674414e-05
0.00011471355
0.00016858151
0.00022943259
0.00029144902
0.00035181926
0.00041081467
0.00047239507
0.00049857391
3.0412362e-05
3.0747498e-05
3.1755625e-05
3.4228856e-05
4.0025518e-05
5.2935163e-05
7.8510905e-05
0.00012003019
0.00017427129
0.0002345156
0.00029545378
0.00035465641
0.00041258912
0.00047326295
0.00049882071
3.0114877e-05
3.0502598e-05
3.1659947e-05
3.4470787e-05
4.0980901e-05
5.5209178e-05
8.2552696e-05
0.00012540363
0.00017987402
0.00023945715
0.0002993274
0.00035739919
0.00041430938
0.00047410989
0.00049907467
2.9844281e-05
3.0291301e-05
3.1616047e-05
3.4802328e-05
4.2092136e-05
5.7705863e-05
8.678302e-05
0.00013081272
0.0001853824
0.00024426016
0.00030307572
0.00036005265
0.00041597751
0.00047493648
0.0004993353
2.9602222e-05
3.0116018e-05
3.1628257e-05
3.5231093e-05
4.3369026e-05
6.0426015e-05
9.1183468e-05
0.00013623819
0.00019079079
0.00024892784
0.00030670433
0.00036262128
0.00041759499
0.00047574363
0.00049960217
2.9390631e-05
2.9979518e-05
3.1701409e-05
3.5765252e-05
4.4820976e-05
6.3367902e-05
9.5734524e-05
0.00014166271
0.0001960949
0.00025346365
0.00031021841
0.0003651089
0.00041916378
0.00047653274
0.00049987495
2.9211752e-05
2.9884956e-05
3.1840875e-05
3.641348e-05
4.6456705e-05
6.6527191e-05
0.00010041609
0.00014707089
0.00020129165
0.00025787114
0.00031362281
0.00036751903
0.00042068624
0.00047730511
0.00050015336
2.9068173e-05
2.9835914e-05
3.2052585e-05
3.7184879e-05
4.8283937e-05
6.9896976e-05
0.00010520799
0.00015244923
0.00020637894
0.00026215394
0.00031692219
0.00036985503
0.00042216442
0.00047806213
0.00050043718
2.8962864e-05
2.9836431e-05
3.234305e-05
3.808887e-05
5.0309094e-05
7.3467923e-05
0.0001100904
0.00015778601
0.00021135554
0.00026631585
0.00032012127
0.00037211983
0.00042359913
0.00047880561
0.00050072626
2.8899218e-05
2.9891047e-05
3.271937e-05
3.9135045e-05
5.2536995e-05
7.7228501e-05
0.00011504421
0.00016307115
0.00021622092
0.00027036053
0.00032322392
0.00037431561
0.00042499296
0.00047953646
0.00050102047
2.8881088e-05
3.0004838e-05
3.3189234e-05
4.0332987e-05
5.4970592e-05
8.1165303e-05
0.00012005128
0.00016829607
0.0002209751
0.00027429152
0.00032623367
0.00037644512
0.00042634818
0.00048025523
0.0005013196
2.8912838e-05
3.0183453e-05
3.3760895e-05
4.1692049e-05
5.7610757e-05
8.5263418e-05
0.00012509468
0.00017345354
0.00022561855
0.0002781122
0.00032915392
0.00037851123
0.00042766686
0.00048096234
0.00050162344
2.8999384e-05
3.0433149e-05
3.4443126e-05
4.3221103e-05
6.0456138e-05
8.9506836e-05
0.00013015874
0.00017853754
0.00023015226
0.00028182647
0.00033198843
0.00038051456
0.00042895138
0.00048165851
0.00050193179
2.9146247e-05
3.0760819e-05
3.5245155e-05
4.4928268e-05
6.35031e-05
9.3878858e-05
0.00013522921
0.00018354314
0.00023457747
0.00028543745
0.00033473928
0.00038245835
0.00043020341
0.00048234437
0.00050224443
2.9359592e-05
3.1174012e-05
3.6176555e-05
4.6820621e-05
6.6745751e-05
9.8362478e-05
0.00014029314
0.0001884663
0.0002388955
0.00028894795
0.00033740912
0.00038434551
0.00043142431
0.00048302039
0.00050256119
2.9646283e-05
3.168094e-05
3.7247113e-05
4.8903909e-05
7.0176057e-05
0.00010294074
0.00014533895
0.00019330376
0.0002431078
0.00029236074
0.00034000084
0.00038617868
0.00043261525
0.0004836869
0.00050288185
3.0013911e-05
3.2290468e-05
3.8466648e-05
5.1182283e-05
7.3784037e-05
0.00010759703
0.00015035632
0.00019805314
0.00024721656
0.00029567951
0.00034251496
0.00038796053
0.0004337776
0.00048434422
0.00050320621
3.0470833e-05
3.3012081e-05
3.98448e-05
5.3658066e-05
7.7558022e-05
0.00011231532
0.00015533615
0.00020271255
0.00025122334
0.00029890572
0.00034495508
0.00038969319
0.00043491256
0.00048499265
0.00050353407
3.1026183e-05
3.3855825e-05
4.1390785e-05
5.6331575e-05
8.1484958e-05
0.00011708035
0.0001602704
0.00020728048
0.00025512959
0.00030204157
0.00034732434
0.0003913785
0.00043602117
0.00048563247
0.00050386521
3.1689876e-05
3.4832207e-05
4.3113115e-05
5.9201009e-05
8.5550738e-05
0.00012187773
0.00016515206
0.00021175603
0.00025893728
0.00030508875
0.00034962561
0.00039301821
0.00043710433
0.00048626388
0.00050419944
3.2472575e-05
3.5952062e-05
4.5019311e-05
6.2262416e-05
8.9740533e-05
0.00012669409
0.00016997511
0.00021613883
0.00026264851
0.00030804843
0.00035186155
0.00039461407
0.00043816291
0.00048688705
0.00050453655
3.3385632e-05
3.7226371e-05
4.7115605e-05
6.5509736e-05
9.4039111e-05
0.00013151701
0.00017473424
0.00022042826
0.00026626391
0.00031092398
0.00035403444
0.00039616765
0.00043919769
0.00048750213
0.00050487635
3.4440983e-05
3.866603e-05
4.9406661e-05
6.8934921e-05
9.8431118e-05
0.00013633506
0.00017942476
0.00022462382
0.0002697848
0.00031371829
0.00035614637
0.00039768035
0.00044020939
0.00048810923
0.00050521864
3.5650992e-05
4.0281583e-05
5.1895328e-05
7.2528128e-05
0.00010290135
0.00014113792
0.00018404319
0.00022872687
0.00027321047
0.00031643403
0.00035819937
0.00039915348
0.00044119864
0.00048870846
0.00050556322
3.7028232e-05
4.2082902e-05
5.4582439e-05
7.6277952e-05
0.00010743496
0.00014591612
0.00018858596
0.00023273618
0.00027654355
0.00031907354
0.00036019535
0.00040058825
0.00044216601
0.00048929987
0.00050590989
3.8585203e-05
4.4078847e-05
5.7466677e-05
8.0171697e-05
0.00011201754
0.00015066094
0.00019304976
0.00023665128
0.00027978651
0.00032163898
0.00036213603
0.00040198575
0.00044311205
0.00048988352
0.00050625847
4.0333979e-05
4.6276903e-05
6.0544517e-05
8.4195686e-05
0.00011663544
0.00015536501
0.00019743343
0.00024047004
0.0002829415
0.00032413243
0.00036402299
0.00040334701
0.0004440372
0.00049045942
0.00050660875
4.2285796e-05
4.8682829e-05
6.381024e-05
8.8335534e-05
0.0001212756
0.00016002114
0.00020173345
0.00024419357
0.00028601044
0.00032655581
0.0003658577
0.00040467293
0.00044494189
0.00049102759
0.00050696055
4.445058e-05
5.1300318e-05
6.7256028e-05
9.2576413e-05
0.0001259257
0.0001646228
0.00020594657
0.00024782319
0.00028899516
0.0003289109
0.00036764151
0.00040596435
0.00044582647
0.00049158801
0.00050731369
4.6836459e-05
5.4130721e-05
7.0872133e-05
9.6903396e-05
0.00013057454
0.00016916548
0.00021006867
0.00025135992
0.00029189738
0.00033119935
0.00036937566
0.00040722202
0.00044669127
0.00049214065
0.00050766797
4.9449257e-05
5.7172821e-05
7.4647072e-05
0.00010130149
0.00013521102
0.00017364211
0.00021409922
0.00025480475
0.00029471872
0.00033342266
0.00037106126
0.00040844662
0.00044753656
0.00049268546
0.00050802321
5.2292047e-05
6.0422716e-05
7.8567954e-05
0.00010575626
0.00013982632
0.00017804511
0.0002180375
0.00025815862
0.00029746066
0.00033558221
0.00037269935
0.00040963875
0.00044836256
0.00049322237
0.00050837921
5.5364754e-05
6.3873759e-05
8.262065e-05
0.00011025323
0.00014440994
0.00018236978
0.00022188278
0.00026142243
0.00030012456
0.00033767927
0.00037429083
0.00041079894
0.00044916946
0.00049375128
0.00050873581
5.866391e-05
6.7516689e-05
8.6790403e-05
0.00011477971
0.00014895017
0.00018661249
0.00022563446
0.00026459701
0.00030271166
0.00033971496
0.00037583652
0.00041192765
0.0004499574
0.00049427211
0.00050909279
6.2182528e-05
7.1339761e-05
9.10618e-05
0.000119321
0.00015343812
0.00019076983
0.00022929197
0.0002676831
0.00030522307
0.00034169028
0.00037733714
0.00041302527
0.00045072648
0.00049478471
0.00050944999
6.5910209e-05
7.5329198e-05
9.5419597e-05
0.00012386172
0.00015786616
0.00019483869
0.0002328548
0.00027068136
0.00030765978
0.00034360615
0.00037879331
0.00041409212
0.00045147675
0.00049528895
0.00050980721
6.9833699e-05
7.9469711e-05
9.9845314e-05
0.00012838914
0.00016222726
0.00019881621
0.00023632246
0.00027359235
0.00031002265
0.00034546332
0.00038020556
0.00041512846
0.00045220824
0.00049578467
0.00051016426
7.3936183e-05
8.3742448e-05
0.00010432175
0.00013289127
0.00016651493
0.00020269974
0.00023969444
0.00027641654
0.00031231242
0.00034726245
0.00038157434
0.00041613448
0.00045292092
0.00049627169
0.00051052094
7.8197606e-05
8.8127418e-05
0.00010883201
0.00013735687
0.00017072318
0.00020648685
0.00024297026
0.00027915431
0.0003145297
0.00034900409
0.00038289998
0.0004171103
0.00045361473
0.00049674981
0.00051087705
8.259574e-05
9.2603762e-05
0.00011335961
0.00014177544
0.00017484651
0.00021017526
0.0002461494
0.00028180591
0.00031667498
0.00035068867
0.00038418274
0.00041805599
0.00045428956
0.00049721879
0.0005112324
8.7106849e-05
9.7150187e-05
0.00011788867
0.00014613719
0.00017887989
0.00021376288
0.00024923132
0.00028437153
0.00031874863
0.00035231651
0.00038542278
0.00041897154
0.00045494527
0.0004976784
0.00051158678
9.1706357e-05
0.00010174537
0.00012240397
0.00015043307
0.00018281869
0.00021724777
0.00025221551
0.00028685124
0.00032075093
0.00035388782
0.0003866202
0.00041985688
0.00045558166
0.00049812838
0.00051193996
9.6369471e-05
0.00010636831
0.00012689107
0.00015465475
0.00018665874
0.00022062814
0.00025510141
0.00028924504
0.00032268201
0.00035540272
0.00038777498
0.00042071189
0.0004561985
0.00049856842
0.00051229173
0.00010107175
0.00011099871
0.00013133641
0.00015879458
0.00019039626
0.00022390239
0.0002578885
0.00029155287
0.00032454194
0.00035686124
0.00038888705
0.00042153637
0.00045679553
0.00049899823
0.00051264185
0.00010578959
0.0001156172
0.00013572732
0.00016284559
0.00019402787
0.00022706907
0.00026057625
0.0002937746
0.00032633068
0.00035826329
0.00038995625
0.00042233008
0.00045737243
0.00049941745
0.00051299009
0.00011050061
0.00012020556
0.0001400521
0.00016680152
0.00019755061
0.00023012691
0.0002631642
0.00029591005
0.00032804814
0.00035960873
0.00039098233
0.0004230927
0.00045792883
0.00049982574
0.0005133362
0.00011518396
0.00012474696
0.00014430006
0.00017065675
0.0002009619
0.00023307485
0.00026565193
0.00029795904
0.00032969414
0.00036089734
0.00039196503
0.00042382389
0.00045846437
0.0005002227
0.0005136799
0.00011982051
0.00012922598
0.00014846156
0.00017440632
0.00020425955
0.00023591201
0.00026803907
0.00029992136
0.00033126847
0.00036212885
0.00039290397
0.00042452324
0.0004589786
0.00050060794
0.00051402094
0.00012439299
0.00013362876
0.00015252796
0.00017804593
0.00020744178
0.00023863774
0.00027032539
0.00030179682
0.0003327709
0.00036330293
0.00039379876
0.0004251903
0.00045947108
0.00050098102
0.00051435902
0.00012888603
0.00013794298
0.00015649166
0.0001815719
0.00021050716
0.00024125161
0.00027251074
0.00030358529
0.00033420119
0.00036441922
0.00039464897
0.00042582458
0.00045994131
0.0005013415
0.00051469386
0.0001332862
0.00014215785
0.00016034607
0.00018498116
0.00021345466
0.0002437534
0.00027459509
0.00030528666
0.00033555909
0.00036547737
0.00039545413
0.00042642559
0.00046038879
0.00050168893
0.00051502513
0.00013758191
0.00014626411
0.00016408559
0.00018827122
0.0002162836
0.00024614317
0.00027657857
0.00030690093
0.00033684441
0.00036647701
0.00039621378
0.0004269928
0.00046081301
0.00050202284
0.00051535253
0.00014176336
0.00015025394
0.00016770556
0.00019144016
0.00021899367
0.00024842116
0.00027846147
0.00030842816
0.00033805698
0.00036741778
0.00039692744
0.00042752568
0.00046121342
0.00050234274
0.00051567572
0.0001458224
0.00015412085
0.00017120221
0.00019448661
0.0002215849
0.00025058789
0.00028024424
0.00030986854
0.0003391967
0.00036829937
0.00039759466
0.00042802371
0.00046158951
0.00050264817
0.00051599437
0.00014975247
0.00015785965
0.00017457261
0.00019740969
0.00022405763
0.0002526441
0.00028192748
0.00031122239
0.00034026358
0.00036912153
0.000398215
0.00042848636
0.00046194074
0.00050293864
0.00051630812
0.00015354841
0.00016146633
0.00017781464
0.00020020902
0.00022641251
0.00025459074
0.00028351201
0.00031249015
0.00034125769
0.00036988405
0.00039878809
0.00042891317
0.00046226663
0.0005032137
0.00051661663
0.00015720636
0.00016493791
0.00018092688
0.00020288466
0.0002286505
0.00025642899
0.00028499879
0.0003136724
0.00034217925
0.00037058683
0.00039931359
0.00042930369
0.00046256668
0.00050347289
0.00051691955
0.0001607236
0.00016827242
0.00018390859
0.00020543706
0.00023077281
0.00025816025
0.00028638897
0.0003147699
0.00034302856
0.00037122984
0.00039979126
0.00042965753
0.00046284047
0.00050371579
0.0005172165
0.00016409846
0.00017146872
0.00018675962
0.00020786708
0.0002327809
0.0002597861
0.00028768389
0.00031578353
0.00034380609
0.00037181318
0.00040022093
0.00042997436
0.0004630876
0.00050394201
0.00051750713
0.00016733016
0.00017452647
0.00018948038
0.0002101759
0.00023467647
0.0002613083
0.00028888502
0.00031671433
0.00034451242
0.00037233706
0.00040060251
0.00043025395
0.00046330774
0.0005041512
0.0005177911
0.00017041873
0.00017744598
0.00019207175
0.00021236502
0.00023646142
0.00026272878
0.00028999402
0.00031756352
0.0003451483
0.00037280179
0.00040093606
0.00043049612
0.00046350062
0.00050434303
0.00051806806
0.00017336488
0.00018022817
0.00019453506
0.00021443621
0.00023813782
0.00026404963
0.00029101268
0.00031833244
0.00034571459
0.00037320786
0.0004012217
0.00043070081
0.00046366604
0.00050451726
0.00051833766
0.00017616991
0.00018287448
0.00019687199
0.0002163915
0.00023970792
0.00026527306
0.00029194294
0.00031902259
0.00034621231
0.00037355584
0.0004014597
0.00043086804
0.00046380389
0.00050467366
0.00051859959
0.00017883563
0.00018538677
0.00019908456
0.00021823311
0.00024117411
0.00026640143
0.00029278685
0.00031963559
0.00034664264
0.00037384649
0.00040165046
0.00043099797
0.00046391414
0.00050481211
0.00051885354
0.00018136427
0.00018776728
0.00020117507
0.00021996348
0.00024253892
0.00026743716
0.0002935466
0.00032017321
0.00034700686
0.00037408066
0.00040179449
0.00043109084
0.00046399686
0.00050493252
0.00051909923
0.00018375844
0.00019001858
0.00020314606
0.00022158517
0.00024380495
0.00026838282
0.00029422447
0.00032063733
0.00034730642
0.00037425937
0.00040189244
0.00043114701
0.00046405221
0.00050503487
0.00051933638
0.00018602102
0.00019214349
0.00020500026
0.00022310091
0.00024497493
0.000269241
0.00029482281
0.00032102994
0.00034754286
0.00037438376
0.00040194508
0.00043116697
0.00046408043
0.00050511922
0.00051956475
0.00018815515
0.00019414504
0.0002067406
0.00022451353
0.00024605163
0.0002700144
0.00029534407
0.00032135313
0.00034771787
0.00037445508
0.00040195331
0.00043115133
0.00046408189
0.0005051857
0.00051978414
0.00019016413
0.00019602644
0.00020837009
0.00022582592
0.00024703791
0.00027070574
0.00029579076
0.00032160907
0.00034783321
0.00037447472
0.00040191816
0.00043110078
0.00046405702
0.00050523451
0.00051999434
0.00019205146
0.00019779104
0.00020989189
0.0002270411
0.00024793664
0.00027131779
0.00029616545
0.00032180001
0.00034789078
0.00037444417
0.00040184076
0.00043101616
0.00046400639
0.00050526591
0.00052019521
0.0001938207
0.00019944229
0.00021130923
0.00022816208
0.00024875076
0.00027185335
0.00029647073
0.00032192828
0.00034789254
0.00037436504
0.00040172235
0.0004308984
0.00046393061
0.00050528024
0.00052038661
0.00019547553
0.00020098371
0.00021262539
0.00022919196
0.00024948319
0.00027231525
0.00029670924
0.00032199623
0.00034784053
0.000374239
0.00040156428
0.00043074851
0.00046383042
0.0005052779
0.00052056846
0.00019701967
0.00020241887
0.0002138437
0.00023013384
0.00025013689
0.0002727063
0.00029688364
0.00032200629
0.00034773687
0.00037406785
0.000401368
0.00043056761
0.00046370662
0.00050525936
0.00052074068
0.00019845687
0.00020375137
0.0002149675
0.00023099082
0.00025071481
0.00027302932
0.0002969966
0.00032196091
0.00034758371
0.00037385342
0.00040113502
0.00043035692
0.00046356008
0.00050522512
0.00052090325
0.00019979088
0.00020498482
0.00021600015
0.00023176602
0.00025121988
0.00027328713
0.00029705078
0.00032186254
0.00034738327
0.00037359763
0.00040086694
0.0004301177
0.00046339176
0.00050517577
0.00052105616
0.00020102546
0.00020612283
0.00021694499
0.00023246253
0.00025165504
0.00027348254
0.00029704885
0.00032171369
0.00034713779
0.00037330245
0.00040056544
0.0004298513
0.00046320266
0.00050511191
0.00052119945
0.00020216434
0.00020716897
0.00021780536
0.00023308345
0.00025202319
0.00027361832
0.00029699348
0.00032151682
0.00034684954
0.00037296988
0.00040023221
0.00042955913
0.00046299384
0.00050503421
0.00052133317
0.00020321121
0.00020812681
0.00021858456
0.00023363182
0.00025232719
0.0002736972
0.00029688728
0.00032127444
0.00034652082
0.00037260195
0.00039986902
0.00042924263
0.0004627664
0.00050494336
0.00052145742
0.00020416973
0.00020899984
0.00021928585
0.00023411066
0.00025256988
0.00027372192
0.00029673287
0.00032098901
0.0003461539
0.00037220074
0.00039947766
0.00042890329
0.00046252149
0.00050484008
0.00052157231
0.00020504348
0.00020979154
0.00021991247
0.00023452295
0.00025275406
0.00027369515
0.00029653282
0.00032066299
0.00034575107
0.00037176831
0.00039905995
0.00042854262
0.00046226028
0.00050472511
0.00052167798
0.00020583601
0.00021050532
0.00022046757
0.00023487162
0.00025288248
0.00027361951
0.00029628968
0.0003202988
0.00034531461
0.00037130673
0.0003986177
0.00042816217
0.00046198394
0.00050459923
0.0005217746
0.00020655079
0.0002111445
0.00022095428
0.00023515957
0.00025295784
0.00027349759
0.00029600593
0.00031989884
0.00034484678
0.00037081809
0.00039815277
0.00042776348
0.0004616937
0.00050446321
0.00052186235
0.0002071912
0.00021171237
0.00022137566
0.00023538962
0.00025298279
0.00027333194
0.00029568403
0.00031946547
0.00034434981
0.00037030442
0.00039766697
0.0004273481
0.00046139074
0.00050431783
0.00052194145
0.00020776058
0.00021221214
0.00022173471
0.00023556454
0.00025295994
0.00027312502
0.00029532639
0.00031900101
0.0003438259
0.00036976778
0.00039716213
0.00042691757
0.00046107627
0.00050416387
0.00052201211
0.00020826216
0.00021264694
0.00022203436
0.00023568704
0.00025289183
0.00027287928
0.00029493535
0.00031850773
0.00034327721
0.00036921015
0.00039664003
0.00042647341
0.00046075149
0.00050400211
0.00052207458
0.00020869912
0.00021301983
0.00022227747
0.00023575979
0.00025278093
0.00027259707
0.0002945132
0.00031798784
0.00034270586
0.00036863353
0.00039610245
0.00042601714
0.00046041758
0.00050383332
0.00052212911
0.00020907452
0.00021333378
0.00022246684
0.00023578537
0.00025262967
0.00027228072
0.00029406219
0.00031744352
0.00034211391
0.00036803983
0.00039555113
0.00042555024
0.00046007569
0.00050365827
0.00052217597
0.00020939137
0.0002135917
0.00022260518
0.00023576631
0.0002524404
0.00027193246
0.00029358448
0.00031687686
0.00034150339
0.00036743094
0.00039498777
0.00042507416
0.00045972696
0.00050347769
0.00052221544
0.00020965259
0.00021379642
0.00022269514
0.00023570505
0.00025221543
0.00027155448
0.00029308218
0.00031628993
0.00034087626
0.0003668087
0.00039441402
0.00042459031
0.0004593725
0.0005032923
0.00052224778
0.000209861
0.00021395066
0.00022273931
0.000235604
0.00025195699
0.00027114891
0.00029255736
0.0003156847
0.00034023442
0.00036617489
0.00039383148
0.00042410007
0.00045901336
0.00050310282
0.00052227331
0.00021001935
0.00021405709
0.00022274019
0.00023546547
0.00025166725
0.0002707178
0.00029201199
0.00031506309
0.00033957972
0.00036553123
0.00039324172
0.00042360475
0.00045865058
0.00050290991
0.0005222923
0.00021013029
0.00021411829
0.00022270019
0.00023529172
0.0002513483
0.00027026315
0.00029144799
0.00031442697
0.00033891394
0.00036487939
0.00039264622
0.00042310563
0.00045828516
0.00050271423
0.00052230505
0.00021019642
0.00021413677
0.00022262168
0.00023508494
0.00025100219
0.00026978688
0.00029086722
0.00031377813
0.00033823878
0.00036422098
0.00039204645
0.00042260393
0.00045791804
0.0005025164
0.00052231187
0.00021022021
0.00021411493
0.00022250693
0.00023484723
0.00025063088
0.00026929087
0.00029027147
0.00031311829
0.00033755591
0.00036355753
0.00039144376
0.00042210084
0.00045755013
0.00050231701
0.00052231305
0.00021020409
0.00021405514
0.00022235816
0.00023458066
0.00025023629
0.0002687769
0.00028966245
0.0003124491
0.00033686689
0.00036289051
0.0003908395
0.00042159745
0.00045718228
0.00050211664
0.00052230888
0.00021015039
0.00021395963
0.0002221775
0.0002342872
0.00024982025
0.00026824671
0.00028904181
0.00031177216
0.00033617324
0.00036222134
0.00039023491
0.00042109484
0.00045681531
0.0005019158
0.00052229966
0.00021006136
0.00021383062
0.000221967
0.00023396876
0.00024938454
0.00026770197
0.00028841116
0.00031108898
0.00033547641
0.00036155134
0.00038963118
0.000420594
0.00045644998
0.00050171501
0.00052228568
0.00020993916
0.0002136702
0.00022172866
0.0002336272
0.00024893087
0.00026714428
0.00028777201
0.00031040102
0.00033477777
0.0003608818
0.00038902945
0.00042009587
0.00045608701
0.00050151473
0.00052226723
0.00020978591
0.00021348041
0.00022146441
0.00023326429
0.00024846089
0.00026657519
0.00028712581
0.00030970966
0.00033407863
0.00036021392
0.00038843079
0.00041960134
0.00045572707
0.0005013154
0.00052224457
0.00020960362
0.00021326322
0.00022117608
0.00023288175
0.00024797619
0.00026599616
0.00028647397
0.00030901623
0.00033338022
0.00035954883
0.00038783619
0.00041911123
0.00045537079
0.00050111744
0.00052221799
0.00020939422
0.00021302051
0.00022086547
0.00023248123
0.00024747828
0.00026540861
0.0002858178
0.00030832198
0.00033268374
0.00035888761
0.00038724659
0.00041862633
0.00045501873
0.00050092121
0.00052218776
0.00020915961
0.00021275411
0.00022053428
0.00023206432
0.00024696863
0.0002648139
0.00028515858
0.00030762809
0.00033199027
0.00035823127
0.00038666287
0.00041814734
0.00045467144
0.00050072707
0.00052215413
0.00020890157
0.00021246576
0.00022018417
0.00023163254
0.00024644864
0.00026421332
0.00028449751
0.00030693571
0.00033130087
0.00035758075
0.00038608585
0.00041767492
0.00045432939
0.00050053533
0.00052211737
0.00020862185
0.00021215715
0.00021981673
0.00023118736
0.00024591966
0.00026360811
0.00028383574
0.00030624588
0.00033061652
0.00035693693
0.00038551628
0.00041720967
0.00045399303
0.00050034629
0.0005220777
0.00020832209
0.00021182989
0.00021943347
0.00023073017
0.00024538295
0.00026299943
0.00028317434
0.00030555961
0.00032993813
0.00035630063
0.00038495485
0.00041675216
0.00045366277
0.00050016021
0.00052203538
0.0002080039
0.00021148553
0.00021903586
0.00023026233
0.00024483976
0.00026238842
0.00028251435
0.00030487785
0.00032926657
0.0003556726
0.00038440221
0.00041630289
0.00045333895
0.0004999772
0.00052199062
0.0002076688
0.00021112556
0.00021862528
0.00022978512
0.00024429125
0.00026177613
0.00028185674
0.00030420148
0.00032860262
0.00035505355
0.00038385895
0.00041586231
0.0004530219
0.00049979676
0.00052194364
0.00020731827
0.00021075139
0.00021820309
0.00022929978
0.00024373854
0.00026116357
0.00028120243
0.00030353133
0.00032794704
0.00035444411
0.00038332558
0.00041543081
0.0004527118
0.00049961888
0.0005218946
0.00020695371
0.00021036441
0.00021777055
0.00022880746
0.00024318268
0.0002605517
0.00028055227
0.00030286818
0.0003273005
0.00035384488
0.00038280258
0.00041500873
0.0004524088
0.00049944381
0.00052184368
0.00020657647
0.0002099659
0.00021732891
0.00022830931
0.0002426247
0.00025994143
0.00027990707
0.00030221274
0.00032666365
0.0003532564
0.00038229039
0.0004145964
0.00045211285
0.00049927159
0.00052179101
0.00020618782
0.00020955711
0.00021687932
0.00022780638
0.00024206555
0.00025933361
0.00027926759
0.00030156569
0.00032603705
0.00035267914
0.00038178938
0.00041419403
0.00045182392
0.00049910248
0.00052173676
0.000205789
0.00020913925
0.0002164229
0.00022729969
0.00024150613
0.00025872904
0.00027863455
0.00030092763
0.00032542123
0.00035211353
0.00038129986
0.00041380176
0.00045154214
0.00049893674
0.00052168111
0.00020538117
0.00020871344
0.00021596072
0.00022679021
0.00024094732
0.00025812848
0.0002780086
0.00030029915
0.00032481669
0.00035155997
0.00038082214
0.00041341969
0.00045126751
0.0004987747
0.00052162423
0.00020496547
0.00020828077
0.00021549378
0.00022627886
0.00024038992
0.00025753265
0.00027739035
0.00029968077
0.00032422385
0.00035101881
0.00038035642
0.00041304781
0.00045100016
0.00049861662
0.00052156632
0.00020454296
0.00020784227
0.00021502306
0.00022576651
0.0002398347
0.0002569422
0.00027678038
0.00029907296
0.00032364309
0.0003504903
0.00037990284
0.0004126862
0.00045074029
0.00049846264
0.00052150753
0.00020411465
0.00020739893
0.00021454946
0.00022525398
0.00023928239
0.00025635777
0.00027617922
0.00029847617
0.00032307478
0.00034997474
0.00037946151
0.00041233478
0.0004504881
0.00049831291
0.00052144804
0.00020368151
0.00020695167
0.00021407386
0.00022474205
0.00023873368
0.00025577994
0.00027558735
0.00029789078
0.00032251922
0.0003494723
0.00037903245
0.00041199365
0.00045024376
0.00049816754
0.00052138801
0.00020324446
0.00020650139
0.00021359708
0.00022423148
0.00023818919
0.00025520925
0.00027500522
0.00029731715
0.00032197664
0.00034898309
0.00037861569
0.00041166294
0.00045000732
0.00049802663
0.00052132757
0.00020280437
0.00020604894
0.0002131199
0.00022372294
0.00023764955
0.0002546462
0.00027443323
0.00029675562
0.00032144731
0.00034850726
0.00037821109
0.00041134278
0.00044977887
0.00049789023
0.00052126688
0.00020236207
0.00020559511
0.00021264307
0.00022321711
0.0002371153
0.00025409126
0.00027387177
0.00029620643
0.00032093136
0.00034804478
0.00037781878
0.00041103325
0.00044955845
0.0004977584
0.00052120605
0.00020191836
0.00020514065
0.00021216727
0.00022271459
0.00023658697
0.00025354486
0.00027332117
0.00029566985
0.00032042894
0.00034759559
0.00037743884
0.00041073436
0.00044934606
0.00049763115
0.00052114521
0.00020147396
0.00020468629
0.00021169318
0.00022221597
0.00023606506
0.00025300741
0.00027278172
0.00029514608
0.0003199401
0.00034715967
0.00037707133
0.00041044612
0.0004491417
0.00049750851
0.00052108448
0.00020102959
0.0002042327
0.0002112214
0.00022172179
0.00023555002
0.00025247925
0.0002722537
0.00029463525
0.00031946483
0.00034673712
0.00037671626
0.00041016852
0.00044894534
0.00049739045
0.00052102396
0.00020058592
0.00020378052
0.00021075253
0.00022123257
0.00023504228
0.00025196072
0.00027173734
0.00029413752
0.00031900305
0.00034632797
0.00037637362
0.00040990152
0.00044875694
0.00049727697
0.00052096374
0.00020014356
0.00020333036
0.00021028712
0.00022074877
0.00023454223
0.00025145213
0.00027123284
0.00029365286
0.00031855486
0.00034593224
0.00037604337
0.00040964505
0.00044857641
0.00049716803
0.00052090392
0.00019970311
0.00020288278
0.00020982567
0.00022027086
0.00023405022
0.00025095374
0.00027074036
0.00029318125
0.00031812029
0.00034554991
0.00037572546
0.00040939902
0.00044840369
0.0004970636
0.00052084458
0.00019926513
0.00020243831
0.00020936869
0.00021979923
0.0002335666
0.00025046579
0.0002702599
0.00029272279
0.00031769936
0.00034518094
0.00037541981
0.00040916334
0.00044823869
0.00049696363
0.00052078581
0.00019883015
0.00020199745
0.0002089166
0.00021933428
0.00023309165
0.00024998844
0.00026979154
0.00029227752
0.00031729206
0.00034482526
0.00037512632
0.0004089379
0.00044808129
0.00049686805
0.00052072766
0.00019839864
0.00020156068
0.00020846985
0.00021887635
0.00023262567
0.00024952177
0.00026933538
0.00029184548
0.00031689836
0.00034448281
0.00037484487
0.00040872255
0.00044793138
0.00049677681
0.00052067022
0.00019797109
0.00020112844
0.00020802883
0.00021842581
0.00023216879
0.00024906593
0.00026889149
0.00029142667
0.00031651822
0.00034415346
0.00037457531
0.00040851715
0.00044778883
0.00049668983
0.00052061354
0.00019754791
0.00020070114
0.0002075939
0.00021798285
0.0002317212
0.00024862104
0.00026845994
0.00029102109
0.00031615154
0.00034383711
0.00037431751
0.00040832155
0.00044765351
0.00049660704
0.00052055766
0.00019712953
0.00020027915
0.00020716536
0.00021754774
0.00023128308
0.0002481872
0.00026804075
0.00029062871
0.00031579825
0.00034353362
0.0003740713
0.00040813557
0.00044752528
0.00049652836
0.00052050266
0.00019671628
0.00019986281
0.00020674349
0.00021712069
0.0002308546
0.00024776452
0.00026763394
0.00029024946
0.00031545824
0.00034324282
0.00037383649
0.00040795904
0.00044740397
0.00049645369
0.00052044856
0.00019630851
0.00019945241
0.00020632855
0.00021670191
0.00023043589
0.00024735305
0.00026723952
0.00028988329
0.00031513138
0.00034296456
0.0003736129
0.00040779177
0.00044728945
0.00049638296
0.00052039542
0.0001959065
0.00019904824
0.00020592079
0.00021629159
0.00023002707
0.00024695284
0.00026685745
0.0002895301
0.00031481752
0.00034269866
0.00037340033
0.00040763356
0.00044718154
0.00049631606
0.00052034326
0.00019551054
0.00019865056
0.00020552042
0.00021588989
0.00022962824
0.00024656393
0.00026648771
0.0002891898
0.00031451652
0.00034244492
0.00037319857
0.0004074842
0.00044708008
0.00049625291
0.00052029212
0.00019512089
0.0001982596
0.00020512764
0.00021549696
0.00022923949
0.00024618634
0.00026613023
0.00028886227
0.00031422822
0.00034220314
0.00037300739
0.00040734351
0.0004469849
0.00049619341
0.00052024203
0.00019473777
0.00019787558
0.00020474263
0.00021511292
0.00022886088
0.00024582005
0.00026578497
0.00028854739
0.00031395242
0.00034197311
0.00037282659
0.00040721125
0.00044689584
0.00049613746
0.00052019302
0.0001943614
0.0001974987
0.00020436557
0.00021473789
0.00022849246
0.00024546506
0.00026545182
0.00028824501
0.00031368895
0.00034175461
0.00037265592
0.00040708722
0.00044681272
0.00049608496
0.0005201451
0.00019399199
0.00019712915
0.00020399658
0.00021437197
0.00022813428
0.00024512134
0.0002651307
0.00028795498
0.0003134376
0.00034154741
0.00037249514
0.00040697119
0.00044673538
0.00049603583
0.0005200983
0.00019362971
0.00019676708
0.0002036358
0.00021401523
0.00022778634
0.00024478885
0.00026482151
0.00028767714
0.00031319817
0.00034135127
0.00037234403
0.00040686296
0.00044666363
0.00049598995
0.00052005263
0.00019327473
0.00019641263
0.00020328335
0.00021366774
0.00022744866
0.00024446752
0.00026452411
0.00028741131
0.00031297044
0.00034116596
0.00037220234
0.0004067623
0.00044659731
0.00049594724
0.0005200081
0.00019292718
0.00019606595
0.00020293931
0.00021332955
0.00022712122
0.00024415729
0.0002642384
0.00028715732
0.00031275419
0.00034099124
0.00037206982
0.00040666898
0.00044653624
0.00049590759
0.00051996474
0.00019258719
0.00019572714
0.00020260378
0.00021300069
0.00022680402
0.00024385807
0.00026396421
0.00028691497
0.00031254919
0.00034082685
0.00037194623
0.00040658279
0.00044648026
0.00049587091
0.00051992254
0.00019225489
0.00019539629
0.0002022768
0.00021268117
0.000226497
0.00024356978
0.00026370142
0.00028668406
0.00031235521
0.00034067253
0.00037183131
0.0004065035
0.00044642919
0.00049583711
0.00051988152
0.00019193035
0.0001950735
0.00020195844
0.00021237102
0.00022620013
0.00024329231
0.00026344985
0.0002864644
0.00031217201
0.00034052805
0.00037172481
0.00040643089
0.00044638286
0.0004958061
0.00051984167
0.00019161368
0.00019475882
0.00020164873
0.00021207022
0.00022591335
0.00024302555
0.00026320934
0.00028625576
0.00031199934
0.00034039312
0.00037162649
0.00040636474
0.00044634111
0.00049577776
0.00051980301
0.00019130492
0.00019445232
0.0002013477
0.00021177875
0.00022563659
0.00024276938
0.00026297972
0.00028605794
0.00031183695
0.00034026751
0.00037153609
0.00040630484
0.00044630377
0.00049575203
0.00051976553
0.00019100414
0.00019415402
0.00020105535
0.00021149659
0.00022536977
0.00024252366
0.00026276081
0.00028587069
0.0003116846
0.00034015093
0.00037145336
0.00040625095
0.00044627067
0.00049572879
0.00051972923
0.00019071138
0.00019386397
0.00020077168
0.00021122368
0.0002251128
0.00024228825
0.00026255241
0.0002856938
0.00031154202
0.00034004313
0.00037137805
0.00040620286
0.00044624165
0.00049570795
0.0005196941
0.00019042666
0.00019358216
0.00020049669
0.00021095999
0.00022486558
0.000242063
0.00026235432
0.00028552703
0.00031140895
0.00033994384
0.00037130989
0.00040616036
0.00044621655
0.00049568943
0.00051966015
0.00019015
0.00019330861
0.00020023035
0.00021070544
0.000224628
0.00024184776
0.00026216636
0.00028537014
0.00031128514
0.0003398528
0.00037124865
0.00040612323
0.0004461952
0.00049567314
0.00051962736
0.00018988141
0.0001930433
0.00019997261
0.00021045997
0.00022439995
0.00024164235
0.0002619883
0.00028522289
0.00031117033
0.00033976973
0.00037119408
0.00040609125
0.00044617745
0.00049565897
0.00051959572
0.00018962087
0.00019278623
0.00019972344
0.00021022348
0.00022418129
0.00024144662
0.00026181993
0.00028508503
0.00031106423
0.00033969437
0.00037114592
0.00040606421
0.00044616314
0.00049564685
0.00051956523
0.00018936836
0.00019253734
0.00019948278
0.0002099959
0.0002239719
0.00024126039
0.00026166105
0.00028495631
0.0003109666
0.00033962646
0.00037110392
0.00040604191
0.00044615211
0.00049563668
0.00051953587
0.00018912387
0.00019229662
0.00019925057
0.00020977712
0.00022377164
0.00024108346
0.00026151142
0.0002848365
0.00031087717
0.00033956574
0.00037106785
0.00040602414
0.0004461442
0.00049562837
0.00051950764
0.00018888735
0.000192064
0.00019902674
0.00020956704
0.00022358036
0.00024091566
0.00026137083
0.00028472532
0.00031079566
0.00033951193
0.00037103747
0.0004060107
0.00044613929
0.00049562185
0.0005194805
0.00018865876
0.00019183944
0.0001988112
0.00020936555
0.00022339792
0.0002407568
0.00026123905
0.00028462254
0.00031072182
0.00033946479
0.00037101253
0.00040600138
0.0004461372
0.00049561703
0.00051945446
0.00018843805
0.00019162287
0.00019860386
0.00020917251
0.00022322414
0.00024060668
0.00026111585
0.00028452789
0.00031065539
0.00033942405
0.0003709928
0.000405996
0.00044613781
0.00049561382
0.00051942948
0.00018822515
0.00019141421
0.00019840465
0.00020898782
0.00022305888
0.0002404651
0.00026100099
0.00028444114
0.0003105961
0.00033938946
0.00037097806
0.00040599436
0.00044614098
0.00049561215
0.00051940557
0.00018802
0.00019121339
0.00019821345
0.00020881134
0.00022290197
0.00024033186
0.00026089426
0.00028436202
0.00031054369
0.00033936076
0.00037096807
0.00040599628
0.00044614656
0.00049561195
0.00051938269
0.00018782252
0.00019102033
0.00019803015
0.00020864294
0.00022275324
0.00024020677
0.00026079542
0.00028429028
0.00031049791
0.00033933773
0.00037096261
0.00040600157
0.00044615443
0.00049561312
0.00051936084
0.00018763264
0.00019083494
0.00019785466
0.00020848248
0.00022261252
0.00024008961
0.00026070424
0.00028422569
0.00031045851
0.0003393201
0.00037096148
0.00040601006
0.00044616445
0.00049561562
0.00051933998
0.00018745026
0.00019065712
0.00019768686
0.00020832981
0.00022247963
0.00023998019
0.00026062049
0.00028416798
0.00031042523
0.00033930764
0.00037096445
0.00040602157
0.00044617652
0.00049561935
0.00051932011
0.0001872753
0.00019048676
0.00019752662
0.0002081848
0.00022235441
0.00023987829
0.00026054394
0.00028411693
0.00031039783
0.00033930013
0.00037097132
0.00040603594
0.00044619049
0.00049562426
0.0005193012
0.00018710767
0.00019032378
0.00019737382
0.00020804729
0.00022223667
0.00023978372
0.00026047435
0.00028407227
0.00031037606
0.00033929732
0.00037098189
0.000406053
0.00044620627
0.00049563028
0.00051928324
0.00018694726
0.00019016806
0.00019722834
0.00020791713
0.00022212624
0.00023969627
0.00026041152
0.00028403379
0.0003103597
0.000339299
0.00037099596
0.0004060726
0.00044622373
0.00049563735
0.0005192662
0.00018679396
0.00019001948
0.00019709006
0.00020779417
0.00022202294
0.00023961573
0.00026035521
0.00028400124
0.0003103485
0.00033930495
0.00037101334
0.00040609458
0.00044624277
0.00049564541
0.00051925007
0.00018664768
0.00018987793
0.00019695882
0.00020767826
0.00022192659
0.00023954191
0.00026030519
0.00028397439
0.00031034224
0.00033931495
0.00037103385
0.0004061188
0.00044626329
0.00049565439
0.00051923483
0.0001865083
0.0001897433
0.00019683451
0.00020756924
0.000221837
0.00023947459
0.00026026126
0.00028395302
0.0003103407
0.00033932881
0.00037105731
0.00040614511
0.00044628518
0.00049566425
0.00051922045
0.0001863757
0.00018961545
0.00019671699
0.00020746695
0.000221754
0.00023941358
0.00026022319
0.0002839369
0.00031034365
0.00033934631
0.00037108354
0.00040617339
0.00044630835
0.00049567494
0.00051920693
0.00018624976
0.00018949426
0.0001966061
0.00020737123
0.0002216774
0.00023935868
0.00026019077
0.00028392581
0.00031035089
0.00033936727
0.00037111239
0.00040620349
0.00044633272
0.00049568639
0.00051919423
0.00018613037
0.00018937961
0.00019650172
0.00020728192
0.00022160703
0.00023930968
0.00026016378
0.00028391954
0.00031036221
0.00033939149
0.00037114367
0.00040623529
0.0004463582
0.00049569858
0.00051918235
0.00018601738
0.00018927135
0.00019640368
0.00020719886
0.0002215427
0.00023926639
0.00026014203
0.00028391788
0.0003103774
0.00033941879
0.00037117726
0.00040626868
0.00044638469
0.00049571145
0.00051917127
0.00018591067
0.00018916935
0.00019631185
0.00020712188
0.00022148424
0.00023922862
0.00026012529
0.00028392062
0.00031039626
0.00033944899
0.00037121298
0.00040630353
0.00044641214
0.00049572496
0.00051916096
0.0001858101
0.00018907347
0.00019622607
0.00020705081
0.00022143144
0.00023919615
0.00026011337
0.00028392755
0.0003104186
0.00033948191
0.00037125069
0.00040633973
0.00044644045
0.00049573907
0.00051915141
0.00018571553
0.00018898356
0.00019614618
0.00020698548
0.00022138414
0.00023916881
0.00026010607
0.00028393847
0.00031044423
0.00033951739
0.00037129025
0.00040637717
0.00044646955
0.00049575373
0.0005191426
0.00018562681
0.00018889947
0.00019607202
0.00020692573
0.00022134215
0.00023914638
0.00026010317
0.00028395318
0.00031047296
0.00033955525
0.00037133152
0.00040641575
0.00044649938
0.00049576891
0.00051913452
0.0001855438
0.00018882104
0.00019600344
0.00020687136
0.00022130527
0.00023912867
0.00026010448
0.00028397148
0.0003105046
0.00033959533
0.00037137436
0.00040645536
0.00044652984
0.00049578456
0.00051912713
0.00018546633
0.00018874813
0.00019594026
0.00020682222
0.00022127331
0.00023911549
0.00026010979
0.00028399317
0.00031053896
0.00033963746
0.00037141863
0.00040649588
0.00044656088
0.00049580063
0.00051912043
0.00018539426
0.00018868056
0.00019588231
0.00020677811
0.0002212461
0.00023910663
0.00026011891
0.00028401806
0.00031057586
0.00033968148
0.00037146419
0.00040653722
0.00044659242
0.00049581709
0.00051911438
0.00018532742
0.00018861817
0.00019582942
0.00020673886
0.00022122343
0.0002391019
0.00026013162
0.00028404595
0.00031061513
0.00033972722
0.00037151091
0.00040657926
0.00044662437
0.00049583387
0.00051910896
0.00018526566
0.00018856081
0.00019578143
0.00020670428
0.00022120511
0.00023910109
0.00026014774
0.00028407664
0.00031065657
0.00033977454
0.00037155866
0.00040662191
0.00044665666
0.00049585094
0.00051910415
0.0001852088
0.00018850829
0.00019573815
0.00020667419
0.00022119095
0.00023910401
0.00026016706
0.00028410995
0.0003107
0.00033982325
0.00037160729
0.00040666504
0.00044668921
0.00049586822
0.00051909991
0.00018515668
0.00018846046
0.00019569941
0.0002066484
0.00022118076
0.00023911045
0.00026018939
0.00028414568
0.00031074526
0.00033987322
0.00037165668
0.00040670856
0.00044672194
0.00049588567
0.00051909622
0.00018510915
0.00018841715
0.00019566504
0.00020662673
0.00022117435
0.00023912024
0.00026021452
0.00028418364
0.00031079216
0.00033992427
0.00037170669
0.00040675236
0.00044675476
0.00049590323
0.00051909306
0.00018506605
0.00018837819
0.00019563487
0.00020660902
0.00022117153
0.00023913316
0.00026024227
0.00028422364
0.00031084054
0.00033997627
0.00037175719
0.00040679633
0.00044678761
0.00049592086
0.00051909038
0.00018502722
0.00018834344
0.00019560873
0.00020659507
0.00022117212
0.00023914905
0.00026027246
0.00028426552
0.00031089022
0.00034002906
0.00037180807
0.00040684038
0.0004468204
0.00049593849
0.00051908816
0.00018499251
0.00018831272
0.00019558646
0.00020658472
0.00022117595
0.00023916771
0.00026030491
0.0002843091
0.00031094106
0.00034008252
0.0003718592
0.00040688442
0.00044685306
0.00049595607
0.00051908637
0.00018496177
0.00018828591
0.00019556791
0.00020657782
0.00022118284
0.00023918898
0.00026033944
0.00028435422
0.00031099291
0.00034013649
0.00037191048
0.00040692836
0.00044688555
0.00049597358
0.00051908498
0.00018493488
0.00018826285
0.00019555293
0.0002065742
0.00022119264
0.00023921269
0.00026037589
0.00028440073
0.00031104562
0.00034019088
0.0003719618
0.00040697212
0.00044691779
0.00049599098
0.00051908397
0.0001849117
0.00018824341
0.00019554138
0.00020657372
0.00022120519
0.0002392387
0.00026041412
0.00028444848
0.00031109906
0.00034024556
0.00037201309
0.00040701564
0.00044694975
0.00049600824
0.00051908333
0.0001848921
0.00018822747
0.00019553312
0.00020657624
0.00022122035
0.00023926685
0.00026045399
0.00028449735
0.00031115314
0.00034030045
0.00037206427
0.00040705887
0.0004469814
0.00049602535
0.00051908302
0.00018487598
0.0001882149
0.00019552804
0.00020658163
0.000221238
0.00023929702
0.00026049537
0.00028454721
0.00031120773
0.00034035546
0.00037211527
0.00040710177
0.00044701272
0.0004960423
0.00051908305
0.00018486321
0.00018820559
0.00019552602
0.00020658977
0.000221258
0.00023932908
0.00026053814
0.00028459797
0.00031126276
0.00034041051
0.00037216605
0.0004071443
0.00044704369
0.00049605911
0.00051908339
0.0001848537
0.00018819944
0.00019552694
0.00020660055
0.00022128024
0.00023936293
0.0002605822
0.00028464952
0.00031131813
0.00034046555
0.00037221657
0.00040718646
0.00044707432
0.00049607577
0.00051908405
0.00018484733
0.00018819633
0.0001955307
0.00020661386
0.00022130462
0.00023939845
0.00026062746
0.00028470179
0.0003113738
0.00034052053
0.00037226679
0.00040722823
0.00044710462
0.00049609231
0.00051908502
0.00018484401
0.00018819617
0.0001955372
0.0002066296
0.00022133103
0.00023943555
0.00026067381
0.00028475469
0.00031142968
0.00034057541
0.00037231669
0.0004072696
0.00044713459
0.00049610875
0.0005190863
0.00018484363
0.00018819886
0.00019554632
0.00020664766
0.00022135937
0.00023947414
0.00026072118
0.00028480817
0.00031148574
0.00034063015
0.00037236627
0.00040731059
0.00044716427
0.00049612512
0.00051908789
0.00018484608
0.00018820428
0.00019555798
0.00020666794
0.00022138955
0.00023951413
0.00026076949
0.00028486214
0.00031154192
0.00034068473
0.00037241551
0.0004073512
0.00044719365
0.00049614144
0.0005190898
0.00018485127
0.00018821233
0.00019557206
0.00020669034
0.00022142147
0.00023955542
0.00026081866
0.00028491654
0.00031159816
0.0003407391
0.00037246439
0.00040739143
0.00044722277
0.00049615771
0.00051909203
0.00018485905
0.00018822289
0.00019558845
0.00020671476
0.00022145503
0.00023959792
0.0002608686
0.00028497132
0.00031165443
0.00034079324
0.0003725129
0.00040743128
0.00044725162
0.00049617397
0.00051909457
0.00018486933
0.00018823585
0.00019560703
0.00020674108
0.00022149012
0.00023964155
0.00026091924
0.00028502639
0.00031171066
0.00034084711
0.00037256102
0.00040747073
0.00044728021
0.0004961902
0.00051909742
0.00018488196
0.00018825107
0.00019562769
0.00020676917
0.00022152662
0.00023968618
0.00026097047
0.00028508167
0.0003117668
0.00034090066
0.00037260872
0.00040750978
0.00044730853
0.0004962064
0.00051910057
0.0001848968
0.00018826843
0.00019565028
0.00020679893
0.00022156443
0.00023973173
0.00026102222
0.0002851371
0.00031182278
0.00034095384
0.00037265595
0.00040754839
0.00044733655
0.00049622254
0.00051910401
0.00018491371
0.00018828777
0.00019567468
0.00020683021
0.00022160342
0.00023977806
0.00026107436
0.00028519257
0.00031187851
0.00034100659
0.00037270266
0.00040758652
0.00044736423
0.00049623859
0.00051910771
0.00018493254
0.00018830895
0.00019570073
0.00020686287
0.00022164345
0.00023982506
0.0002611268
0.00028524799
0.00031193391
0.00034105883
0.0003727488
0.00040762412
0.00044739154
0.00049625445
0.00051911166
0.00018495314
0.00018833181
0.00019572829
0.00020689678
0.0002216844
0.0002398726
0.0002611794
0.00028530325
0.0003119889
0.00034111048
0.00037279428
0.00040766111
0.00044741839
0.00049627003
0.00051911583
0.00018497533
0.0001883562
0.0001957572
0.00020693177
0.0002217261
0.00023992055
0.00026123205
0.00028535824
0.00031204337
0.00034116146
0.00037283904
0.00040769744
0.00044744472
0.00049628526
0.00051912016
0.00018499897
0.00018838197
0.00019578731
0.00020696771
0.00022176843
0.00023996877
0.00026128463
0.00028541284
0.00031209721
0.00034121167
0.00037288299
0.00040773301
0.00044747045
0.00049630009
0.00051912464
0.0001850239
0.00018840895
0.00019581846
0.00020700444
0.00022181124
0.00024001712
0.000261337
0.00028546695
0.00031215032
0.00034126101
0.00037292604
0.00040776775
0.00044749547
0.00049631446
0.0005191292
0.00018504998
0.000188437
0.00019585052
0.00020704182
0.00022185439
0.00024006548
0.00026138905
0.00028552044
0.00031220261
0.00034130939
0.0003729681
0.00040780158
0.00044751972
0.00049632833
0.00051913383
0.00018507707
0.00018846598
0.00019588334
0.00020707972
0.00022189775
0.00024011372
0.00026144066
0.00028557321
0.00031225397
0.00034135673
0.0003730091
0.00040783442
0.00044754313
0.00049634166
0.00051913848
0.00018510503
0.00018849576
0.00019591679
0.000207118
0.0002219412
0.00024016172
0.00026149172
0.00028562516
0.00031230431
0.00034140295
0.00037304897
0.0004078662
0.00044756566
0.00049635444
0.00051914312
0.00018513377
0.00018852624
0.00019595076
0.00020715656
0.00022198463
0.00024020938
0.00026154213
0.00028567622
0.00031235357
0.00034144799
0.00037308765
0.00040789689
0.00044758726
0.00049636665
0.00051914772
0.00018516318
0.00018855731
0.00019598516
0.0002071953
0.00022202794
0.00024025661
0.00026159182
0.0002857263
0.00031240167
0.00034149179
0.0003731251
0.00040792643
0.00044760792
0.00049637829
0.00051915228
0.00018519318
0.00018858888
0.00019601989
0.00020723413
0.00022207105
0.00024030335
0.00026164073
0.00028577535
0.00031244859
0.00034153432
0.00037316131
0.00040795482
0.00044762766
0.00049638936
0.00051915677
0.00018522371
0.0001886209
0.00019605488
0.00020727299
0.00022211391
0.00024034953
0.0002616888
0.00028582335
0.0003124943
0.00034157558
0.00037319626
0.00040798208
0.0004476465
0.00049639988
0.00051916119
0.00018525471
0.00018865331
0.0001960901
0.00020731183
0.00022215647
0.00024039512
0.00026173601
0.00028587027
0.00031253879
0.00034161557
0.00037322998
0.00040800822
0.00044766447
0.00049640988
0.00051916555
0.00018528617
0.00018868608
0.0001961255
0.00020735061
0.0002221987
0.00024044009
0.00026178235
0.00028591611
0.00031258207
0.00034165431
0.0003732625
0.00040803328
0.00044768163
0.00049641941
0.00051916983
0.00018531804
0.00018871918
0.00019616107
0.00020738932
0.00022224059
0.00024048445
0.00026182782
0.00028596089
0.00031262417
0.00034169184
0.00037329385
0.00040805734
0.00044769803
0.00049642851
0.00051917407
0.00018535033
0.0001887526
0.00019619678
0.00020742796
0.00022228213
0.0002405282
0.00026187244
0.00028600464
0.00031266514
0.00034172822
0.00037332409
0.00040808045
0.00044771374
0.00049643724
0.00051917827
0.00018538301
0.00018878633
0.00019623263
0.00020746651
0.00022232333
0.00024057134
0.00026191624
0.00028604739
0.00031270503
0.00034176348
0.00037335328
0.00040810269
0.00044772882
0.00049644565
0.00051918244
0.00018541609
0.00018882038
0.00019626863
0.00020750498
0.00022236421
0.00024061392
0.00026195924
0.0002860892
0.00031274387
0.00034179769
0.00037338149
0.00040812412
0.00044774335
0.0004964538
0.00051918662
0.00018544955
0.00018885472
0.00019630477
0.00020754339
0.00022240478
0.00024065595
0.00026200149
0.0002861301
0.00031278172
0.00034183088
0.00037340878
0.00040814483
0.00044775739
0.00049646175
0.00051919082
0.00018548338
0.00018888936
0.00019634106
0.00020758173
0.00022244506
0.00024069745
0.00026204302
0.00028617013
0.00031281862
0.00034186312
0.00037343523
0.00040816487
0.00044777099
0.00049646953
0.00051919505
0.00018551756
0.00018892428
0.00019637748
0.00020762001
0.00022248504
0.00024073844
0.00026208386
0.00028620933
0.0003128546
0.00034189446
0.00037346089
0.00040818429
0.00044778422
0.00049647718
0.00051919933
0.00018555207
0.00018895945
0.00019641401
0.00020765821
0.00022252474
0.00024077894
0.00026212401
0.00028624771
0.00031288969
0.00034192494
0.0003734858
0.00040820314
0.00044779711
0.00049648475
0.00051920368
0.00018558687
0.00018899485
0.00019645064
0.00020769633
0.00022256414
0.00024081894
0.0002621635
0.00028628528
0.00031292392
0.0003419546
0.00037350999
0.00040822146
0.00044780968
0.00049649223
0.00051920809
0.00018562189
0.00018903041
0.00019648731
0.00020773432
0.00022260323
0.00024085843
0.00026220229
0.00028632204
0.00031295731
0.00034198344
0.00037353349
0.00040823926
0.00044782196
0.00049649964
0.00051921258
0.00018565708
0.00018906609
0.00019652398
0.00020777215
0.00022264197
0.00024089738
0.00026224037
0.00028635799
0.00031298985
0.00034201149
0.0003735563
0.00040825655
0.00044783393
0.00049650697
0.00051921713
0.00018569236
0.00018910181
0.00019656058
0.00020780976
0.00022268031
0.00024093574
0.00026227772
0.00028639311
0.00031302153
0.00034203872
0.00037357841
0.00040827332
0.00044784559
0.0004965142
0.00051922174
0.00018572764
0.0001891375
0.00019659704
0.00020784708
0.00022271818
0.00024097347
0.0002623143
0.00028642737
0.00031305233
0.00034206513
0.00037359982
0.00040828954
0.00044785691
0.00049652131
0.00051922639
0.00018576283
0.00018917305
0.00019663328
0.00020788404
0.00022275553
0.00024101051
0.00026235006
0.00028646073
0.00031308223
0.00034209068
0.00037362049
0.0004083052
0.00044786787
0.00049652825
0.00051923106
0.00018579784
0.00018920838
0.00019666921
0.00020792055
0.00022279227
0.0002410468
0.00026238495
0.00028649316
0.00031311118
0.00034211534
0.00037364038
0.00040832024
0.00044787841
0.000496535
0.00051923574
0.00018583256
0.00018924339
0.00019670473
0.00020795652
0.00022282834
0.00024108228
0.00026241891
0.0002865246
0.00031313913
0.00034213908
0.00037365946
0.00040833464
0.0004478885
0.00049654149
0.00051924038
0.00018586688
0.00018927798
0.00019673974
0.00020799188
0.00022286366
0.00024111687
0.00026245189
0.000286555
0.00031316606
0.00034216184
0.00037367769
0.00040834835
0.00044789809
0.0004965477
0.00051924498
0.00018590073
0.00018931206
0.00019677417
0.00020802654
0.00022289814
0.00024115052
0.00026248384
0.00028658431
0.0003131919
0.00034218358
0.00037369502
0.00040836132
0.00044790714
0.00049655358
0.0005192495
0.00018593402
0.00018934554
0.00019680793
0.00020806043
0.00022293174
0.00024118316
0.00026251469
0.0002866125
0.00031321664
0.00034220428
0.00037371143
0.00040837353
0.00044791561
0.00049655909
0.00051925391
0.00018596666
0.00018937835
0.00019684096
0.00020809348
0.00022296439
0.00024121474
0.00026254441
0.00028663952
0.00031324022
0.00034222391
0.00037372688
0.00040838494
0.00044792348
0.00049656421
0.0005192582
0.00018599861
0.00018941044
0.00019687318
0.00020812564
0.00022299604
0.00024124524
0.00026257297
0.00028666535
0.00031326263
0.00034224244
0.00037374135
0.00040839553
0.00044793071
0.00049656892
0.00051926234
0.00018602982
0.00018944175
0.00019690456
0.00020815686
0.00022302665
0.0002412746
0.00026260033
0.00028668996
0.00031328386
0.00034225986
0.00037375485
0.00040840531
0.00044793731
0.0004965732
0.00051926633
0.00018606024
0.00018947225
0.00019693507
0.00020818711
0.0002230562
0.00024130282
0.0002626265
0.00028671336
0.0003133039
0.00034227618
0.00037376736
0.00040841426
0.00044794328
0.00049657706
0.00051927015
0.00018608988
0.00018950193
0.00019696468
0.00020821639
0.00022308468
0.00024132989
0.00026265146
0.00028673555
0.00031332278
0.00034229142
0.00037377892
0.00040842241
0.00044794862
0.00049658051
0.00051927379
0.00018611872
0.00018953077
0.0001969934
0.00020824469
0.0002231121
0.00024135582
0.00026267525
0.00028675655
0.00031334051
0.0003423056
0.00037378954
0.00040842979
0.00044795338
0.00049658357
0.00051927726
0.00018614678
0.0001895588
0.00019702123
0.00020827202
0.00022313847
0.00024138064
0.00026269787
0.0002867764
0.00031335712
0.00034231875
0.00037379927
0.00040843643
0.00044795758
0.00049658626
0.00051928057
0.00018617407
0.00018958602
0.0001970482
0.00020829841
0.00022316381
0.00024140436
0.00026271937
0.00028679512
0.00031337267
0.00034233093
0.00037380815
0.00040844239
0.00044796126
0.00049658863
0.00051928371
0.00018620062
0.00018961246
0.00019707432
0.00020832388
0.00022318816
0.00024142703
0.00026273979
0.00028681278
0.00031338719
0.00034234218
0.00037381625
0.00040844771
0.00044796448
0.00049659072
0.00051928671
0.00018622646
0.00018963817
0.00019709965
0.00020834848
0.00022321156
0.0002414487
0.00026275918
0.00028682941
0.00031340076
0.00034235258
0.00037382361
0.00040845245
0.00044796729
0.00049659256
0.00051928958
0.00018625164
0.00018966317
0.00019712421
0.00020837224
0.00022323406
0.00024146942
0.00026277759
0.0002868451
0.00031341343
0.00034236217
0.0003738303
0.00040845668
0.00044796974
0.00049659421
0.00051929234
0.00018627619
0.00018968751
0.00019714805
0.00020839521
0.0002232557
0.00024148923
0.00026279509
0.00028685988
0.00031342527
0.00034237103
0.00037383639
0.00040846045
0.00044797189
0.00049659569
0.00051929501
0.00018630015
0.00018971122
0.00019717121
0.00020841743
0.00022327654
0.0002415082
0.00026281172
0.00028687383
0.00031343633
0.00034237921
0.00037384193
0.00040846381
0.00044797379
0.00049659706
0.00051929759
0.00018632354
0.00018973434
0.00019719372
0.00020843895
0.00022329662
0.00024152636
0.00026282755
0.00028688699
0.00031344667
0.00034238677
0.00037384697
0.00040846683
0.00044797548
0.00049659834
0.00051930012
0.0001863464
0.0001897569
0.00019721562
0.0002084598
0.00022331598
0.00024154377
0.00026284261
0.00028689942
0.00031345635
0.00034239376
0.00037385157
0.00040846953
0.000447977
0.00049659956
0.00051930259
0.00018636874
0.00018977892
0.00019723694
0.00020848002
0.00022333465
0.00024156047
0.00026285696
0.00028691117
0.0003134654
0.00034240023
0.00037385577
0.00040847197
0.00044797837
0.00049660074
0.00051930503
0.00018639057
0.00018980041
0.00019725769
0.00020849962
0.00022335267
0.00024157649
0.00026287063
0.00028692226
0.00031347387
0.00034240621
0.0003738596
0.00040847416
0.00044797962
0.00049660189
0.00051930743
0.00018641191
0.00018982138
0.00019727789
0.00020851863
0.00022337006
0.00024159185
0.00026288365
0.00028693274
0.00031348179
0.00034241174
0.00037386308
0.00040847613
0.00044798076
0.00049660303
0.00051930982
0.00018643274
0.00018984184
0.00019729754
0.00020853706
0.00022338683
0.00024160658
0.00026289604
0.00028694263
0.00031348919
0.00034241683
0.00037386623
0.00040847789
0.0004479818
0.00049660414
0.00051931217
0.00018645307
0.00018986177
0.00019731665
0.0002085549
0.00022340299
0.00024162069
0.00026290781
0.00028695194
0.00031349607
0.00034242149
0.00037386906
0.00040847943
0.00044798273
0.00049660522
0.00051931451
0.00018647287
0.00018988117
0.0001973352
0.00020857216
0.00022341855
0.00024163417
0.00026291898
0.00028696068
0.00031350244
0.00034242573
0.00037387157
0.00040848076
0.00044798354
0.00049660625
0.00051931681
0.00018649213
0.00018990002
0.00019735317
0.00020858883
0.00022343349
0.00024164704
0.00026292954
0.00028696886
0.00031350831
0.00034242955
0.00037387376
0.00040848186
0.00044798422
0.00049660722
0.00051931907
0.00018651081
0.0001899183
0.00019737057
0.00020860489
0.00022344781
0.00024165929
0.0002629395
0.00028697647
0.00031351368
0.00034243295
0.00037387561
0.00040848273
0.00044798475
0.00049660811
0.00051932129
0.00018652891
0.00018993598
0.00019738735
0.00020862033
0.0002234615
0.00024167091
0.00026294885
0.00028698351
0.00031351854
0.00034243592
0.00037387713
0.00040848335
0.00044798511
0.00049660891
0.00051932345
0.0001865464
0.00018995305
0.00019740352
0.00020863514
0.00022347454
0.00024168188
0.00026295758
0.00028698998
0.00031352288
0.00034243845
0.00037387829
0.0004084837
0.00044798529
0.00049660958
0.00051932554
0.00018656324
0.00018996948
0.00019741904
0.00020864929
0.00022348694
0.00024169222
0.00026296569
0.00028699586
0.00031352671
0.00034244053
0.00037387909
0.00040848378
0.00044798526
0.00049661011
0.00051932756
0.00018657944
0.00018998526
0.0001974339
0.00020866278
0.00022349867
0.0002417019
0.00026297318
0.00028700117
0.00031353002
0.00034244217
0.00037387952
0.00040848356
0.00044798502
0.0004966105
0.00051932949
0.00018659495
0.00019000036
0.00019744808
0.0002086756
0.00022350972
0.00024171092
0.00026298003
0.00028700589
0.0003135328
0.00034244335
0.00037387957
0.00040848304
0.00044798455
0.00049661072
0.00051933132
0.00018660979
0.00019001478
0.00019746159
0.00020868773
0.0002235201
0.00024171928
0.00026298626
0.00028701002
0.00031353505
0.00034244409
0.00037387925
0.00040848223
0.00044798385
0.00049661077
0.00051933305
0.00018662394
0.00019002852
0.0001974744
0.00020869918
0.00022352981
0.00024172698
0.00026299186
0.00028701359
0.0003135368
0.00034244437
0.00037387856
0.00040848111
0.00044798292
0.00049661066
0.00051933467
0.00018663739
0.00019004156
0.00019748653
0.00020870994
0.00022353884
0.00024173404
0.00026299685
0.00028701659
0.00031353804
0.00034244423
0.0003738775
0.00040847971
0.00044798176
0.00049661038
0.00051933619
0.00018665016
0.00019005392
0.00019749798
0.00020872003
0.00022354721
0.00024174046
0.00026300124
0.00028701904
0.00031353879
0.00034244366
0.00037387611
0.00040847803
0.00044798039
0.00049660993
0.00051933759
0.00018666225
0.0001900656
0.00019750875
0.00020872946
0.00022355494
0.00024174626
0.00026300505
0.00028702096
0.00031353908
0.0003424427
0.00037387438
0.00040847608
0.00044797882
0.00049660935
0.00051933889
0.00018667368
0.00019007662
0.00019751887
0.00020873823
0.00022356203
0.00024175146
0.0002630083
0.00028702237
0.00031353893
0.00034244137
0.00037387235
0.0004084739
0.00044797707
0.00049660863
0.00051934008
0.00018668447
0.000190087
0.00019752834
0.00020874638
0.00022356852
0.00024175608
0.00026301102
0.00028702331
0.00031353836
0.00034243969
0.00037387004
0.00040847151
0.00044797516
0.00049660779
0.00051934118
0.00018669462
0.00019009675
0.0001975372
0.00020875392
0.00022357442
0.00024176016
0.00026301324
0.0002870238
0.00031353741
0.00034243769
0.00037386748
0.00040846893
0.00044797311
0.00049660686
0.00051934218
0.00018670417
0.00019010589
0.00019754546
0.00020876089
0.00022357977
0.00024176371
0.00026301498
0.00028702387
0.0003135361
0.00034243541
0.00037386471
0.00040846619
0.00044797095
0.00049660586
0.0005193431
0.00018671314
0.00019011446
0.00019755314
0.00020876729
0.00022358459
0.00024176677
0.00026301627
0.00028702356
0.00031353447
0.00034243287
0.00037386174
0.00040846332
0.00044796871
0.0004966048
0.00051934395
0.00018672155
0.00019012247
0.00019756028
0.00020877317
0.0002235889
0.00024176937
0.00026301715
0.00028702289
0.00031353255
0.00034243011
0.00037385862
0.00040846034
0.00044796641
0.0004966037
0.00051934473
0.00018672943
0.00019012994
0.0001975669
0.00020877854
0.00022359274
0.00024177153
0.00026301765
0.00028702189
0.00031353037
0.00034242715
0.00037385536
0.00040845729
0.00044796407
0.00049660257
0.00051934545
0.00018673678
0.00019013691
0.00019757302
0.00020878343
0.00022359613
0.00024177328
0.00026301779
0.0002870206
0.00031352795
0.00034242402
0.00037385198
0.00040845417
0.0004479617
0.00049660144
0.00051934612
0.00018674365
0.00019014338
0.00019757865
0.00020878786
0.00022359909
0.00024177465
0.00026301759
0.00028701903
0.00031352532
0.00034242074
0.00037384852
0.00040845101
0.00044795932
0.0004966003
0.00051934675
0.00018675003
0.00019014938
0.00019758383
0.00020879186
0.00022360165
0.00024177565
0.00026301708
0.0002870172
0.0003135225
0.00034241733
0.00037384498
0.00040844781
0.00044795694
0.00049659917
0.00051934733
0.00018675595
0.00019015492
0.00019758856
0.00020879543
0.00022360382
0.00024177631
0.00026301629
0.00028701514
0.0003135195
0.0003424138
0.00037384138
0.0004084446
0.00044795456
0.00049659805
0.00051934788
0.00018676143
0.00019016003
0.00019759287
0.00020879861
0.00022360562
0.00024177665
0.00026301521
0.00028701286
0.00031351634
0.00034241017
0.00037383772
0.00040844138
0.00044795219
0.00049659694
0.00051934838
0.00018676648
0.00019016471
0.00019759677
0.00020880139
0.00022360707
0.00024177667
0.00026301387
0.00028701038
0.00031351303
0.00034240644
0.00037383402
0.00040843814
0.00044794984
0.00049659584
0.00051934886
0.00018677111
0.00019016897
0.00019760027
0.0002088038
0.00022360818
0.00024177639
0.00026301229
0.0002870077
0.00031350958
0.00034240262
0.00037383027
0.00040843489
0.00044794748
0.00049659474
0.0005193493
0.00018677533
0.00019017284
0.00019760339
0.00020880586
0.00022360896
0.00024177583
0.00026301046
0.00028700483
0.000313506
0.00034239872
0.00037382647
0.00040843162
0.00044794513
0.00049659363
0.0005193497
0.00018677916
0.00019017632
0.00019760613
0.00020880756
0.00022360942
0.00024177499
0.0002630084
0.00028700177
0.00031350228
0.00034239473
0.00037382263
0.00040842833
0.00044794277
0.00049659251
0.00051935007
0.0001867826
0.00019017943
0.00019760851
0.00020880892
0.00022360957
0.00024177387
0.00026300612
0.00028699854
0.00031349843
0.00034239065
0.00037381874
0.00040842503
0.0004479404
0.00049659138
0.00051935039
0.00018678569
0.00019018217
0.00019761055
0.00020880995
0.00022360942
0.0002417725
0.00026300362
0.00028699515
0.00031349446
0.0003423865
0.00037381479
0.00040842169
0.00044793801
0.00049659022
0.00051935067
0.00018678841
0.00019018456
0.00019761225
0.00020881067
0.000223609
0.00024177089
0.00026300092
0.00028699159
0.00031349037
0.00034238226
0.0003738108
0.00040841832
0.0004479356
0.00049658904
0.00051935091
0.0001867908
0.00019018663
0.00019761362
0.0002088111
0.0002236083
0.00024176903
0.00026299802
0.00028698788
0.00031348617
0.00034237794
0.00037380676
0.00040841492
0.00044793316
0.00049658782
0.0005193511
0.00018679287
0.00019018837
0.0001976147
0.00020881123
0.00022360734
0.00024176695
0.00026299493
0.00028698402
0.00031348186
0.00034237355
0.00037380268
0.00040841149
0.0004479307
0.00049658657
0.00051935125
0.00018679464
0.00019018982
0.00019761548
0.0002088111
0.00022360614
0.00024176467
0.00026299168
0.00028698003
0.00031347746
0.0003423691
0.00037379855
0.00040840804
0.00044792821
0.00049658529
0.00051935135
0.00018679612
0.00019019099
0.000197616
0.00020881072
0.00022360471
0.00024176219
0.00026298827
0.00028697592
0.00031347297
0.00034236459
0.00037379438
0.00040840456
0.0004479257
0.00049658398
0.00051935141
0.00018679733
0.00019019189
0.00019761626
0.0002088101
0.00022360308
0.00024175954
0.00026298471
0.0002869717
0.00031346841
0.00034236004
0.0003737902
0.00040840107
0.00044792318
0.00049658265
0.00051935143
0.00018679829
0.00019019255
0.0001976163
0.00020880927
0.00022360126
0.00024175673
0.00026298104
0.0002869674
0.00031346379
0.00034235546
0.000373786
0.00040839757
0.00044792065
0.00049658131
0.00051935141
0.00018679902
0.00019019298
0.00019761611
0.00020880825
0.00022359928
0.00024175378
0.00026297726
0.00028696303
0.00031345913
0.00034235086
0.0003737818
0.00040839408
0.00044791813
0.00049657996
0.00051935135
0.00018679954
0.0001901932
0.00019761573
0.00020880705
0.00022359714
0.00024175071
0.00026297339
0.0002869586
0.00031345445
0.00034234626
0.00037377762
0.00040839062
0.00044791562
0.00049657861
0.00051935126
0.00018679986
0.00019019323
0.00019761518
0.00020880569
0.00022359487
0.00024174754
0.00026296946
0.00028695414
0.00031344976
0.00034234167
0.00037377346
0.00040838718
0.00044791315
0.00049657727
0.00051935115
0.00018679999
0.00019019308
0.00019761445
0.00020880419
0.00022359248
0.00024174429
0.00026296548
0.00028694966
0.00031344508
0.00034233712
0.00037376935
0.0004083838
0.00044791071
0.00049657595
0.00051935102
0.00018679995
0.00019019277
0.00019761358
0.00020880255
0.00022359
0.00024174097
0.00026296146
0.00028694517
0.00031344042
0.00034233261
0.0003737653
0.00040838047
0.00044790832
0.00049657466
0.00051935087
0.00018679974
0.0001901923
0.00019761257
0.00020880081
0.00022358742
0.00024173759
0.00026295742
0.0002869407
0.00031343581
0.00034232816
0.00037376131
0.00040837721
0.000447906
0.00049657341
0.00051935071
0.00018679937
0.00019019167
0.00019761142
0.00020879895
0.00022358477
0.00024173418
0.00026295338
0.00028693625
0.00031343124
0.00034232377
0.0003737574
0.00040837403
0.00044790374
0.0004965722
0.00051935054
0.00018679885
0.0001901909
0.00019761014
0.000208797
0.00022358206
0.00024173073
0.00026294933
0.00028693184
0.00031342673
0.00034231947
0.00037375358
0.00040837093
0.00044790154
0.00049657104
0.00051935036
0.00018679816
0.00019018998
0.00019760874
0.00020879495
0.00022357928
0.00024172725
0.00026294529
0.00028692746
0.00031342228
0.00034231524
0.00037374985
0.00040836792
0.00044789943
0.00049656992
0.00051935018
0.00018679732
0.00019018892
0.00019760722
0.0002087928
0.00022357644
0.00024172375
0.00026294127
0.00028692313
0.0003134179
0.0003423111
0.0003737462
0.000408365
0.00044789738
0.00049656885
0.00051935
0.00018679632
0.00019018771
0.00019760557
0.00020879056
0.00022357354
0.00024172023
0.00026293726
0.00028691884
0.0003134136
0.00034230704
0.00037374265
0.00040836216
0.00044789541
0.00049656781
0.00051934981
0.00018679516
0.00019018634
0.0001976038
0.00020878822
0.00022357058
0.00024171668
0.00026293326
0.00028691459
0.00031340935
0.00034230306
0.00037373919
0.0004083594
0.0004478935
0.00049656682
0.00051934961
0.00018679382
0.00019018483
0.00019760189
0.00020878579
0.00022356755
0.00024171311
0.00026292927
0.00028691038
0.00031340517
0.00034229917
0.0003737358
0.00040835672
0.00044789165
0.00049656585
0.00051934941
0.00018679232
0.00019018315
0.00019759985
0.00020878325
0.00022356446
0.00024170951
0.00026292528
0.00028690621
0.00031340105
0.00034229534
0.00037373249
0.00040835411
0.00044788984
0.00049656491
0.0005193492
0.00018679064
0.00019018132
0.00019759767
0.0002087806
0.0002235613
0.00024170587
0.00026292129
0.00028690207
0.00031339698
0.00034229157
0.00037372925
0.00040835155
0.00044788808
0.00049656399
0.00051934897
0.00018678879
0.00019017932
0.00019759535
0.00020877784
0.00022355806
0.00024170219
0.0002629173
0.00028689795
0.00031339295
0.00034228787
0.00037372606
0.00040834904
0.00044788636
0.00049656306
0.00051934873
0.00018678677
0.00019017716
0.00019759289
0.00020877497
0.00022355474
0.00024169847
0.0002629133
0.00028689384
0.00031338896
0.00034228421
0.00037372292
0.00040834658
0.00044788465
0.00049656213
0.00051934847
0.00018678458
0.00019017484
0.00019759029
0.00020877199
0.00022355135
0.0002416947
0.00026290928
0.00028688975
0.000313385
0.00034228059
0.00037371982
0.00040834414
0.00044788295
0.00049656118
0.00051934819
0.00018678223
0.00019017237
0.00019758756
0.0002087689
0.00022354787
0.00024169089
0.00026290525
0.00028688567
0.00031338107
0.000342277
0.00037371676
0.00040834173
0.00044788126
0.0004965602
0.00051934788
0.00018677973
0.00019016975
0.0001975847
0.00020876571
0.00022354433
0.00024168703
0.0002629012
0.0002868816
0.00031337716
0.00034227345
0.00037371373
0.00040833934
0.00044787956
0.00049655919
0.00051934754
0.00018677709
0.00019016701
0.00019758172
0.00020876242
0.00022354071
0.00024168314
0.00026289714
0.00028687753
0.00031337328
0.00034226992
0.00037371072
0.00040833696
0.00044787784
0.00049655816
0.00051934717
0.00018677432
0.00019016414
0.00019757864
0.00020875905
0.00022353703
0.00024167921
0.00026289307
0.00028687347
0.00031336942
0.00034226643
0.00037370774
0.00040833458
0.00044787612
0.0004965571
0.00051934678
0.00018677146
0.00019016118
0.00019757547
0.00020875561
0.00022353331
0.00024167525
0.00026288899
0.00028686944
0.00031336559
0.00034226297
0.00037370479
0.00040833222
0.0004478744
0.00049655602
0.00051934636
0.00018676851
0.00019015813
0.00019757223
0.00020875211
0.00022352955
0.00024167129
0.00026288493
0.00028686543
0.00031336179
0.00034225955
0.00037370187
0.00040832988
0.00044787268
0.00049655493
0.00051934592
0.0001867655
0.00019015503
0.00019756894
0.00020874858
0.00022352577
0.00024166732
0.00026288089
0.00028686145
0.00031335804
0.00034225618
0.00037369899
0.00040832758
0.00044787098
0.00049655384
0.00051934546
0.00018676245
0.00019015189
0.00019756562
0.00020874503
0.00022352199
0.00024166338
0.00026287688
0.00028685752
0.00031335435
0.00034225287
0.00037369616
0.00040832531
0.00044786931
0.00049655277
0.00051934498
0.00018675939
0.00019014873
0.00019756229
0.00020874148
0.00022351823
0.00024165946
0.00026287292
0.00028685365
0.00031335072
0.00034224962
0.0003736934
0.00040832309
0.00044786768
0.00049655172
0.0005193445
0.00018675633
0.00019014558
0.00019755896
0.00020873795
0.0002235145
0.0002416556
0.00026286902
0.00028684986
0.00031334718
0.00034224645
0.00037369071
0.00040832095
0.0004478661
0.00049655072
0.00051934402
0.00018675329
0.00019014246
0.00019755567
0.00020873446
0.00022351083
0.0002416518
0.0002628652
0.00028684616
0.00031334373
0.00034224337
0.0003736881
0.00040831888
0.0004478646
0.00049654977
0.00051934355
0.00018675029
0.00019013937
0.00019755243
0.00020873103
0.00022350722
0.00024164808
0.00026286148
0.00028684256
0.00031334038
0.0003422404
0.00037368561
0.00040831691
0.00044786318
0.00049654888
0.00051934308
0.00018674735
0.00019013634
0.00019754925
0.00020872766
0.0002235037
0.00024164446
0.00026285786
0.00028683907
0.00031333716
0.00034223755
0.00037368322
0.00040831505
0.00044786185
0.00049654806
0.00051934264
0.00018674447
0.00019013338
0.00019754614
0.00020872439
0.00022350027
0.00024164094
0.00026285436
0.00028683571
0.00031333406
0.00034223483
0.00037368096
0.0004083133
0.00044786062
0.00049654733
0.00051934222
0.00018674167
0.0001901305
0.00019754311
0.0002087212
0.00022349694
0.00024163755
0.00026285099
0.00028683249
0.0003133311
0.00034223225
0.00037367884
0.00040831168
0.0004478595
0.00049654668
0.00051934182
0.00018673894
0.00019012769
0.00019754017
0.00020871811
0.00022349373
0.00024163427
0.00026284775
0.0002868294
0.00031332829
0.00034222981
0.00037367684
0.00040831018
0.00044785849
0.00049654611
0.00051934145
0.00018673628
0.00019012496
0.00019753733
0.00020871513
0.00022349063
0.00024163112
0.00026284466
0.00028682646
0.00031332562
0.00034222751
0.00037367499
0.0004083088
0.00044785758
0.00049654563
0.00051934112
0.0001867337
0.00019012232
0.00019753456
0.00020871224
0.00022348765
0.0002416281
0.00026284169
0.00028682366
0.00031332309
0.00034222535
0.00037367327
0.00040830755
0.00044785679
0.00049654522
0.00051934081
0.00018673118
0.00019011974
0.00019753188
0.00020870945
0.00022348477
0.0002416252
0.00026283886
0.00028682101
0.00031332071
0.00034222334
0.00037367168
0.00040830641
0.00044785608
0.00049654489
0.00051934053
0.00018672871
0.00019011722
0.00019752928
0.00020870674
0.000223482
0.00024162242
0.00026283616
0.00028681848
0.00031331846
0.00034222145
0.00037367021
0.00040830538
0.00044785546
0.00049654461
0.00051934028
0.00018672629
0.00019011475
0.00019752673
0.00020870412
0.00022347932
0.00024161975
0.00026283357
0.00028681607
0.00031331633
0.00034221967
0.00037366884
0.00040830443
0.00044785491
0.00049654437
0.00051934004
0.00018672391
0.00019011234
0.00019752426
0.00020870158
0.00022347674
0.00024161718
0.0002628311
0.00028681379
0.00031331432
0.000342218
0.00037366756
0.00040830356
0.00044785442
0.00049654418
0.00051933982
)
;

boundaryField
{
    water_inlet
    {
        type            turbulentIntensityKineticEnergyInlet;
        intensity       0.05;
        value           uniform 0.000234375;
    }
    water_outlet
    {
        type            inletOutlet;
        inletValue      uniform 0.0001;
        value           nonuniform List<scalar> 
15
(
0.00018672391
0.00019011234
0.00019752426
0.00020870158
0.00022347674
0.00024161718
0.0002628311
0.00028681379
0.00031331432
0.000342218
0.00037366756
0.00040830356
0.00044785442
0.00049654418
0.00051933982
)
;
    }
    water_wedge1
    {
        type            wedge;
    }
    water_wedge2
    {
        type            wedge;
    }
    water_to_rock
    {
        type            kqRWallFunction;
        value           nonuniform List<scalar> 
400
(
0.00033298785
0.00042108833
0.0004915993
0.00054314021
0.00057747636
0.00059772639
0.00060724748
0.00060905754
0.0006056161
0.00059880682
0.00059001308
0.00058022149
0.00057012062
0.0005601824
0.0005507241
0.00054195294
0.00053399692
0.00052692519
0.00052076146
0.00051549302
0.00051107779
0.00050745065
0.00050453001
0.00050222457
0.00050043991
0.00049908424
0.00049807291
0.00049733132
0.00049679626
0.00049641599
0.00049614946
0.00049596497
0.00049583865
0.00049575298
0.00049569544
0.0004956574
0.00049563313
0.00049561908
0.00049561324
0.00049561471
0.00049562332
0.00049563933
0.00049566327
0.00049569579
0.00049573755
0.00049578915
0.00049585112
0.00049592389
0.00049600778
0.00049610301
0.00049620968
0.00049632782
0.00049645738
0.00049659824
0.00049675024
0.00049691314
0.00049708671
0.00049727064
0.00049746465
0.00049766841
0.00049788159
0.00049810386
0.00049833478
0.00049857391
0.00049882071
0.00049907467
0.0004993353
0.00049960217
0.00049987495
0.00050015336
0.00050043718
0.00050072626
0.00050102047
0.0005013196
0.00050162344
0.00050193179
0.00050224443
0.00050256119
0.00050288185
0.00050320621
0.00050353407
0.00050386521
0.00050419944
0.00050453655
0.00050487635
0.00050521864
0.00050556322
0.00050590989
0.00050625847
0.00050660875
0.00050696055
0.00050731369
0.00050766797
0.00050802321
0.00050837921
0.00050873581
0.00050909279
0.00050944999
0.00050980721
0.00051016426
0.00051052094
0.00051087705
0.0005112324
0.00051158678
0.00051193996
0.00051229173
0.00051264185
0.00051299009
0.0005133362
0.0005136799
0.00051402094
0.00051435902
0.00051469386
0.00051502513
0.00051535253
0.00051567572
0.00051599437
0.00051630812
0.00051661663
0.00051691955
0.0005172165
0.00051750713
0.0005177911
0.00051806806
0.00051833766
0.00051859959
0.00051885354
0.00051909923
0.00051933638
0.00051956475
0.00051978414
0.00051999434
0.00052019521
0.00052038661
0.00052056846
0.00052074068
0.00052090325
0.00052105616
0.00052119945
0.00052133317
0.00052145742
0.00052157231
0.00052167798
0.0005217746
0.00052186235
0.00052194145
0.00052201211
0.00052207458
0.00052212911
0.00052217597
0.00052221544
0.00052224778
0.00052227331
0.0005222923
0.00052230505
0.00052231187
0.00052231305
0.00052230888
0.00052229966
0.00052228568
0.00052226723
0.00052224457
0.00052221799
0.00052218776
0.00052215413
0.00052211737
0.0005220777
0.00052203538
0.00052199062
0.00052194364
0.0005218946
0.00052184368
0.00052179101
0.00052173676
0.00052168111
0.00052162423
0.00052156632
0.00052150753
0.00052144804
0.00052138801
0.00052132757
0.00052126688
0.00052120605
0.00052114521
0.00052108448
0.00052102396
0.00052096374
0.00052090392
0.00052084458
0.00052078581
0.00052072766
0.00052067022
0.00052061354
0.00052055766
0.00052050266
0.00052044856
0.00052039542
0.00052034326
0.00052029212
0.00052024203
0.00052019302
0.0005201451
0.0005200983
0.00052005263
0.0005200081
0.00051996474
0.00051992254
0.00051988152
0.00051984167
0.00051980301
0.00051976553
0.00051972923
0.0005196941
0.00051966015
0.00051962736
0.00051959572
0.00051956523
0.00051953587
0.00051950764
0.0005194805
0.00051945446
0.00051942948
0.00051940557
0.00051938269
0.00051936084
0.00051933998
0.00051932011
0.0005193012
0.00051928324
0.0005192662
0.00051925007
0.00051923483
0.00051922045
0.00051920693
0.00051919423
0.00051918235
0.00051917127
0.00051916096
0.00051915141
0.0005191426
0.00051913452
0.00051912713
0.00051912043
0.00051911438
0.00051910896
0.00051910415
0.00051909991
0.00051909622
0.00051909306
0.00051909038
0.00051908816
0.00051908637
0.00051908498
0.00051908397
0.00051908333
0.00051908302
0.00051908305
0.00051908339
0.00051908405
0.00051908502
0.0005190863
0.00051908789
0.0005190898
0.00051909203
0.00051909457
0.00051909742
0.00051910057
0.00051910401
0.00051910771
0.00051911166
0.00051911583
0.00051912016
0.00051912464
0.0005191292
0.00051913383
0.00051913848
0.00051914312
0.00051914772
0.00051915228
0.00051915677
0.00051916119
0.00051916555
0.00051916983
0.00051917407
0.00051917827
0.00051918244
0.00051918662
0.00051919082
0.00051919505
0.00051919933
0.00051920368
0.00051920809
0.00051921258
0.00051921713
0.00051922174
0.00051922639
0.00051923106
0.00051923574
0.00051924038
0.00051924498
0.0005192495
0.00051925391
0.0005192582
0.00051926234
0.00051926633
0.00051927015
0.00051927379
0.00051927726
0.00051928057
0.00051928371
0.00051928671
0.00051928958
0.00051929234
0.00051929501
0.00051929759
0.00051930012
0.00051930259
0.00051930503
0.00051930743
0.00051930982
0.00051931217
0.00051931451
0.00051931681
0.00051931907
0.00051932129
0.00051932345
0.00051932554
0.00051932756
0.00051932949
0.00051933132
0.00051933305
0.00051933467
0.00051933619
0.00051933759
0.00051933889
0.00051934008
0.00051934118
0.00051934218
0.0005193431
0.00051934395
0.00051934473
0.00051934545
0.00051934612
0.00051934675
0.00051934733
0.00051934788
0.00051934838
0.00051934886
0.0005193493
0.0005193497
0.00051935007
0.00051935039
0.00051935067
0.00051935091
0.0005193511
0.00051935125
0.00051935135
0.00051935141
0.00051935143
0.00051935141
0.00051935135
0.00051935126
0.00051935115
0.00051935102
0.00051935087
0.00051935071
0.00051935054
0.00051935036
0.00051935018
0.00051935
0.00051934981
0.00051934961
0.00051934941
0.0005193492
0.00051934897
0.00051934873
0.00051934847
0.00051934819
0.00051934788
0.00051934754
0.00051934717
0.00051934678
0.00051934636
0.00051934592
0.00051934546
0.00051934498
0.0005193445
0.00051934402
0.00051934355
0.00051934308
0.00051934264
0.00051934222
0.00051934182
0.00051934145
0.00051934112
0.00051934081
0.00051934053
0.00051934028
0.00051934004
0.00051933982
)
;
    }
}


// ************************************************************************* //
