/*--------------------------------*- C++ -*----------------------------------*\
| =========                 |                                                 |
| \\      /  F ield         | OpenFOAM: The Open Source CFD Toolbox           |
|  \\    /   O peration     | Version:  2506                                  |
|   \\  /    A nd           | Website:  www.openfoam.com                      |
|    \\/     M anipulation  |                                                 |
\*---------------------------------------------------------------------------*/
FoamFile
{
    version     2.0;
    format      ascii;
    arch        "LSB;label=32;scalar=64";
    class       surfaceScalarField;
    location    "1000/water";
    object      phi;
}
// * * * * * * * * * * * * * * * * * * * * * * * * * * * * * * * * * * * * * //

dimensions      [1 0 -1 0 0 0 0];

oriented        oriented;

internalField   nonuniform List<scalar> 
1890
(
-4.1736245e-05
0.0022168351
-0.00015753622
0.0059586937
-0.00032930668
0.0087985477
-0.00054203242
0.010900937
-0.00078239503
0.012402155
-0.0010351825
0.013412336
-0.0012746193
0.014013996
-0.0014359745
0.014245356
-0.001284859
0.0140006
0.012745539
-3.1455819e-05
0.0022482909
-0.00011269721
0.0060399351
-0.00023219385
0.0089180443
-0.00037999421
0.011048737
-0.00054594254
0.012568103
-0.00071649901
0.013582893
-0.00086674514
0.014164242
-0.0009336196
0.01431223
-0.00073394519
0.013800926
0.012011594
-2.9138818e-05
0.0022774298
-0.00010672992
0.0061175262
-0.00022105536
0.0090323697
-0.0003616032
0.011189285
-0.00051700132
0.012723501
-0.00067116219
0.013737054
-0.00079396158
0.014287042
-0.00081139744
0.014329666
-0.00056729903
0.013556828
0.011444295
-2.7339933e-05
0.0023047697
-0.00010102595
0.0061912122
-0.00020924232
0.0091405861
-0.00034097887
0.011321022
-0.00048374647
0.012866269
-0.00061911439
0.013872422
-0.00071088076
0.014378808
-0.00067659761
0.014295383
-0.00042026002
0.01330049
0.011024035
-2.5625236e-05
0.0023303949
-9.4386152e-05
0.0062599731
-0.00019506691
0.0092412668
-0.00031669858
0.011442653
-0.0004458948
0.012995465
-0.00056132329
0.01398785
-0.00061882617
0.014436311
-0.00053651123
0.014213068
-0.00029565431
0.013059633
0.01072838
-2.4159499e-05
0.0023545544
-8.879952e-05
0.0063246131
-0.00018306052
0.0093355278
-0.00029574177
0.011555335
-0.00041210895
0.013111832
-0.00050662324
0.014082364
-0.00052703682
0.014456725
-0.00040878546
0.014094817
-0.00020043376
0.012851281
0.010527947
-2.296549e-05
0.0023775199
-8.4333494e-05
0.0063859811
-0.00017335349
0.0094245478
-0.00027826879
0.01166025
-0.00038232734
0.013215891
-0.00045437958
0.014154417
-0.00043820661
0.014440552
-0.00030321796
0.013959828
-0.00013378948
0.012681853
0.010394157
-2.2023842e-05
0.0023995437
-8.0769797e-05
0.006444727
-0.00016540581
0.0095091838
-0.00026327218
0.011758116
-0.00035472736
0.013307346
-0.00040244445
0.014202134
-0.00035545996
0.014393567
-0.00022237031
0.013826738
-8.9856099e-05
0.012549338
0.010304301
-2.1260566e-05
0.0024208043
-7.7812603e-05
0.006501279
-0.00015855237
0.0095899235
-0.0002494855
0.011849049
-0.00032712284
0.013384983
-0.00034954665
0.014224557
-0.00028212986
0.01432615
-0.00016300299
0.013707611
-6.1426582e-05
0.012447762
0.010242875
-2.0607142e-05
0.0024414114
-7.5216636e-05
0.0065558885
-0.00015223235
0.0096669392
-0.00023577778
0.011932595
-0.00029784653
0.013447052
-0.00029644808
0.014223159
-0.00022023918
0.014249941
-0.0001198053
0.013607178
-4.2689409e-05
0.012370646
0.010200185
-2.0018275e-05
0.0024614297
-7.2804659e-05
0.0066086749
-0.00014600126
0.0097401358
-0.00022120565
0.012007799
-0.00026613503
0.013491981
-0.00024531937
0.014202343
-0.00016974771
0.01417437
-8.7951146e-05
0.013525381
-2.9805697e-05
0.012312501
0.010170379
-1.946353e-05
0.0024808932
-7.0441376e-05
0.0066596528
-0.00013947741
0.0098091719
-0.00020502176
0.012073343
-0.00023228062
0.01351924
-0.00019838445
0.014168447
-0.00012919702
0.014105182
-6.3918222e-05
0.013460102
-2.0485732e-05
0.012269068
0.010149894
-1.8918751e-05
0.002499812
-6.8008117e-05
0.0067087421
-0.00013229869
0.0098734624
-0.0001867556
0.0121278
-0.00019748157
0.013529966
-0.00015698017
0.014127946
-9.6700671e-05
0.014044903
-4.5355408e-05
0.013408757
-1.3427021e-05
0.01223714
0.010136467
-1.8360399e-05
0.0025181724
-6.5381833e-05
0.0067557636
-0.00012410697
0.0099321876
-0.00016633464
0.012170028
-0.00016333329
0.013526965
-0.00012140755
0.01408602
-7.0531449e-05
0.013994027
-3.0721073e-05
0.013368947
-7.8903332e-06
0.012214309
0.010128576
-1.7761434e-05
0.0025359338
-6.2419685e-05
0.0068004219
-0.00011457702
0.0099843449
-0.00014416288
0.012199614
-0.00013124067
0.013514043
-9.127429e-05
0.014046054
-4.9297416e-05
0.01395205
-1.898738e-05
0.013338637
-3.4332635e-06
0.012198755
0.010125143
-1.7087913e-05
0.0025530218
-5.8952511e-05
0.0068422865
-0.00010349041
0.010028883
-0.00012105285
0.012217176
-0.00010208361
0.013495073
-6.5899619e-05
0.01400987
-3.1932529e-05
0.013918083
-9.451148e-06
0.013316155
2.8678399e-07
0.012189017
0.01012543
-1.6296451e-05
0.0025693182
-5.4793192e-05
0.0068807832
-9.0832109e-05
0.010064922
-9.7998435e-05
0.012224343
-7.6209355e-05
0.013473284
-4.4571165e-05
0.013978232
-1.7626151e-05
0.013891138
-1.5562241e-06
0.013300085
3.3724538e-06
0.012184088
0.010128802
-1.5331744e-05
0.00258465
-4.9761844e-05
0.0069152133
-7.6852213e-05
0.010092012
-7.5897696e-05
0.012223388
-5.3587646e-05
0.013450974
-2.6633004e-05
0.013951277
-5.7238007e-06
0.013870228
4.9993575e-06
0.013289362
5.8503778e-06
0.012183237
0.010134653
-1.4126708e-05
0.0025987767
-4.3732523e-05
0.0069448192
-6.2043696e-05
0.010110323
-5.5378633e-05
0.012216723
-3.3984725e-05
0.01342958
-1.1510517e-05
0.013928803
4.2389465e-06
0.013854479
1.0369348e-05
0.013283232
7.8677269e-06
0.012185739
0.01014252
-1.2609116e-05
0.0026113858
-3.669457e-05
0.0069689046
-4.7031015e-05
0.01012066
-3.6774886e-05
0.012206467
-1.7080161e-05
0.013409886
1.3285964e-06
0.013910394
1.2527217e-05
0.01384328
1.477402e-05
0.013280985
9.5157535e-06
0.012190997
0.010152036
-1.0718598e-05
0.0026221044
-2.8800795e-05
0.0069869868
-3.2420288e-05
0.010124279
-2.0181856e-05
0.012194229
-2.4819629e-06
0.013392186
1.2170402e-05
0.013895742
1.9375001e-05
0.013836076
1.8388044e-05
0.013281972
1.0860491e-05
0.012198525
0.010162897
-8.4362768e-06
0.0026305407
-2.0369407e-05
0.0069989199
-1.8685139e-05
0.010122595
-5.5188669e-06
0.012181062
1.0029479e-05
0.013376637
2.1194902e-05
0.013884576
2.5021235e-05
0.013832249
2.1342674e-05
0.01328565
1.1949728e-05
0.012207918
0.010174846
-5.8189731e-06
0.0026363596
-1.1825628e-05
0.0070049266
-6.1111766e-06
0.010116881
7.2757717e-06
0.012167675
2.0569204e-05
0.013363344
2.8682697e-05
0.013876463
2.9652245e-05
0.01383128
2.3736185e-05
0.013291567
1.2817965e-05
0.012218836
0.010187664
-3.0143019e-06
0.0026393739
-3.5963298e-06
0.0070055086
5.102091e-06
0.010108182
1.8190022e-05
0.012154588
2.9353433e-05
0.013352181
3.4838864e-05
0.013870977
3.3405799e-05
0.013832713
2.5639995e-05
0.013299332
1.348959e-05
0.012230986
0.010201154
-2.3422141e-07
0.0026396082
3.9067009e-06
0.0070013677
1.473974e-05
0.010097349
2.7284665e-05
0.012142043
3.6559395e-05
0.013342906
3.9812106e-05
0.013867725
3.6377513e-05
0.013836148
2.7101227e-05
0.013308609
1.397934e-05
0.012244108
0.010215133
2.2769642e-06
0.0026373312
1.030858e-05
0.0069933361
2.268163e-05
0.010084976
3.4656027e-05
0.012130068
4.2309269e-05
0.013335253
4.3698e-05
0.013866336
3.8623307e-05
0.013841222
2.814311e-05
0.013319089
1.42918e-05
0.01225796
0.010229425
4.3217523e-06
0.0026330094
1.5395222e-05
0.0069822626
2.892088e-05
0.01007145
4.0374004e-05
0.012118615
4.6678583e-05
0.013328948
4.654735e-05
0.013866467
4.0165322e-05
0.013847604
2.8768191e-05
0.013330486
1.4422697e-05
0.012272305
0.010243848
5.8172126e-06
0.0026271922
1.9123705e-05
0.0069689561
3.3493165e-05
0.010057081
4.4499635e-05
0.012107609
4.9715643e-05
0.013323732
4.8382899e-05
0.0138678
4.1004301e-05
0.013854983
2.8966207e-05
0.013342524
1.4362537e-05
0.012286909
0.01025821
6.7754875e-06
0.0026204167
2.1561845e-05
0.0069541697
3.6486021e-05
0.010042157
4.7106853e-05
0.012096988
5.1465087e-05
0.013319374
4.9219903e-05
0.013870045
4.1135302e-05
0.013863067
2.872449e-05
0.013354935
1.4101756e-05
0.012301531
0.010272312
7.2689391e-06
0.0026131478
2.2856473e-05
0.0069385822
3.8040051e-05
0.010026973
4.8299171e-05
0.012086729
5.1988598e-05
0.013315684
4.9085396e-05
0.013872948
4.056308e-05
0.01387159
2.8038378e-05
0.01336746
1.3635825e-05
0.012315934
0.010285948
7.3942693e-06
0.0026057535
2.3197919e-05
0.0069227786
3.8339558e-05
0.010011832
4.8216546e-05
0.012076852
5.1378109e-05
0.013312523
4.8032195e-05
0.013876294
3.9313948e-05
0.013880308
2.6919381e-05
0.013379854
1.296896e-05
0.012329885
0.010298917
7.2475263e-06
0.002598506
2.2788529e-05
0.0069072376
3.7595823e-05
0.0099970242
4.703204e-05
0.012067415
4.9759807e-05
0.013309795
4.6145715e-05
0.013879908
3.7442576e-05
0.013889011
2.5400329e-05
0.013391896
1.2117042e-05
0.012343168
0.010311034
6.9115712e-06
0.0025915945
2.1819874e-05
0.0068923293
3.6027948e-05
0.0099828162
4.4940657e-05
0.012058503
4.7289024e-05
0.013307447
4.3542316e-05
0.013883655
3.5031838e-05
0.013897522
2.3535431e-05
0.013403393
1.1107191e-05
0.012355596
0.010322141
6.452481e-06
0.002585142
2.0459949e-05
0.0068783218
3.3846569e-05
0.0099694295
4.214549e-05
0.012050204
4.4140039e-05
0.013305452
4.0362113e-05
0.013887433
3.2187804e-05
0.013905696
2.1396905e-05
0.013414184
9.9760566e-06
0.012367017
0.010332117
5.9205322e-06
0.0025792214
1.8848289e-05
0.0068653941
3.1242473e-05
0.0099570354
3.8844519e-05
0.012042602
4.0493722e-05
0.013303803
3.675836e-05
0.013891168
2.9031149e-05
0.013913423
1.9068772e-05
0.013424146
8.7665718e-06
0.012377319
0.010340884
5.3527962e-06
0.0025738686
1.709609e-05
0.0068536508
2.8380148e-05
0.0099457513
3.5219998e-05
0.012035762
3.6525485e-05
0.013302497
3.2885651e-05
0.013894808
2.5686748e-05
0.013920622
1.6638839e-05
0.013433194
7.5232741e-06
0.012386435
0.010348407
4.7760104e-06
0.0025690926
1.5289096e-05
0.0068431377
2.539568e-05
0.0099356447
3.143167e-05
0.012029726
3.23959e-05
0.013301533
2.8889769e-05
0.013898314
2.2274272e-05
0.013927238
1.419146e-05
0.013441277
6.2886378e-06
0.012394338
0.010354696
4.2090159e-06
0.0025648836
1.3491391e-05
0.0068338553
2.2397355e-05
0.0099267387
2.761318e-05
0.01202451
2.824413e-05
0.013300902
2.4899726e-05
0.013901659
1.8900366e-05
0.013933237
1.1801313e-05
0.013448376
5.0995713e-06
0.012401039
0.010359795
3.6647125e-06
0.0025612189
1.1749302e-05
0.0068257707
1.9468032e-05
0.00991902
2.3871366e-05
0.012020107
2.4184574e-05
0.013300589
2.1022948e-05
0.01390482
1.565367e-05
0.013938606
9.5294432e-06
0.0134545
3.9852944e-06
0.012406583
0.010363781
3.1515993e-06
0.0025580673
1.0095039e-05
0.0068188273
1.6668532e-05
0.0099124465
2.0287757e-05
0.012016488
2.0306461e-05
0.01330057
1.734366e-05
0.013907783
1.2602894e-05
0.013943347
7.4218549e-06
0.013459681
2.9669132e-06
0.012411038
0.010366747
2.6749083e-06
0.0025553924
8.5497666e-06
0.0068129524
1.4041192e-05
0.0099069551
1.6921224e-05
0.012013608
1.6675236e-05
0.013300816
1.3923357e-05
0.013910535
9.7969407e-06
0.013947473
5.5096542e-06
0.013463968
2.0575095e-06
0.012414491
0.010368805
2.2374959e-06
0.0025531549
7.1262387e-06
0.0068080637
1.1613444e-05
0.0099024679
1.3811414e-05
0.01201141
1.3335404e-05
0.013301292
1.0803131e-05
0.013913067
7.2669024e-06
0.01395101
3.8108011e-06
0.013467425
1.2633766e-06
0.012417038
0.010370068
1.8405173e-06
0.0025513144
5.8309468e-06
0.0068040732
9.4011004e-06
0.0098988978
1.0982384e-05
0.012009828
1.0314074e-05
0.013301961
8.0069981e-06
0.013915374
5.0291611e-06
0.013953988
2.332781e-06
0.013470121
5.8579413e-07
0.012418785
0.010370654
1.4838916e-06
0.0025498305
4.6657176e-06
0.0068008914
7.4109551e-06
0.0098961525
8.4456455e-06
0.012008794
7.6239699e-06
0.013302782
5.5446723e-06
0.013917454
3.0878729e-06
0.013956444
1.0754841e-06
0.013472133
3.2521508e-08
0.012419828
0.010370687
1.1666261e-06
0.0025486639
3.6287832e-06
0.0067984293
5.6425494e-06
0.0098941387
6.2022178e-06
0.012008234
5.2654956e-06
0.013303719
3.413735e-06
0.013919305
1.4383358e-06
0.01395842
4.0574297e-08
0.013473531
-4.1105979e-07
0.01242028
0.010370276
8.8708868e-07
0.0025477768
2.7158218e-06
0.0067966005
4.0901332e-06
0.0098927644
4.2454177e-06
0.012008079
3.230362e-06
0.013304734
1.6046693e-06
0.013920931
7.5430363e-08
0.013959949
-7.9524075e-07
0.013474402
-7.6990181e-07
0.012420254
0.010369506
6.4326493e-07
0.0025471335
1.9209238e-06
0.0067953229
2.7446142e-06
0.0098919407
2.5638899e-06
0.012008259
1.5059355e-06
0.013305792
1.0736091e-07
0.01392233
-1.0289896e-06
0.013961085
-1.4647247e-06
0.013474837
-1.0485942e-06
0.012419838
0.010368457
4.3290589e-07
0.0025467006
1.2371572e-06
0.0067945186
1.594781e-06
0.0098915831
1.1438024e-06
0.01200871
7.8769978e-08
0.013306857
-1.1084669e-06
0.013923517
-1.9119903e-06
0.013961889
-1.9813695e-06
0.013474907
-1.2534896e-06
0.01241911
0.010367204
2.5367194e-07
0.0025464469
6.5722502e-07
0.006794115
6.2917506e-07
0.0098916112
-2.9148265e-08
0.012009369
-1.0809188e-06
0.013307909
-2.0806974e-06
0.013924517
-2.5940065e-06
0.013962402
-2.3605099e-06
0.013474673
-1.3928617e-06
0.012418142
0.010365811
1.0330704e-07
0.0025463436
1.7408867e-07
0.0067940443
-1.6572589e-07
0.009891951
-9.8163199e-07
0.012010185
-2.0084348e-06
0.013308936
-2.8331689e-06
0.013925341
-3.0962492e-06
0.013962665
-2.6186332e-06
0.013474196
-1.4755928e-06
0.012416999
0.010364335
-2.0672021e-08
0.0025463643
-2.2150452e-07
0.0067942451
-8.0988438e-07
0.0098925393
-1.7426668e-06
0.012011117
-2.7270691e-06
0.01330992
-3.3895737e-06
0.013926004
-3.4405938e-06
0.013962716
-2.7724296e-06
0.013473528
-1.5105186e-06
0.012415738
0.010362825
-1.2127868e-07
0.0025464856
-5.4036804e-07
0.0067946642
-1.3220181e-06
0.009893321
-2.3313154e-06
0.012012127
-3.2596316e-06
0.013310848
-3.7738478e-06
0.013926518
-3.6487225e-06
0.013962591
-2.8380725e-06
0.013472717
-1.5059918e-06
0.012414405
0.010361319
-2.0130034e-07
0.0025466869
-7.9123323e-07
0.0067952541
-1.7157926e-06
0.0098942456
-2.766816e-06
0.012013178
-3.6289018e-06
0.01331171
-4.0094599e-06
0.013926899
-3.7415286e-06
0.013962323
-2.8308659e-06
0.013471806
-1.4697789e-06
0.012413044
0.010359849
-2.6299469e-07
0.0025469499
-9.8152056e-07
0.0067959726
-2.0047257e-06
0.0098952688
-3.0680265e-06
0.012014241
-3.8569716e-06
0.013312499
-4.1188471e-06
0.01392716
-3.7386221e-06
0.013961943
-2.7648704e-06
0.013470832
-1.4088419e-06
0.012411688
0.01035844
-3.0849955e-07
0.0025472584
-1.1184239e-06
0.0067967826
-2.2019369e-06
0.0098963523
-3.253114e-06
0.012015292
-3.9648967e-06
0.013313211
-4.1230625e-06
0.013927319
-3.658091e-06
0.013961478
-2.6528233e-06
0.013469827
-1.3293906e-06
0.012410365
0.010357111
-3.3983826e-07
0.0025475982
-1.2088146e-06
0.0067976515
-2.3199379e-06
0.0098974634
-3.3392673e-06
0.012016311
-3.9723408e-06
0.013313844
-4.0414541e-06
0.013927388
-3.5162366e-06
0.013960953
-2.5059473e-06
0.013468817
-1.236753e-06
0.012409096
0.010355874
-3.589192e-07
0.0025479571
-1.2591829e-06
0.0067985518
-2.3704946e-06
0.0098985747
-3.3425002e-06
0.012017283
-3.8973814e-06
0.013314399
-3.8914927e-06
0.013927382
-3.3274744e-06
0.013960389
-2.3339443e-06
0.013467823
-1.1354517e-06
0.012407897
0.010354738
-3.6752486e-07
0.0025483246
-1.2755863e-06
0.0067994599
-2.3645286e-06
0.0098996636
-3.2775174e-06
0.012018196
-3.7563606e-06
0.013314878
-3.6886841e-06
0.013927314
-3.1043152e-06
0.013959804
-2.1450192e-06
0.013466864
-1.0291661e-06
0.012406781
0.010353709
-3.6731828e-07
0.002548692
-1.2636443e-06
0.0068003562
-2.3120904e-06
0.0099007121
-3.1576978e-06
0.012019042
-3.5639339e-06
0.013315284
-3.4466806e-06
0.013927197
-2.8575644e-06
0.013959215
-1.9461128e-06
0.013465953
-9.2099197e-07
0.012405756
0.010352788
-3.598254e-07
0.0025490518
-1.2285075e-06
0.0068012249
-2.222325e-06
0.0099017059
-2.9950762e-06
0.012019815
-3.3330804e-06
0.013315622
-3.177361e-06
0.013927041
-2.5964133e-06
0.013958634
-1.7429761e-06
0.013465099
-8.1335145e-07
0.012404827
0.010351975
-3.4645786e-07
0.0025493982
-1.1748971e-06
0.0068020533
-2.1035424e-06
0.0099026346
-2.8004611e-06
0.012020512
-3.0753117e-06
0.013315897
-2.8911059e-06
0.013926857
-2.3287925e-06
0.013958072
-1.540529e-06
0.013464311
-7.0836684e-07
0.012403994
0.010351267
-3.2849265e-07
0.0025497267
-1.1070766e-06
0.0068028319
-1.9631824e-06
0.0099034907
-2.5834176e-06
0.012021132
-2.8006553e-06
0.013316114
-2.5968094e-06
0.013926653
-2.0613617e-06
0.013957537
-1.3427956e-06
0.013463592
-6.076928e-07
0.012403259
0.010350659
-3.0708534e-07
0.0025500338
-1.0288793e-06
0.0068035537
-1.8078701e-06
0.0099042697
-2.3523545e-06
0.012021676
-2.5177981e-06
0.01331628
-2.3020431e-06
0.013926437
-1.7996902e-06
0.013957034
-1.153096e-06
0.013462946
-5.1268628e-07
0.012402619
0.010350146
-2.8326256e-07
0.0025503171
-9.4369133e-07
0.0068042141
-1.6433953e-06
0.0099049694
-2.1145052e-06
0.012022148
-2.2340718e-06
0.013316399
-2.0130454e-06
0.013926216
-1.5482376e-06
0.013956569
-9.7397925e-07
0.013462372
-4.243419e-07
0.012402069
0.010349722
-2.5792018e-07
0.002550575
-8.5445232e-07
0.0068048107
-1.4747184e-06
0.0099055896
-1.8759562e-06
0.012022549
-1.9554903e-06
0.013316479
-1.734782e-06
0.013925996
-1.3103959e-06
0.013956145
-8.0727404e-07
0.013461868
-3.4329365e-07
0.012401605
0.010349379
-2.3183161e-07
0.0025508068
-7.6367238e-07
0.0068053425
-1.3060044e-06
0.009906132
-1.6417016e-06
0.012022884
-1.6868415e-06
0.013316524
-1.4710329e-06
0.01392578
-1.0885959e-06
0.013955763
-6.5415893e-07
0.013461434
-2.6989505e-07
0.012401221
0.010349109
-2.0564649e-07
0.0025510125
-6.7344145e-07
0.0068058103
-1.1406576e-06
0.0099065992
-1.4157031e-06
0.01202316
-1.4317705e-06
0.01331654
-1.2244991e-06
0.013925573
-8.8438479e-07
0.013955422
-5.1521819e-07
0.013461065
-2.0420661e-07
0.01240091
0.010348904
-1.7990124e-07
0.0025511924
-5.8546117e-07
0.0068062158
-9.8138507e-07
0.0099069951
-1.2010091e-06
0.012023379
-1.1929283e-06
0.013316532
-9.9697036e-07
0.013925377
-6.9860028e-07
0.013955124
-3.9058778e-07
0.013460757
-1.4607199e-07
0.012400666
0.010348758
-1.5503419e-07
0.0025513474
-5.0109396e-07
0.0068065619
-8.3029509e-07
0.0099073243
-9.9988805e-07
0.012023549
-9.7216147e-07
0.013316504
-7.8952785e-07
0.013925194
-5.3156385e-07
0.013954866
-2.8009212e-07
0.013460505
-9.5253055e-08
0.012400481
0.010348663
-1.3138662e-07
0.0025514788
-4.2138747e-07
0.0068068519
-6.8895399e-07
0.0099075919
-8.1393512e-07
0.012023674
-7.7062158e-07
0.013316461
-6.0266359e-07
0.013925026
-3.8316844e-07
0.013954647
-1.8331578e-07
0.013460305
-5.137916e-08
0.012400349
0.010348612
-1.0922573e-07
0.002551588
-3.4713504e-07
0.0068070898
-5.5849781e-07
0.0099078032
-6.4421508e-07
0.012023759
-5.8895646e-07
0.013316406
-4.3647699e-07
0.013924874
-2.5307141e-07
0.013954463
-9.9718124e-08
0.013460152
-1.3625139e-08
0.012400263
0.010348598
-8.8743502e-08
0.0025516768
-2.788968e-07
0.00680728
-4.396809e-07
0.009907964
-4.9134629e-07
0.012023811
-4.273893e-07
0.013316342
-2.9073301e-07
0.013924737
-1.4066777e-07
0.013954313
-2.8265441e-08
0.01346004
1.8318194e-08
0.012400216
0.010348616
-7.0072691e-08
0.0025517468
-2.1704082e-07
0.0068074269
-3.3294094e-07
0.0099080799
-3.5557154e-07
0.012023834
-2.8578464e-07
0.013316272
-1.6486582e-07
0.013924616
-4.4906305e-08
0.013954193
3.1590202e-08
0.013459963
4.3909776e-08
0.012400204
0.01034866
-5.3284398e-08
0.0025518001
-1.6173767e-07
0.0068075354
-2.383894e-07
0.0099081566
-2.3671923e-07
0.012023832
-1.6353844e-07
0.013316199
-5.7746856e-08
0.01392451
3.5160618e-08
0.0139541
7.9800228e-08
0.013459919
6.3506008e-08
0.01240022
0.010348724
-3.8395287e-08
0.0025518385
-1.1298212e-07
0.00680761
-1.558299e-07
0.0099081994
-1.3420966e-07
0.01202381
-5.9525816e-08
0.013316124
3.1852777e-08
0.013924419
9.9937488e-08
0.013954032
1.17119e-07
0.013459901
7.7949588e-08
0.012400259
0.010348802
-2.537196e-08
0.0025518639
-7.0605063e-08
0.0068076552
-8.4777396e-08
0.0099082136
-4.702733e-08
0.012023773
2.7536599e-08
0.013316049
1.0464197e-07
0.013924342
1.5044785e-07
0.013953986
1.4490449e-07
0.013459907
8.8002643e-08
0.012400316
0.01034889
-1.4142693e-08
0.002551878
-3.4296879e-08
0.0068076754
-2.4459667e-08
0.0099082037
2.5894156e-08
0.012023722
9.842742e-08
0.013315977
1.6172458e-07
0.013924278
1.8838177e-07
0.01395396
1.6444452e-07
0.013459931
9.4310886e-08
0.012400386
0.010348984
-4.5873915e-09
0.0025518826
-3.6034952e-09
0.0068076744
2.5841242e-08
0.0099081743
8.5279607e-08
0.012023663
1.5426924e-07
0.013315908
2.0497023e-07
0.013924228
2.1544591e-07
0.013953949
1.7701312e-07
0.013459969
9.7554033e-08
0.012400466
0.010349082
3.3923202e-09
0.0025518792
2.1778671e-08
0.006807656
6.660804e-08
0.0099081294
1.3206037e-07
0.012023597
1.9673036e-07
0.013315843
2.3609866e-07
0.013924188
2.3315132e-07
0.013953952
1.8367582e-07
0.013460019
9.8202921e-08
0.012400551
0.01034918
9.8891202e-09
0.0025518693
4.2148204e-08
0.0068076237
9.861273e-08
0.009908073
1.676492e-07
0.012023528
2.2747489e-07
0.013315783
2.5678988e-07
0.013924159
2.4295069e-07
0.013953966
1.8547531e-07
0.013460076
9.6835535e-08
0.01240064
0.010349277
1.5011923e-08
0.0025518543
5.796581e-08
0.0068075808
1.2278624e-07
0.0099080082
1.9333813e-07
0.012023458
2.4797846e-07
0.013315729
2.684812e-07
0.013924138
2.4603492e-07
0.013953988
1.8319476e-07
0.013460139
9.3746166e-08
0.012400729
0.01034937
1.8904541e-08
0.0025518354
6.9733233e-08
0.0068075299
1.4005713e-07
0.0099079378
2.1039366e-07
0.012023387
2.5966763e-07
0.01331568
2.725446e-07
0.013924126
2.4352474e-07
0.013954017
1.7759534e-07
0.013460205
8.9331982e-08
0.012400818
0.01034946
2.1700693e-08
0.0025518137
7.7925269e-08
0.0068074737
1.5128968e-07
0.0099078645
2.1998293e-07
0.012023319
2.6383032e-07
0.013315636
2.7018895e-07
0.013924119
2.3638278e-07
0.013954051
1.6928325e-07
0.013460272
8.3812303e-08
0.012400903
0.010349544
2.3543938e-08
0.0025517902
8.3019175e-08
0.0068074143
1.5734261e-07
0.0099077902
2.2324754e-07
0.012023253
2.6172519e-07
0.013315597
2.6260093e-07
0.013924118
2.255692e-07
0.013954088
1.5891206e-07
0.013460339
7.7535944e-08
0.012400984
0.010349621
2.4564647e-08
0.0025517656
8.546489e-08
0.0068073534
1.5901768e-07
0.0099077166
2.2125381e-07
0.012023191
2.5451639e-07
0.013315564
2.5086465e-07
0.013924122
2.1194948e-07
0.013954127
1.4703618e-07
0.013460404
7.0722337e-08
0.012401061
0.010349692
2.4896673e-08
0.0025517407
8.5703983e-08
0.0068072926
1.571002e-07
0.0099076452
2.1503512e-07
0.012023133
2.4333188e-07
0.013315536
2.3604373e-07
0.013924129
1.963887e-07
0.013954167
1.3425343e-07
0.013460466
6.3677704e-08
0.012401131
0.010349755
2.465713e-08
0.0025517161
8.4138625e-08
0.0068072331
1.5229837e-07
0.0099075771
2.0551889e-07
0.01202308
2.2916781e-07
0.013315512
2.1905734e-07
0.013924139
1.7961649e-07
0.013954206
1.2103519e-07
0.013460524
5.65925e-08
0.012401196
0.010349812
2.3960789e-08
0.0025516921
8.1146711e-08
0.0068071759
1.4527127e-07
0.009907513
1.9355766e-07
0.012023031
2.1293736e-07
0.013315493
2.0074164e-07
0.013924152
1.6229643e-07
0.013954245
1.0781745e-07
0.013460579
4.9697114e-08
0.012401254
0.010349862
2.2904731e-08
0.0025516692
7.705372e-08
0.0068071218
1.3658057e-07
0.0099074534
1.7986127e-07
0.012022988
1.9537377e-07
0.013315477
1.8173959e-07
0.013924165
1.449049e-07
0.013954282
9.489111e-08
0.013460629
4.3097583e-08
0.012401306
0.010349905
2.1574961e-08
0.0025516476
7.2144382e-08
0.0068070712
1.2670984e-07
0.0099073989
1.6503019e-07
0.01202295
1.7707888e-07
0.013315465
1.6256424e-07
0.01392418
1.278061e-07
0.013954316
8.245401e-08
0.013460674
3.6856582e-08
0.012401351
0.010349942
2.0047629e-08
0.0025516276
6.6663315e-08
0.0068070246
1.1606747e-07
0.0099073495
1.4955863e-07
0.012022916
1.5853985e-07
0.013315456
1.4360645e-07
0.013924195
1.1125613e-07
0.013954349
7.0638424e-08
0.013460715
3.1037666e-08
0.012401391
0.010349973
1.8383844e-08
0.0025516092
6.0810827e-08
0.0068069821
1.0498164e-07
0.0099073053
1.3383777e-07
0.012022887
1.4012114e-07
0.01331545
1.2514889e-07
0.01392421
9.5429537e-08
0.013954378
5.951229e-08
0.013460751
2.5612116e-08
0.012401425
0.010349998
1.6643809e-08
0.0025515926
5.4771763e-08
0.006806944
9.3754797e-08
0.0099072663
1.1822265e-07
0.012022863
1.2216951e-07
0.013315446
1.0747061e-07
0.013924224
8.0511837e-08
0.013954405
4.9183627e-08
0.013460782
2.066362e-08
0.012401453
0.010350019
1.4870299e-08
0.0025515777
4.8688248e-08
0.0068069102
8.2616127e-08
0.0099072324
1.0298589e-07
0.012022842
1.0493394e-07
0.013315444
9.0758084e-08
0.013924239
6.6618804e-08
0.01395443
3.9693123e-08
0.013460809
1.6156717e-08
0.012401477
0.010350035
1.3109411e-08
0.0025515646
4.2696802e-08
0.0068068806
7.1785895e-08
0.0099072033
8.838086e-08
0.012022826
8.8659762e-08
0.013315444
7.5215501e-08
0.013924252
5.3890352e-08
0.013954451
3.1133009e-08
0.013460832
1.217662e-08
0.012401496
0.010350047
1.1388111e-08
0.0025515532
3.6889884e-08
0.0068068551
6.1407895e-08
0.0099071788
7.4569374e-08
0.012022813
7.3479543e-08
0.013315445
6.0922827e-08
0.013924265
4.2353338e-08
0.013954469
2.348656e-08
0.013460851
8.6524876e-09
0.012401511
0.010350056
9.7381591e-09
0.0025515435
3.135609e-08
0.0068068335
5.1618002e-08
0.0099071585
6.1696795e-08
0.012022803
5.9520202e-08
0.013315447
4.7967185e-08
0.013924276
3.2054273e-08
0.013954485
1.6774514e-08
0.013460866
5.6315301e-09
0.012401522
0.010350062
8.169495e-09
0.0025515353
2.613347e-08
0.0068068155
4.2467362e-08
0.0099071422
4.9801407e-08
0.012022795
4.6778469e-08
0.01331545
3.6291228e-08
0.013924287
2.2900227e-08
0.013954499
1.0888677e-08
0.013460878
3.0079918e-09
0.01240153
0.010350065
6.7067507e-09
0.0025515286
2.1273616e-08
0.006806801
3.4048642e-08
0.0099071294
3.9032381e-08
0.01202279
3.5467593e-08
0.013315454
2.6160505e-08
0.013924296
1.5158357e-08
0.01395451
6.0580717e-09
0.013460887
9.4270712e-10
0.012401535
0.010350066
3.0334004e-09
9.6024426e-09
1.5260865e-08
1.7284365e-08
1.544301e-08
1.1074718e-08
6.1333459e-09
2.2216539e-09
2.5310304e-10
)
;

boundaryField
{
    water_inlet
    {
        type            calculated;
        value           nonuniform List<scalar> 10(-0.0021750989 -0.0058428937 -0.0086267772 -0.010688211 -0.012161792 -0.013159549 -0.01377456 -0.014084001 -0.014151716 -0.014030398);
    }
    water_outlet
    {
        type            calculated;
        value           nonuniform List<scalar> 10(0.0025515256 0.0068067944 0.0099071238 0.012022788 0.013315455 0.0139243 0.013954515 0.013460891 0.012401537 0.010350066);
    }
    water_wedge1
    {
        type            wedge;
        value           nonuniform List<scalar> 
1000
(
-1.1296032e-13
-1.4267288e-13
-1.1215951e-13
-1.0631521e-13
-9.9353796e-14
-9.3389878e-14
-8.8692545e-14
-8.4951669e-14
-8.1973686e-14
-7.9490767e-14
-7.7283375e-14
-7.5239706e-14
-7.3267893e-14
-7.1279095e-14
-6.9181667e-14
-6.6852212e-14
-6.4133925e-14
-6.0817331e-14
-5.6668019e-14
-5.1411846e-14
-4.4794089e-14
-3.6655253e-14
-2.7080955e-14
-1.6561523e-14
-5.8637884e-15
4.0643416e-15
1.2373188e-14
1.8670885e-14
2.2898176e-14
2.5295941e-14
2.6221292e-14
2.6005115e-14
2.502621e-14
2.3515863e-14
2.16893e-14
1.9700168e-14
1.7622247e-14
1.5591168e-14
1.3615065e-14
1.1728883e-14
9.9959252e-15
8.3959032e-15
6.9301137e-15
5.6137848e-15
4.4447536e-15
3.4065726e-15
2.4942551e-15
1.709402e-15
1.0434712e-15
4.8255572e-16
9.4919827e-18
-3.7064604e-16
-6.700009e-16
-9.0917928e-16
-1.0853262e-15
-1.2113055e-15
-1.2915176e-15
-1.3271271e-15
-1.3262068e-15
-1.3060569e-15
-1.2688303e-15
-1.2097311e-15
-1.1340284e-15
-1.0440456e-15
-9.5281334e-16
-8.5943255e-16
-7.646231e-16
-6.7645565e-16
-5.8422856e-16
-4.9788178e-16
-4.1595973e-16
-3.3739436e-16
-2.6853582e-16
-2.0782073e-16
-1.5599033e-16
-1.0942521e-16
-6.7629413e-17
-2.8448666e-17
6.2545169e-18
3.0393686e-17
4.6330205e-17
5.6326447e-17
6.8486253e-17
7.9734071e-17
8.5288318e-17
8.8821515e-17
8.6510103e-17
8.1200048e-17
7.559191e-17
7.4922444e-17
7.1723257e-17
6.4236126e-17
5.4662901e-17
4.8169151e-17
4.8918756e-17
3.9710677e-17
3.0613695e-17
2.8290377e-17
2.0982577e-17
8.0324198e-18
-6.8081336e-13
-1.0335464e-12
-8.3928926e-13
-7.9752636e-13
-7.4940004e-13
-7.0313905e-13
-6.6536437e-13
-6.3522854e-13
-6.109368e-13
-5.9052918e-13
-5.7244968e-13
-5.5560566e-13
-5.3912413e-13
-5.2219869e-13
-5.0397566e-13
-4.8343215e-13
-4.5934352e-13
-4.301872e-13
-3.9436377e-13
-3.5055219e-13
-2.9813891e-13
-2.3765452e-13
-1.7103537e-13
-1.0155586e-13
-3.3369257e-14
2.8946764e-14
8.1487251e-14
1.2214699e-13
1.5063114e-13
1.6796924e-13
1.7588829e-13
1.7635029e-13
1.7126917e-13
1.6227531e-13
1.5073831e-13
1.3769973e-13
1.2392812e-13
1.1004152e-13
9.6439612e-14
8.3433197e-14
7.1225474e-14
5.9909271e-14
4.9557793e-14
4.0197803e-14
3.1830731e-14
2.442428e-14
1.7934298e-14
1.2314057e-14
7.5078251e-15
3.4632165e-15
1.14324e-16
-2.6201871e-15
-4.8054913e-15
-6.4993793e-15
-7.7717842e-15
-8.6648079e-15
-9.2206382e-15
-9.4976277e-15
-9.5339708e-15
-9.380387e-15
-9.0669214e-15
-8.6172655e-15
-8.0783866e-15
-7.4753934e-15
-6.8266979e-15
-6.1543117e-15
-5.4746156e-15
-4.8062923e-15
-4.1579974e-15
-3.5403192e-15
-2.9567774e-15
-2.4104868e-15
-1.9169825e-15
-1.4731632e-15
-1.0800703e-15
-7.3692274e-16
-4.3633918e-16
-1.7646342e-16
4.3264888e-17
2.1784657e-16
3.5320946e-16
4.5820136e-16
5.3891196e-16
5.9409524e-16
6.2326861e-16
6.3654924e-16
6.3374851e-16
6.1615222e-16
5.93251e-16
5.5992023e-16
5.2003708e-16
4.7965351e-16
4.338013e-16
3.8943661e-16
3.4343044e-16
2.9755921e-16
2.5945288e-16
2.1782872e-16
1.7433053e-16
9.868885e-17
3.1339104e-12
4.8023004e-12
3.9072334e-12
3.7113865e-12
3.4900551e-12
3.2689357e-12
3.0860219e-12
2.9387812e-12
2.8176148e-12
2.7124757e-12
2.6152684e-12
2.5197151e-12
2.4205063e-12
2.3123572e-12
2.1894955e-12
2.046114e-12
1.8774913e-12
1.6810955e-12
1.4574183e-12
1.2105446e-12
9.4809198e-13
6.8017558e-13
4.176093e-13
1.7020571e-13
-5.3298303e-14
-2.455428e-13
-4.0216597e-13
-5.22032e-13
-6.0634965e-13
-6.5804513e-13
-6.8127766e-13
-6.808728e-13
-6.6177625e-13
-6.2869407e-13
-5.8580179e-13
-5.3664059e-13
-4.8411438e-13
-4.3048277e-13
-3.7747717e-13
-3.2636352e-13
-2.7802047e-13
-2.3302985e-13
-1.9175685e-13
-1.5437485e-13
-1.2091034e-13
-9.1313574e-14
-6.5429122e-14
-4.3080569e-14
-2.4071481e-14
-8.1710771e-15
4.9033478e-15
1.5490336e-14
2.3858579e-14
3.0256787e-14
3.4904669e-14
3.8028933e-14
3.9858016e-14
4.0554815e-14
4.0317475e-14
3.9309019e-14
3.7686937e-14
3.5608373e-14
3.3166074e-14
3.0484625e-14
2.7657745e-14
2.477142e-14
2.1908838e-14
1.9095024e-14
1.6388716e-14
1.3822278e-14
1.1428977e-14
9.2380606e-15
7.2360607e-15
5.4439128e-15
3.8517437e-15
2.4674631e-15
1.2915831e-15
2.8059633e-16
-5.5505675e-16
-1.2338615e-15
-1.7703248e-15
-2.157665e-15
-2.4381454e-15
-2.6209465e-15
-2.7081288e-15
-2.7283904e-15
-2.6839687e-15
-2.59655e-15
-2.4792303e-15
-2.327844e-15
-2.1553013e-15
-1.9655247e-15
-1.776756e-15
-1.5880807e-15
-1.3948037e-15
-1.2075112e-15
-1.0252729e-15
-8.5922224e-16
-7.0777567e-16
-4.1839056e-16
-3.7211484e-12
-5.4869295e-12
-4.4854189e-12
-4.2512616e-12
-3.987375e-12
-3.724418e-12
-3.5031663e-12
-3.3195225e-12
-3.1610782e-12
-3.0149853e-12
-2.8702753e-12
-2.717493e-12
-2.5486706e-12
-2.3580407e-12
-2.1427181e-12
-1.9031595e-12
-1.6434561e-12
-1.3711173e-12
-1.0958595e-12
-8.2767767e-13
-5.74852e-13
-3.4279774e-13
-1.3423975e-13
4.9284103e-14
2.0667142e-13
3.3755625e-13
4.423683e-13
5.2194976e-13
5.7742225e-13
6.1042199e-13
6.231671e-13
6.1837025e-13
5.9909257e-13
5.6845143e-13
5.2946386e-13
4.8488061e-13
4.370676e-13
3.8802258e-13
3.3931251e-13
2.9214173e-13
2.4740138e-13
2.0569631e-13
1.6741265e-13
1.3276785e-13
1.0183094e-13
7.4552607e-14
5.0823293e-14
3.0484708e-14
1.3364419e-14
-7.980579e-16
-1.2333398e-14
-2.1529909e-14
-2.8639517e-14
-3.3900103e-14
-3.7543794e-14
-3.9781445e-14
-4.0816092e-14
-4.0847779e-14
-4.0050428e-14
-3.8587238e-14
-3.660202e-14
-3.4223279e-14
-3.157247e-14
-2.8752475e-14
-2.5855165e-14
-2.2946145e-14
-2.0082585e-14
-1.731967e-14
-1.4691772e-14
-1.2231706e-14
-9.9566796e-15
-7.8773048e-15
-6.0086363e-15
-4.3504976e-15
-2.9013766e-15
-1.6492067e-15
-5.7915254e-16
3.123805e-16
1.0396044e-15
1.611495e-15
2.0459621e-15
2.3638304e-15
2.571447e-15
2.6873354e-15
2.7247443e-15
2.7001112e-15
2.6285556e-15
2.514548e-15
2.3698454e-15
2.2010321e-15
2.0197778e-15
1.8326776e-15
1.6389592e-15
1.4473238e-15
1.2597802e-15
1.0797683e-15
9.0938641e-16
7.4842155e-16
6.0181294e-16
3.4409837e-16
-1.0858283e-12
-1.5239468e-12
-1.2531e-12
-1.1819251e-12
-1.1008306e-12
-1.0209654e-12
-9.51971e-13
-8.9178159e-13
-8.3604989e-13
-7.8041547e-13
-7.2162468e-13
-6.5787216e-13
-5.8878423e-13
-5.1529724e-13
-4.3944591e-13
-3.6393708e-13
-2.9151067e-13
-2.2431604e-13
-1.6358755e-13
-1.0968113e-13
-6.2331892e-14
-2.1023644e-14
1.4663494e-14
4.5071428e-14
7.053711e-14
9.1397889e-14
1.0791177e-13
1.2026882e-13
1.2862369e-13
1.3317148e-13
1.3420311e-13
1.3208999e-13
1.2729935e-13
1.2034214e-13
1.1174267e-13
1.0201355e-13
9.1615204e-14
8.0960735e-14
7.0380873e-14
6.0129143e-14
5.0414496e-14
4.1374959e-14
3.3096226e-14
2.5636866e-14
1.9011199e-14
1.321066e-14
8.2089559e-15
3.9729129e-15
4.583287e-16
-2.4113061e-15
-4.7097467e-15
-6.5001381e-15
-7.8340752e-15
-8.7662104e-15
-9.3585672e-15
-9.6533956e-15
-9.6996596e-15
-9.5398025e-15
-9.2121994e-15
-8.7598595e-15
-8.2069554e-15
-7.5867834e-15
-6.9225717e-15
-6.2318357e-15
-5.5440748e-15
-4.8644e-15
-4.2047926e-15
-3.5769944e-15
-2.9851873e-15
-2.4439055e-15
-1.9450833e-15
-1.4931753e-15
-1.0939988e-15
-7.4057206e-16
-4.3851681e-16
-1.7926784e-16
3.7172368e-17
2.1468463e-16
3.60033e-16
4.6403403e-16
5.4430817e-16
5.9999094e-16
6.2744489e-16
6.4086493e-16
6.3343262e-16
6.1845133e-16
5.9508881e-16
5.5901067e-16
5.2330342e-16
4.7852505e-16
4.3486105e-16
3.9200833e-16
3.4411957e-16
3.0226379e-16
2.5637731e-16
2.1744133e-16
1.8296918e-16
1.445293e-16
1.1531559e-16
6.4244703e-17
-1.5235297e-12
-2.0202541e-12
-1.6642504e-12
-1.5632214e-12
-1.4418421e-12
-1.3187438e-12
-1.2058574e-12
-1.0997899e-12
-9.9514933e-13
-8.8831378e-13
-7.7850219e-13
-6.6750879e-13
-5.5886043e-13
-4.5650001e-13
-3.6347062e-13
-2.8125317e-13
-2.0991513e-13
-1.4863488e-13
-9.6209326e-14
-5.1341671e-14
-1.2892849e-14
1.9893434e-14
4.7609904e-14
7.0812076e-14
8.9995127e-14
1.0552821e-13
1.176307e-13
1.2642805e-13
1.3200202e-13
1.3445598e-13
1.3396124e-13
1.3076648e-13
1.2521805e-13
1.1772965e-13
1.0874854e-13
9.8732851e-14
8.8113978e-14
7.7284562e-14
6.6572642e-14
5.6235506e-14
4.6476983e-14
3.7440569e-14
2.9215521e-14
2.1853252e-14
1.5369295e-14
9.7548181e-15
4.9856316e-15
1.0104054e-15
-2.2430589e-15
-4.85397e-15
-6.8938123e-15
-8.4214386e-15
-9.4985276e-15
-1.018355e-14
-1.0535398e-14
-1.0611246e-14
-1.0455239e-14
-1.0112831e-14
-9.6248209e-15
-9.0262169e-15
-8.3515011e-15
-7.6262333e-15
-6.8739e-15
-6.1161033e-15
-5.369249e-15
-4.6479576e-15
-3.9611232e-15
-3.3155609e-15
-2.7147993e-15
-2.1655904e-15
-1.6715794e-15
-1.2300167e-15
-8.4221674e-16
-5.0545082e-16
-2.1701778e-16
2.3309956e-17
2.1974988e-16
3.7672684e-16
4.9878828e-16
5.863862e-16
6.4589835e-16
6.8319334e-16
6.973665e-16
6.9476781e-16
6.7759841e-16
6.4972929e-16
6.1381223e-16
5.7047664e-16
5.2582929e-16
4.7864427e-16
4.2950856e-16
3.7993569e-16
3.3066935e-16
2.8581321e-16
2.416055e-16
2.0082396e-16
1.6400427e-16
1.273455e-16
9.645862e-17
5.058445e-17
9.8320254e-12
1.2244871e-11
9.7925769e-12
9.0793439e-12
8.2357835e-12
7.3209348e-12
6.4224023e-12
5.555391e-12
4.7220581e-12
3.9327876e-12
3.2079162e-12
2.5665936e-12
2.0172249e-12
1.5563835e-12
1.1734252e-12
8.5560113e-13
5.909906e-13
3.6944748e-13
1.8286158e-13
2.5092277e-14
-1.0818899e-13
-2.2005322e-13
-3.1333514e-13
-3.9062886e-13
-4.5388114e-13
-5.0435623e-13
-5.4272629e-13
-5.692651e-13
-5.8407639e-13
-5.8732337e-13
-5.7941122e-13
-5.611142e-13
-5.3360792e-13
-4.9841624e-13
-4.5730589e-13
-4.1213544e-13
-3.64719e-13
-3.1670971e-13
-2.6951945e-13
-2.2429064e-13
-1.8188276e-13
-1.4289732e-13
-1.0771844e-13
-7.6540691e-14
-4.9412152e-14
-2.6290096e-14
-6.9841463e-15
8.8508765e-15
2.1595138e-14
3.1578625e-14
3.9085316e-14
4.4402048e-14
4.781815e-14
4.9613918e-14
5.0052332e-14
4.9376454e-14
4.7805647e-14
4.5534547e-14
4.2735875e-14
3.9560785e-14
3.6141231e-14
3.2592625e-14
2.9013245e-14
2.548456e-14
2.2070362e-14
1.8818717e-14
1.5765841e-14
1.2935416e-14
1.0343717e-14
7.9987417e-15
5.9033803e-15
4.0577267e-15
2.4543434e-15
1.0832859e-15
-6.6326747e-17
-1.0071176e-15
-1.7541385e-15
-2.3274855e-15
-2.7481978e-15
-3.0380249e-15
-3.2140694e-15
-3.2909873e-15
-3.2850443e-15
-3.211103e-15
-3.0835372e-15
-2.9149696e-15
-2.7174855e-15
-2.5017614e-15
-2.2757291e-15
-2.0452472e-15
-1.8151122e-15
-1.5896236e-15
-1.3729736e-15
-1.1666713e-15
-9.7402914e-16
-7.9630839e-16
-6.3427537e-16
-4.8786822e-16
-3.5887574e-16
-1.8344927e-16
-2.1664281e-13
-2.792905e-13
-2.0491998e-13
-1.7659979e-13
-1.5135318e-13
-1.2642813e-13
-1.0306198e-13
-8.2197152e-14
-6.4406933e-14
-4.9843674e-14
-3.8255177e-14
-2.9142342e-14
-2.1963187e-14
-1.6251178e-14
-1.1648418e-14
-7.8920265e-15
-4.7861379e-15
-2.1936405e-15
-2.379096e-17
1.7927638e-15
3.3085432e-15
4.5668956e-15
5.6084627e-15
6.4651414e-15
7.1579119e-15
7.6997646e-15
8.0966162e-15
8.3491467e-15
8.4562859e-15
8.4170832e-15
8.2337119e-15
7.9147012e-15
7.4742687e-15
6.9322246e-15
6.3116935e-15
5.6388367e-15
4.9397744e-15
4.2379861e-15
3.5540142e-15
2.9034069e-15
2.2977653e-15
1.7464087e-15
1.2546645e-15
8.243062e-16
4.5636845e-16
1.4857016e-16
-1.0459998e-16
-3.0955197e-16
-4.7073051e-16
-5.9215671e-16
-6.7906569e-16
-7.3561701e-16
-7.6605717e-16
-7.7469871e-16
-7.6550357e-16
-7.422961e-16
-7.082763e-16
-6.6586303e-16
-6.1691202e-16
-5.6419864e-16
-5.0980504e-16
-4.5452811e-16
-4.0006836e-16
-3.4711286e-16
-2.9644689e-16
-2.4925176e-16
-2.052147e-16
-1.651341e-16
-1.2911179e-16
-9.6310599e-17
-6.7572082e-17
-4.2835619e-17
-2.1585726e-17
-3.3893764e-18
1.1616949e-17
2.3362631e-17
3.2357737e-17
3.8825469e-17
4.3483201e-17
4.6166869e-17
4.7539334e-17
4.7730414e-17
4.6773347e-17
4.4848651e-17
4.1948035e-17
3.8784316e-17
3.5544797e-17
3.1972844e-17
2.8293296e-17
2.5132368e-17
2.2033726e-17
1.8463676e-17
1.5048889e-17
1.2379297e-17
9.4656594e-18
6.7032622e-18
4.9252652e-18
2.8500799e-18
8.536076e-19
-1.0962913e-18
-1.9757702e-12
-5.5527704e-12
-4.1251326e-12
-3.2301753e-12
-2.5096916e-12
-1.8982025e-12
-1.3933968e-12
-1.0034864e-12
-7.2027487e-13
-5.2074781e-13
-3.7985543e-13
-2.7782842e-13
-2.0134523e-13
-1.4207028e-13
-9.4853054e-14
-5.6236485e-14
-2.4152335e-14
2.475548e-15
2.4527747e-14
4.275e-14
5.7793576e-14
7.0213941e-14
8.0441176e-14
8.8775449e-14
9.5417018e-14
1.0047795e-13
1.039908e-13
1.0592988e-13
1.0624554e-13
1.0489922e-13
1.0189566e-13
9.7308835e-14
9.1292385e-14
8.4076189e-14
7.5949163e-14
6.7233661e-14
5.825509e-14
4.9314308e-14
4.066838e-14
3.251992e-14
2.501642e-14
1.8254447e-14
1.2286727e-14
7.1660186e-15
2.8821822e-15
-6.5536799e-16
-3.5351893e-15
-5.8279984e-15
-7.5818927e-15
-8.8499155e-15
-9.6927484e-15
-1.0169209e-14
-1.0338625e-14
-1.0255955e-14
-9.9714111e-15
-9.5314722e-15
-8.9739164e-15
-8.3323601e-15
-7.6346403e-15
-6.9047525e-15
-6.1645332e-15
-5.4300283e-15
-4.7163254e-15
-4.0348104e-15
-3.3938856e-15
-2.8005589e-15
-2.2565399e-15
-1.7638358e-15
-1.3227775e-15
-9.3179589e-16
-5.8928474e-16
-2.9147432e-16
-3.9377659e-17
1.6686994e-16
3.3033228e-16
4.5446406e-16
5.4573607e-16
6.0906096e-16
6.4835457e-16
6.6785303e-16
6.7035797e-16
6.5856339e-16
6.3503727e-16
6.0218016e-16
5.6213703e-16
5.175905e-16
4.7073202e-16
4.2283041e-16
3.7540374e-16
3.2963036e-16
2.8563345e-16
2.4330617e-16
2.0368933e-16
1.6717904e-16
1.3375792e-16
1.0337719e-16
7.6891314e-17
5.3488327e-17
3.3174566e-17
1.2441806e-17
5.1320975e-13
1.0604971e-13
1.3674572e-14
-1.4044941e-14
-1.9623598e-14
-1.8328901e-14
-1.5182023e-14
-1.1900903e-14
-9.0776049e-15
-6.8244147e-15
-5.070465e-15
-3.7044361e-15
-2.6286732e-15
-1.7694633e-15
-1.0737304e-15
-4.9873495e-16
-1.2783915e-17
3.929597e-16
7.2431264e-16
9.9356498e-16
1.2134644e-15
1.3944187e-15
1.5421058e-15
1.6616226e-15
1.755537e-15
1.8250149e-15
1.8705787e-15
1.8907994e-15
1.8846347e-15
1.8510525e-15
1.7895485e-15
1.7015092e-15
1.5890832e-15
1.4562797e-15
1.3080113e-15
1.1499819e-15
9.8840582e-16
8.2816566e-16
6.7412448e-16
5.2989411e-16
3.9765864e-16
2.7931728e-16
1.7562156e-16
8.7875233e-17
1.6261276e-17
-4.2008711e-17
-8.9287796e-17
-1.2684387e-16
-1.5475795e-16
-1.7392967e-16
-1.8616698e-16
-1.9209425e-16
-1.9281851e-16
-1.8918187e-16
-1.8196217e-16
-1.7253417e-16
-1.6139e-16
-1.4898251e-16
-1.357079e-16
-1.2182122e-16
-1.0821088e-16
-9.4852329e-17
-8.190816e-17
-6.9691447e-17
-5.8206546e-17
-4.7767167e-17
-3.810454e-17
-2.9549685e-17
-2.2138999e-17
-1.5404011e-17
-9.6060233e-18
-4.5376783e-18
-2.5505425e-19
3.1700077e-18
5.8435417e-18
7.71857e-18
9.0832694e-18
9.9863438e-18
1.0482042e-17
1.0784973e-17
1.0510192e-17
1.0138246e-17
9.7348186e-18
8.9347226e-18
8.1702824e-18
7.106968e-18
6.2655839e-18
5.5515312e-18
4.4184782e-18
3.7272219e-18
3.0366493e-18
2.1355016e-18
1.5487535e-18
9.0230695e-19
3.1816695e-19
-3.3720889e-19
-7.3153645e-19
-8.9559546e-19
-1.5157694e-18
-2.0484136e-18
)
;
    }
    water_wedge2
    {
        type            wedge;
        value           nonuniform List<scalar> 
1000
(
-1.1294814e-13
-1.4267044e-13
-1.1216942e-13
-1.0631434e-13
-9.9364579e-14
-9.3387825e-14
-8.8676742e-14
-8.4958365e-14
-8.1973782e-14
-7.9470914e-14
-7.7270975e-14
-7.5229934e-14
-7.3256811e-14
-7.1273203e-14
-6.9180003e-14
-6.6853458e-14
-6.4127461e-14
-6.0810776e-14
-5.6661964e-14
-5.1415189e-14
-4.4794931e-14
-3.6645219e-14
-2.7085164e-14
-1.6554132e-14
-5.8641008e-15
4.0457458e-15
1.2384657e-14
1.8673958e-14
2.2905615e-14
2.529982e-14
2.6203959e-14
2.602304e-14
2.5030631e-14
2.3523945e-14
2.1693476e-14
1.9686369e-14
1.7646327e-14
1.5591356e-14
1.3619001e-14
1.1764513e-14
1.0008691e-14
8.3969847e-15
6.9396683e-15
5.6233076e-15
4.4445686e-15
3.4092619e-15
2.50856e-15
1.7250547e-15
1.0506806e-15
4.8354365e-16
2.2767045e-17
-3.5831046e-16
-6.6759183e-16
-9.014571e-16
-1.0782974e-15
-1.1999954e-15
-1.276049e-15
-1.3183264e-15
-1.3309021e-15
-1.3077315e-15
-1.2570393e-15
-1.193091e-15
-1.1191721e-15
-1.0405723e-15
-9.5091903e-16
-8.5685604e-16
-7.6251327e-16
-6.6386156e-16
-5.7491058e-16
-4.8836193e-16
-4.0773808e-16
-3.3563659e-16
-2.667677e-16
-2.0329189e-16
-1.4464247e-16
-9.4252361e-17
-5.211642e-17
-1.9570429e-17
5.9563499e-18
3.1140003e-17
5.4416207e-17
7.448393e-17
8.4243942e-17
8.7779964e-17
9.0874368e-17
9.0803105e-17
9.2292468e-17
9.3297697e-17
9.1850807e-17
8.3332873e-17
7.5779279e-17
7.141104e-17
6.8471261e-17
6.2141959e-17
4.8589491e-17
4.5243064e-17
4.2246698e-17
3.3050662e-17
2.9542782e-17
1.8981675e-17
-6.8080769e-13
-1.0335368e-12
-8.3928963e-13
-7.9752776e-13
-7.4939258e-13
-7.0313194e-13
-6.6535242e-13
-6.3521979e-13
-6.1093399e-13
-5.9051895e-13
-5.7244595e-13
-5.5560141e-13
-5.391219e-13
-5.2219629e-13
-5.0396032e-13
-4.8343182e-13
-4.593404e-13
-4.3018432e-13
-3.9436243e-13
-3.5054569e-13
-2.9813113e-13
-2.3764934e-13
-1.7103894e-13
-1.0154743e-13
-3.3364287e-14
2.8941971e-14
8.1482479e-14
1.2214453e-13
1.5064582e-13
1.6797315e-13
1.7587584e-13
1.7634995e-13
1.7127072e-13
1.6229805e-13
1.5074877e-13
1.3768363e-13
1.2392792e-13
1.1003879e-13
9.6458824e-14
8.346141e-14
7.1230573e-14
5.9913048e-14
4.9566217e-14
4.021372e-14
3.184387e-14
2.4434601e-14
1.7947049e-14
1.232677e-14
7.5214149e-15
3.4743836e-15
1.209971e-16
-2.6101811e-15
-4.795516e-15
-6.4983393e-15
-7.7597265e-15
-8.6433166e-15
-9.2069314e-15
-9.4861303e-15
-9.5302764e-15
-9.3697552e-15
-9.0492265e-15
-8.6131481e-15
-8.0760701e-15
-7.4676168e-15
-6.817237e-15
-6.1441528e-15
-5.4667702e-15
-4.795319e-15
-4.1447483e-15
-3.5232837e-15
-2.942068e-15
-2.4088547e-15
-1.9156375e-15
-1.4697917e-15
-1.0715394e-15
-7.2026738e-16
-4.1957247e-16
-1.6572516e-16
4.5674225e-17
2.2399037e-16
3.6901121e-16
4.7886401e-16
5.5469864e-16
6.0499177e-16
6.3737595e-16
6.485493e-16
6.4515575e-16
6.3169773e-16
6.0392625e-16
5.7143714e-16
5.343717e-16
4.9002384e-16
4.4647474e-16
3.9928726e-16
3.5388691e-16
3.1017835e-16
2.6199185e-16
2.2147477e-16
1.87822e-16
1.1317158e-16
3.1339217e-12
4.8023133e-12
3.9072385e-12
3.711391e-12
3.4900607e-12
3.2689416e-12
3.086022e-12
2.9387829e-12
2.8176211e-12
2.712477e-12
2.6152673e-12
2.5197155e-12
2.4205076e-12
2.3123588e-12
2.1894993e-12
2.0461187e-12
1.8774938e-12
1.6810955e-12
1.4574188e-12
1.2105442e-12
9.4808989e-13
6.8017254e-13
4.176055e-13
1.70203e-13
-5.3301235e-14
-2.4554623e-13
-4.0216975e-13
-5.2203618e-13
-6.0634773e-13
-6.58045e-13
-6.8128109e-13
-6.8086843e-13
-6.6177702e-13
-6.2869135e-13
-5.8579747e-13
-5.3664626e-13
-4.8411337e-13
-4.3048307e-13
-3.7747457e-13
-3.2634911e-13
-2.7799977e-13
-2.3301678e-13
-1.917429e-13
-1.5435696e-13
-1.2090489e-13
-9.1298721e-14
-6.5416089e-14
-4.3069618e-14
-2.4061529e-14
-8.1687164e-15
4.916881e-15
1.5499446e-14
2.3869639e-14
3.0262774e-14
3.4919447e-14
3.805472e-14
3.9858427e-14
4.0559609e-14
4.0324207e-14
3.9324905e-14
3.7711854e-14
3.5607e-14
3.3167953e-14
3.0491219e-14
2.7674778e-14
2.4796082e-14
2.1908151e-14
1.9097583e-14
1.6395352e-14
1.3839332e-14
1.1449806e-14
9.2361183e-15
7.2372392e-15
5.4448123e-15
3.8690772e-15
2.4913192e-15
1.2906551e-15
2.8696043e-16
-5.4968493e-16
-1.2213802e-15
-1.7407839e-15
-2.1455231e-15
-2.4241376e-15
-2.5978006e-15
-2.6941637e-15
-2.7127702e-15
-2.6779157e-15
-2.5915954e-15
-2.4618901e-15
-2.310898e-15
-2.1415778e-15
-1.9631773e-15
-1.7695652e-15
-1.5714748e-15
-1.3824152e-15
-1.1982184e-15
-1.0251814e-15
-8.5526324e-16
-6.9330981e-16
-4.0448301e-16
-3.7211469e-12
-5.4869272e-12
-4.4854173e-12
-4.2512582e-12
-3.9873706e-12
-3.7244153e-12
-3.5031653e-12
-3.3195215e-12
-3.1610765e-12
-3.0149829e-12
-2.8702705e-12
-2.7174915e-12
-2.5486703e-12
-2.3580397e-12
-2.1427182e-12
-1.9031544e-12
-1.643452e-12
-1.3711134e-12
-1.0958584e-12
-8.276866e-13
-5.7485654e-13
-3.4279535e-13
-1.3424215e-13
4.9283079e-14
2.0666663e-13
3.3754742e-13
4.4237011e-13
5.2194923e-13
5.774234e-13
6.1042063e-13
6.2315937e-13
6.1837679e-13
5.9909293e-13
5.6845108e-13
5.2946419e-13
4.8487172e-13
4.3707179e-13
3.8802389e-13
3.3931528e-13
2.9215488e-13
2.4741509e-13
2.0570954e-13
1.6742948e-13
1.3278304e-13
1.0183848e-13
7.4561012e-14
5.0832226e-14
3.0501435e-14
1.3375711e-14
-7.9492663e-16
-1.2323605e-14
-2.1520233e-14
-2.8634827e-14
-3.3897729e-14
-3.7533149e-14
-3.9767511e-14
-4.0809482e-14
-4.0842066e-14
-4.0044428e-14
-3.8576315e-14
-3.6587428e-14
-3.4213176e-14
-3.1566461e-14
-2.8748872e-14
-2.5843298e-14
-2.2930618e-14
-2.0073321e-14
-1.7312078e-14
-1.4687616e-14
-1.2224162e-14
-9.9463743e-15
-7.8721358e-15
-6.0032071e-15
-4.344577e-15
-2.8907378e-15
-1.6360213e-15
-5.7166071e-16
3.2046349e-16
1.0459357e-15
1.6214946e-15
2.0599035e-15
2.3716439e-15
2.5807586e-15
2.6983576e-15
2.7400094e-15
2.7165002e-15
2.6380613e-15
2.5225433e-15
2.3778618e-15
2.2137781e-15
2.0329062e-15
1.8403338e-15
1.6476135e-15
1.4546765e-15
1.2672289e-15
1.0872134e-15
9.1689777e-16
7.5870835e-16
6.1096835e-16
3.5242778e-16
-1.085826e-12
-1.5239436e-12
-1.2530987e-12
-1.181925e-12
-1.1008301e-12
-1.0209648e-12
-9.5197086e-13
-8.9178086e-13
-8.3604972e-13
-7.8041467e-13
-7.2162277e-13
-6.5787128e-13
-5.8878328e-13
-5.1529562e-13
-4.3944469e-13
-3.6393508e-13
-2.9150858e-13
-2.2431559e-13
-1.6358663e-13
-1.0968122e-13
-6.2334605e-14
-2.1021207e-14
1.4665375e-14
4.506908e-14
7.0534386e-14
9.139195e-14
1.0791385e-13
1.2026981e-13
1.2862035e-13
1.3317175e-13
1.3420063e-13
1.3209311e-13
1.2730218e-13
1.203408e-13
1.1174082e-13
1.0200998e-13
9.1619249e-14
8.0963039e-14
7.0377839e-14
6.0136441e-14
5.042473e-14
4.1383987e-14
3.3110959e-14
2.5649698e-14
1.9020831e-14
1.321656e-14
8.2165874e-15
3.9872281e-15
4.6964181e-16
-2.4032614e-15
-4.7041701e-15
-6.4927951e-15
-7.828653e-15
-8.7670999e-15
-9.3529589e-15
-9.6453283e-15
-9.6896155e-15
-9.5301675e-15
-9.2077016e-15
-8.7507477e-15
-8.1994621e-15
-7.5777378e-15
-6.9124799e-15
-6.2292273e-15
-5.5345708e-15
-4.8529533e-15
-4.1958564e-15
-3.569727e-15
-2.9841046e-15
-2.4343894e-15
-1.9355012e-15
-1.4871537e-15
-1.085299e-15
-7.3600192e-16
-4.3003975e-16
-1.7061983e-16
4.7519125e-17
2.253476e-16
3.62009e-16
4.7405752e-16
5.5137865e-16
6.0201985e-16
6.3649276e-16
6.4726563e-16
6.4761723e-16
6.3030988e-16
6.0177415e-16
5.7118106e-16
5.296281e-16
4.899329e-16
4.4482146e-16
3.9692718e-16
3.5428454e-16
3.075399e-16
2.6830021e-16
2.2657691e-16
1.856296e-16
1.5417233e-16
1.1983046e-16
6.6386184e-17
-1.523529e-12
-2.0202532e-12
-1.6642504e-12
-1.563222e-12
-1.4418415e-12
-1.3187427e-12
-1.2058578e-12
-1.0997894e-12
-9.9514871e-13
-8.8831368e-13
-7.78502e-13
-6.6750929e-13
-5.5885995e-13
-4.5649987e-13
-3.634703e-13
-2.8125261e-13
-2.0991477e-13
-1.4863316e-13
-9.6208572e-14
-5.1342944e-14
-1.289446e-14
1.9893081e-14
4.7608843e-14
7.0811303e-14
8.9994541e-14
1.0552518e-13
1.1763092e-13
1.264282e-13
1.3200214e-13
1.3445737e-13
1.3395839e-13
1.3076679e-13
1.2522068e-13
1.1772904e-13
1.0874661e-13
9.8729995e-14
8.8115872e-14
7.7287309e-14
6.6572178e-14
5.6239388e-14
4.6484182e-14
3.7446732e-14
2.9222553e-14
2.1861507e-14
1.5378369e-14
9.7632342e-15
4.9919241e-15
1.0183988e-15
-2.2342983e-15
-4.8469403e-15
-6.8860691e-15
-8.4143574e-15
-9.4916105e-15
-1.0179437e-14
-1.0533825e-14
-1.0605042e-14
-1.0447522e-14
-1.01051e-14
-9.617182e-15
-9.0203365e-15
-8.3436776e-15
-7.6174771e-15
-6.8664874e-15
-6.1097627e-15
-5.3641516e-15
-4.6414459e-15
-3.9528948e-15
-3.3065611e-15
-2.7095022e-15
-2.1620257e-15
-1.6648335e-15
-1.222614e-15
-8.3360095e-16
-4.9723948e-16
-2.1088417e-16
3.0725107e-17
2.2865969e-16
3.8511128e-16
5.0374064e-16
5.9276537e-16
6.5373036e-16
6.881702e-16
7.040071e-16
7.016751e-16
6.8556056e-16
6.5795355e-16
6.2184196e-16
5.8135649e-16
5.3441261e-16
4.8533784e-16
4.3618451e-16
3.8748307e-16
3.4048813e-16
2.9261622e-16
2.4903257e-16
2.077414e-16
1.687835e-16
1.3599401e-16
1.0473398e-16
5.6727043e-17
9.832025e-12
1.224487e-11
9.7925762e-12
9.079343e-12
8.2357834e-12
7.3209347e-12
6.4224013e-12
5.5553908e-12
4.7220581e-12
3.9327871e-12
3.2079159e-12
2.5665927e-12
2.0172244e-12
1.5563825e-12
1.1734243e-12
8.5560167e-13
5.9099111e-13
3.6944838e-13
1.8286117e-13
2.5091299e-14
-1.0819043e-13
-2.2005379e-13
-3.1333382e-13
-3.9062947e-13
-4.5388203e-13
-5.0435657e-13
-5.4272616e-13
-5.6926448e-13
-5.8407762e-13
-5.8732383e-13
-5.7941049e-13
-5.611137e-13
-5.3360732e-13
-4.9841776e-13
-4.5730686e-13
-4.1213535e-13
-3.6471846e-13
-3.1670862e-13
-2.6952071e-13
-2.2428995e-13
-1.8187835e-13
-1.4289247e-13
-1.0771348e-13
-7.6535039e-14
-4.9405689e-14
-2.6284014e-14
-6.9785885e-15
8.8573285e-15
2.160168e-14
3.1584682e-14
3.9091813e-14
4.4408551e-14
4.7824012e-14
4.9618435e-14
5.0056602e-14
4.9381297e-14
4.7811098e-14
4.5540993e-14
4.2742322e-14
3.9566492e-14
3.6147127e-14
3.2599115e-14
2.9020253e-14
2.5490918e-14
2.2075759e-14
1.8824701e-14
1.5771988e-14
1.2942095e-14
1.0349594e-14
8.0037117e-15
5.9092387e-15
4.0638935e-15
2.4615855e-15
1.0905912e-15
-5.9956445e-17
-1.0005513e-15
-1.7471364e-15
-2.3204021e-15
-2.7426635e-15
-3.0322745e-15
-3.2071817e-15
-3.2849589e-15
-3.2795433e-15
-3.2052941e-15
-3.0765088e-15
-2.9073423e-15
-2.7101766e-15
-2.4943306e-15
-2.2683691e-15
-2.0382523e-15
-1.8090971e-15
-1.5838316e-15
-1.3660202e-15
-1.1597667e-15
-9.6730805e-16
-7.8976656e-16
-6.2802725e-16
-4.810017e-16
-3.5183305e-16
-1.76859e-16
-2.1664397e-13
-2.7929193e-13
-2.0492107e-13
-1.7660111e-13
-1.5135441e-13
-1.264291e-13
-1.0306286e-13
-8.2197998e-14
-6.44075e-14
-4.9843788e-14
-3.8255364e-14
-2.9143073e-14
-2.1963627e-14
-1.6251948e-14
-1.1649394e-14
-7.8920097e-15
-4.7860384e-15
-2.1936316e-15
-2.3934624e-17
1.792662e-15
3.308179e-15
4.5667725e-15
5.6089277e-15
6.4651873e-15
7.1577011e-15
7.6995863e-15
8.0965652e-15
8.3494404e-15
8.456293e-15
8.4166111e-15
8.2336247e-15
7.914911e-15
7.474438e-15
6.9317808e-15
6.3114852e-15
5.6391481e-15
4.9401292e-15
4.2383093e-15
3.5537182e-15
2.9032918e-15
2.2995836e-15
1.7497205e-15
1.2582424e-15
8.2823407e-16
4.6046315e-16
1.5268352e-16
-1.0042911e-16
-3.0442309e-16
-4.651963e-16
-5.8724984e-16
-6.7402201e-16
-7.3035907e-16
-7.6090905e-16
-7.6982689e-16
-7.6100694e-16
-7.3773912e-16
-7.0311107e-16
-6.6018425e-16
-6.1185e-16
-5.594404e-16
-5.0443855e-16
-4.4910738e-16
-3.9431827e-16
-3.4146283e-16
-2.9134582e-16
-2.4393636e-16
-2.003009e-16
-1.6008599e-16
-1.2341017e-16
-9.1165346e-17
-6.244247e-17
-3.7063988e-17
-1.5272498e-17
2.7089224e-18
1.7291195e-17
2.8995525e-17
3.7954771e-17
4.4681693e-17
4.9128965e-17
5.2053432e-17
5.3292726e-17
5.3165491e-17
5.2053262e-17
5.0178093e-17
4.7953321e-17
4.5045654e-17
4.1617941e-17
3.8201963e-17
3.4794521e-17
3.0910401e-17
2.7122183e-17
2.4037042e-17
2.1125394e-17
1.7862588e-17
1.5312701e-17
1.3099907e-17
1.0404309e-17
8.4698411e-18
7.0002204e-18
4.8108544e-18
-1.9757705e-12
-5.552771e-12
-4.1251336e-12
-3.2301766e-12
-2.5096927e-12
-1.898203e-12
-1.3933971e-12
-1.0034875e-12
-7.2027532e-13
-5.2074817e-13
-3.798561e-13
-2.7782883e-13
-2.0134564e-13
-1.4207114e-13
-9.4853914e-14
-5.6236611e-14
-2.4152526e-14
2.4753587e-15
2.4527721e-14
4.2749749e-14
5.7793388e-14
7.0214086e-14
8.0441542e-14
8.8775484e-14
9.5416951e-14
1.0047796e-13
1.0399069e-13
1.0593004e-13
1.0624574e-13
1.0489908e-13
1.0189558e-13
9.7309038e-14
9.1292574e-14
8.4075886e-14
7.5949024e-14
6.7233883e-14
5.8255335e-14
4.9314389e-14
4.0667975e-14
3.2519968e-14
2.5017612e-14
1.8256201e-14
1.2289395e-14
7.1687256e-15
2.8842626e-15
-6.522972e-16
-3.5319548e-15
-5.8238783e-15
-7.5777378e-15
-8.8465907e-15
-9.6881979e-15
-1.0164744e-14
-1.0334133e-14
-1.0251655e-14
-9.968154e-15
-9.5273029e-15
-8.9694549e-15
-8.3275626e-15
-7.6301861e-15
-6.9012115e-15
-6.1599097e-15
-5.4252715e-15
-4.711411e-15
-4.0301494e-15
-3.3901365e-15
-2.7958842e-15
-2.2521694e-15
-1.7596504e-15
-1.3181014e-15
-9.2750686e-16
-5.8401714e-16
-2.8651319e-16
-3.4702718e-17
1.7185465e-16
3.3487298e-16
4.5980681e-16
5.5098592e-16
6.1377887e-16
6.5307168e-16
6.7227658e-16
6.7479051e-16
6.6322275e-16
6.3982472e-16
6.0688006e-16
5.6714452e-16
5.2260021e-16
4.7545717e-16
4.2780739e-16
3.8075777e-16
3.3455887e-16
2.9019356e-16
2.4826291e-16
2.087042e-16
1.7177342e-16
1.3838732e-16
1.0870278e-16
8.1918485e-17
5.814169e-17
3.8438143e-17
1.7951019e-17
5.1320834e-13
1.0604853e-13
1.3673682e-14
-1.4046037e-14
-1.9624768e-14
-1.8329729e-14
-1.5182705e-14
-1.1901576e-14
-9.0778697e-15
-6.8249818e-15
-5.0710402e-15
-3.7049271e-15
-2.6291337e-15
-1.7701895e-15
-1.074161e-15
-4.9857386e-16
-1.3197895e-17
3.9272237e-16
7.2384515e-16
9.9353961e-16
1.2139256e-15
1.3943471e-15
1.5424654e-15
1.6618848e-15
1.7556472e-15
1.8253404e-15
1.8705337e-15
1.8908236e-15
1.8846618e-15
1.8509772e-15
1.789754e-15
1.7015768e-15
1.5891799e-15
1.4563011e-15
1.3080988e-15
1.150283e-15
9.8828633e-16
8.2805343e-16
6.7393795e-16
5.2954578e-16
3.9781907e-16
2.8007276e-16
1.7721401e-16
8.96232e-17
1.7772509e-17
-4.0124777e-17
-8.7162066e-17
-1.2397518e-16
-1.5175738e-16
-1.7141995e-16
-1.8329126e-16
-1.8893256e-16
-1.8935386e-16
-1.8570141e-16
-1.7901127e-16
-1.6951333e-16
-1.5808672e-16
-1.4542696e-16
-1.3209467e-16
-1.1863611e-16
-1.0484658e-16
-9.133257e-17
-7.8414836e-17
-6.6160979e-17
-5.4836555e-17
-4.4299052e-17
-3.489686e-17
-2.6310246e-17
-1.8472079e-17
-1.1793908e-17
-5.8964808e-18
-8.3087829e-19
3.4444884e-18
6.8974211e-18
9.4918469e-18
1.1493032e-17
1.2841601e-17
1.3689741e-17
1.414882e-17
1.4146063e-17
1.4175564e-17
1.384518e-17
1.3168395e-17
1.2587016e-17
1.1753938e-17
1.1085075e-17
1.0140133e-17
9.0721505e-18
8.4734424e-18
7.5026059e-18
6.6165202e-18
6.0274613e-18
5.2252179e-18
4.5926817e-18
4.0250794e-18
3.6550112e-18
3.1504383e-18
2.5238842e-18
2.483339e-18
2.4059328e-18
)
;
    }
    water_to_rock
    {
        type            calculated;
        value           uniform 0;
    }
}


// ************************************************************************* //
