/*--------------------------------*- C++ -*----------------------------------*\
| =========                 |                                                 |
| \\      /  F ield         | OpenFOAM: The Open Source CFD Toolbox           |
|  \\    /   O peration     | Version:  2506                                  |
|   \\  /    A nd           | Website:  www.openfoam.com                      |
|    \\/     M anipulation  |                                                 |
\*---------------------------------------------------------------------------*/
FoamFile
{
    version     2.0;
    format      ascii;
    arch        "LSB;label=32;scalar=64";
    class       volScalarField;
    location    "27000/water";
    object      epsilon;
}
// * * * * * * * * * * * * * * * * * * * * * * * * * * * * * * * * * * * * * //

dimensions      [0 2 -3 0 0 0 0];

internalField   nonuniform List<scalar> 
6000
(
0.00010005327
0.00010005311
0.00010005314
0.00010005327
0.00010005342
0.00010005363
0.0001000539
0.00010005427
0.00010005511
0.00010005982
0.00010010144
0.00010049509
0.00010424183
0.00014354191
0.00073980484
8.5785229e-05
8.5785556e-05
8.5786111e-05
8.5786982e-05
8.5788138e-05
8.5789633e-05
8.5791527e-05
8.5794043e-05
8.5798789e-05
8.581901e-05
8.5962524e-05
8.7071869e-05
9.5619929e-05
0.00016974081
0.0010520452
7.4267219e-05
7.4268013e-05
7.426896e-05
7.4270365e-05
7.4272213e-05
7.4274585e-05
7.4277581e-05
7.4281747e-05
7.4291154e-05
7.4336305e-05
7.4633748e-05
7.6634978e-05
9.0041816e-05
0.00019500629
0.0013270628
6.4852864e-05
6.485355e-05
6.4854661e-05
6.4856389e-05
6.4858676e-05
6.4861616e-05
6.4865387e-05
6.4871112e-05
6.4886838e-05
6.4967364e-05
6.5458677e-05
6.84101e-05
8.6285087e-05
0.00021715658
0.0015411415
5.7072087e-05
5.7072704e-05
5.7073918e-05
5.7075861e-05
5.7078448e-05
5.7081784e-05
5.7086167e-05
5.7093598e-05
5.7117581e-05
5.7242267e-05
5.7947685e-05
6.180797e-05
8.3505097e-05
0.0002348614
0.0016895689
5.0576692e-05
5.0577312e-05
5.0578592e-05
5.0580667e-05
5.0583434e-05
5.0587016e-05
5.0591882e-05
5.0601216e-05
5.0635234e-05
5.0810032e-05
5.1732149e-05
5.6406881e-05
8.1259069e-05
0.00024828861
0.0017792142
4.5104569e-05
4.5105188e-05
4.5106499e-05
4.5108638e-05
4.5111496e-05
4.5115213e-05
4.5120483e-05
4.5131961e-05
4.5177479e-05
4.5405527e-05
4.6535255e-05
5.1917397e-05
7.9376731e-05
0.00025838324
0.0018218943
4.0455895e-05
4.0456503e-05
4.045782e-05
4.0459977e-05
4.0462859e-05
4.0466628e-05
4.0472257e-05
4.0486117e-05
4.0544208e-05
4.0826355e-05
4.2148994e-05
4.8144563e-05
7.7837439e-05
0.00026629433
0.0018300463
3.6476506e-05
3.6477102e-05
3.6478406e-05
3.6480546e-05
3.6483399e-05
3.6487156e-05
3.6493116e-05
3.6509564e-05
3.6580944e-05
3.6916576e-05
3.8416896e-05
4.4958845e-05
7.669346e-05
0.00027309124
0.0018145574
3.304611e-05
3.3046691e-05
3.304797e-05
3.3050065e-05
3.3052847e-05
3.3056537e-05
3.3062809e-05
3.3082024e-05
3.3167159e-05
3.3555102e-05
3.5220975e-05
4.2274823e-05
7.6025068e-05
0.00027965054
0.0017840405
3.0069857e-05
3.007042e-05
3.0071664e-05
3.0073692e-05
3.0076366e-05
3.0079941e-05
3.0086514e-05
3.0108667e-05
3.0207924e-05
3.0647227e-05
3.2471858e-05
4.0036357e-05
7.5917105e-05
0.00028663427
0.001744886
2.7472233e-05
2.7472777e-05
2.7473976e-05
2.7475917e-05
2.747845e-05
2.7481869e-05
2.7488744e-05
2.7514021e-05
2.7627825e-05
2.8118369e-05
3.010146e-05
3.820687e-05
7.6449192e-05
0.00029450875
0.0017016307
2.5192577e-05
2.5193098e-05
2.5194246e-05
2.5196082e-05
2.5198442e-05
2.520167e-05
2.520887e-05
2.5237507e-05
2.5366478e-05
2.5909414e-05
2.805763e-05
3.6763308e-05
7.7693097e-05
0.0003035735
0.00165739
2.3181748e-05
2.3182245e-05
2.3183333e-05
2.3185048e-05
2.3187207e-05
2.3190219e-05
2.3197794e-05
2.323011e-05
2.3375184e-05
2.3973213e-05
2.6300284e-05
3.5692527e-05
7.9712907e-05
0.00031398658
0.0016142425
2.1399629e-05
2.14001e-05
2.140112e-05
2.1402697e-05
2.140463e-05
2.1407412e-05
2.1415452e-05
2.1451882e-05
2.1614405e-05
2.2271964e-05
2.4798652e-05
3.4989203e-05
8.2565442e-05
0.00032578296
0.0015735325
1.9813231e-05
1.9813672e-05
1.9814616e-05
1.981604e-05
1.9817725e-05
1.9820279e-05
1.9828922e-05
1.9870043e-05
2.0051847e-05
2.0775227e-05
2.3529325e-05
3.4654636e-05
8.6299521e-05
0.00033888748
0.0015360911
1.8395236e-05
1.8395645e-05
1.8396506e-05
1.8397761e-05
1.8399183e-05
1.8401531e-05
1.8410972e-05
1.8457531e-05
1.8660989e-05
1.9458432e-05
2.2474895e-05
3.4695971e-05
9.095345e-05
0.00035312607
0.0015023901
1.7122886e-05
1.7123259e-05
1.7124028e-05
1.7125102e-05
1.712625e-05
1.7128438e-05
1.7138942e-05
1.7191872e-05
1.7419954e-05
1.8301752e-05
2.1622992e-05
3.5125546e-05
9.6550686e-05
0.00036823944
0.0014726449
1.5977101e-05
1.5977436e-05
1.5978105e-05
1.5978984e-05
1.5979859e-05
1.598196e-05
1.5993865e-05
1.6054312e-05
1.6310628e-05
1.7289248e-05
2.0965619e-05
3.5960111e-05
0.00010309413
0.00038390222
0.0014468811
1.4941799e-05
1.4942091e-05
1.4942652e-05
1.4943329e-05
1.494394e-05
1.4946058e-05
1.4959787e-05
1.5029124e-05
1.5317979e-05
1.6408225e-05
2.049868e-05
3.7219755e-05
0.00011055991
0.00039974861
0.00142498
1.4003348e-05
1.4003595e-05
1.4004041e-05
1.4004511e-05
1.400488e-05
1.4007153e-05
1.402322e-05
1.4103071e-05
1.442952e-05
1.5648751e-05
2.0221625e-05
3.8926413e-05
0.00011889194
0.00041540307
0.0014067117
1.3150142e-05
1.315034e-05
1.3150665e-05
1.3150927e-05
1.315109e-05
1.3153695e-05
1.3172714e-05
1.3264971e-05
1.3634892e-05
1.5003284e-05
2.0137155e-05
4.1101901e-05
0.00012799852
0.0004305123
0.0013917631
1.2372247e-05
1.2372393e-05
1.2372592e-05
1.237265e-05
1.2372659e-05
1.2375814e-05
1.2398506e-05
1.2505359e-05
1.2925534e-05
1.446641e-05
2.0250947e-05
4.3765469e-05
0.00013775238
0.00044477369
0.0013797649
1.1661123e-05
1.1661215e-05
1.1661286e-05
1.166115e-05
1.1661074e-05
1.1665043e-05
1.1692246e-05
1.1816209e-05
1.2294425e-05
1.4034634e-05
2.0571326e-05
4.6930996e-05
0.00014799478
0.00045795585
0.0013703185
1.1009401e-05
1.1009437e-05
1.1009378e-05
1.1009066e-05
1.1008994e-05
1.101409e-05
1.104677e-05
1.1190715e-05
1.1735881e-05
1.3706238e-05
2.1108871e-05
5.0604014e-05
0.00015854368
0.00046990849
0.0013630208
1.0410692e-05
1.041067e-05
1.0410485e-05
1.0410022e-05
1.0410062e-05
1.0416652e-05
1.0455917e-05
1.0623112e-05
1.1245399e-05
1.3481165e-05
2.1875889e-05
5.4778858e-05
0.00016920526
0.00048056142
0.0013574861
9.8594384e-06
9.8593586e-06
9.8590515e-06
9.8584721e-06
9.8587577e-06
9.8672657e-06
9.9143754e-06
1.0108535e-05
1.0819533e-05
1.3360938e-05
2.2885735e-05
5.9436317e-05
0.00017978706
0.00048991474
0.001353362
9.3507874e-06
9.3506504e-06
9.3502304e-06
9.3495787e-06
9.3502669e-06
9.3611826e-06
9.4175684e-06
9.6428999e-06
1.045581e-05
1.3348574e-05
2.4151946e-05
6.4542151e-05
0.00019011095
0.00049802341
0.0013503406
8.8804873e-06
8.8802951e-06
8.8797751e-06
8.879106e-06
8.8803818e-06
8.8942644e-06
8.9615474e-06
9.2228179e-06
1.0152655e-05
1.3448503e-05
2.5687206e-05
7.0046823e-05
0.00020002406
0.00050498001
0.001348162
8.4448007e-06
8.4445568e-06
8.4439543e-06
8.4433345e-06
8.4454129e-06
8.4628989e-06
8.5429123e-06
8.8455163e-06
9.9093487e-06
1.3666457e-05
2.7502143e-05
7.588662e-05
0.00020940613
0.0005108985
0.0013466143
8.0404324e-06
8.0401416e-06
8.0394792e-06
8.0389884e-06
8.0421174e-06
8.0639293e-06
8.1587433e-06
8.508784e-06
9.7259953e-06
1.4009323e-05
2.9604058e-05
8.1986181e-05
0.00021817297
0.000515901
0.00134553
7.664468e-06
7.6641372e-06
7.663443e-06
7.6631755e-06
7.6676392e-06
7.6945949e-06
7.8065457e-06
8.2109262e-06
9.6034999e-06
1.4484935e-05
3.1995646e-05
8.8262228e-05
0.00022627582
0.0005201082
0.0013447796
7.3143234e-06
7.3139614e-06
7.3132697e-06
7.3133352e-06
7.319458e-06
7.3524816e-06
7.4842048e-06
7.950732e-06
9.5435554e-06
1.5101802e-05
3.4673864e-05
9.4628077e-05
0.00023369766
0.00052363336
0.0013442658
6.9877006e-06
6.9873184e-06
6.9866703e-06
6.9871959e-06
6.9953468e-06
7.0354818e-06
7.1899496e-06
7.7274515e-06
9.5486283e-06
1.5868742e-05
3.7629068e-05
0.00010099842
0.00024044745
0.00052657911
0.0013439174
6.6825513e-06
6.6821625e-06
6.6816065e-06
6.6827386e-06
6.6933357e-06
6.741759e-06
6.9223234e-06
7.5407805e-06
9.6219392e-06
1.6794438e-05
4.0844541e-05
0.00010729381
0.00024655353
0.00052903629
0.0013436835
6.3970453e-06
6.396666e-06
6.3962591e-06
6.3981651e-06
6.411682e-06
6.4697206e-06
6.6801611e-06
7.3908531e-06
9.7674313e-06
1.7886905e-05
4.4296529e-05
0.00011344428
0.00025205715
0.0005310841
0.0013435288
6.1295436e-06
6.129193e-06
6.129001e-06
6.1318719e-06
6.1488438e-06
6.2179935e-06
6.4625723e-06
7.2782395e-06
9.9897187e-06
1.9152894e-05
4.7954807e-05
0.00011939197
0.0002570069
0.00053279086
0.0013434302
5.8785752e-06
5.8782757e-06
5.8783746e-06
5.8824275e-06
5.903459e-06
5.9854055e-06
6.2689287e-06
7.2039478e-06
1.0294006e-05
2.0597266e-05
5.1783772e-05
0.00012509231
0.00026145422
0.00053421506
0.001343373
5.6428172e-06
5.642595e-06
5.6430719e-06
5.6485531e-06
5.6743264e-06
5.7709695e-06
6.0988564e-06
7.1694287e-06
1.0685974e-05
2.2222385e-05
5.5743957e-05
0.00013051408
0.00026545026
0.00053540647
0.0013433493
5.4210776e-06
5.4209629e-06
5.4219174e-06
5.4291059e-06
5.4603909e-06
5.5738715e-06
5.9522322e-06
7.1765787e-06
1.1171622e-05
2.4027579e-05
5.9793835e-05
0.00013563849
0.00026904378
0.00053640725
0.0013433553
5.2122808e-06
5.2123081e-06
5.2138535e-06
5.2230651e-06
5.26073e-06
5.3934608e-06
5.8291825e-06
7.2277422e-06
1.1757062e-05
2.6008735e-05
6.3891719e-05
0.00014045745
0.00027228005
0.00053725289
0.0013433902
5.0154542e-06
5.0156629e-06
5.0179281e-06
5.0295196e-06
5.0745437e-06
5.2292435e-06
5.7300867e-06
7.3257058e-06
1.2448271e-05
2.8158068e-05
6.7997574e-05
0.00014497164
0.00027520025
0.00053797313
0.0013434553
4.8297171e-06
4.8301524e-06
4.8332834e-06
4.847658e-06
4.9011459e-06
5.0808782e-06
5.6555823e-06
7.4736833e-06
1.3250796e-05
3.0464119e-05
7.2074574e-05
0.00014918835
0.00027784139
0.00053859275
0.0013435527
4.654271e-06
4.6549842e-06
4.6591465e-06
4.6767597e-06
4.739957e-06
4.9481738e-06
5.6065719e-06
7.6752861e-06
1.4169424e-05
3.2911986e-05
7.6090276e-05
0.00015311953
0.00028023648
0.00053913229
0.0013436849
4.4883913e-06
4.4894404e-06
4.4948214e-06
4.5161875e-06
4.5904991e-06
4.8310889e-06
5.5842316e-06
7.9344756e-06
1.5207848e-05
3.5483782e-05
8.001736e-05
0.00015678017
0.00028241474
0.00053960873
0.0013438547
4.3314193e-06
4.3328703e-06
4.3396818e-06
4.3653818e-06
4.452392e-06
4.7297344e-06
5.5900196e-06
8.2554925e-06
1.6368331e-05
3.8159287e-05
8.3833932e-05
0.00016018692
0.00028440196
0.00054003599
0.0013440645
4.1827562e-06
4.1846838e-06
4.1931653e-06
4.2238553e-06
4.3253508e-06
4.6443763e-06
5.6256833e-06
8.64276e-06
1.7651409e-05
4.0916739e-05
8.7523433e-05
0.00016335711
0.00028622083
0.00054042551
0.0013443165
4.0418571e-06
4.0443457e-06
4.0547683e-06
4.0911891e-06
4.2091847e-06
4.5754417e-06
5.693263e-06
9.1007601e-06
1.9055658e-05
4.3733691e-05
9.1074255e-05
0.00016630804
0.00028789123
0.00054078658
0.0013446125
3.9082261e-06
3.9113713e-06
3.9240414e-06
3.96703e-06
4.103797e-06
4.5235248e-06
5.795091e-06
9.6338804e-06
2.0577552e-05
4.658786e-05
9.4479149e-05
0.00016905655
0.0002894306
0.00054112679
0.0013449537
3.781412e-06
3.7853219e-06
3.8005859e-06
3.8510876e-06
4.0091864e-06
4.4893954e-06
5.9337827e-06
1.0246237e-05
2.2211424e-05
4.9457896e-05
9.7734538e-05
0.00017161867
0.00029085417
0.00054145227
0.001345341
3.6610043e-06
3.6658014e-06
3.6840513e-06
3.7431338e-06
3.9254494e-06
4.4740067e-06
6.1122182e-06
1.0941479e-05
2.3949551e-05
5.2324021e-05
0.00010083981
0.00017400949
0.00029217524
0.00054176798
0.0013457749
3.5466302e-06
3.5524531e-06
3.5741321e-06
3.6430016e-06
3.8527838e-06
4.4785051e-06
6.3335103e-06
1.172258e-05
2.5782348e-05
5.5168498e-05
0.00010379664
0.00017624311
0.00029340545
0.00054207792
0.0013462556
3.4379516e-06
3.4449572e-06
3.470567e-06
3.5505856e-06
3.7914931e-06
4.5042378e-06
6.6009581e-06
1.2591637e-05
2.7698674e-05
5.7975926e-05
0.00010660842
0.00017833256
0.00029455494
0.00054238527
0.0013467828
3.3346627e-06
3.3430286e-06
3.373137e-06
3.4658429e-06
3.7419925e-06
4.5527599e-06
6.9179828e-06
1.3549688e-05
2.9686211e-05
6.0733357e-05
0.00010927977
0.00018028982
0.00029563258
0.00054269259
0.001347356
3.2364878e-06
3.2464154e-06
3.281665e-06
3.3887949e-06
3.7048152e-06
4.6258384e-06
7.2880456e-06
1.4596555e-05
3.1731891e-05
6.3430277e-05
0.00011181611
0.00018212592
0.00029664614
0.0005430019
0.0013479746
3.1431799e-06
3.1548974e-06
3.1960156e-06
3.3195298e-06
3.6806199e-06
4.7254524e-06
7.7145469e-06
1.5730747e-05
3.382234e-05
6.6058466e-05
0.0001142234
0.00018385092
0.00029760241
0.00054331477
0.0013486378
3.0545192e-06
3.0682854e-06
3.1160958e-06
3.2582055e-06
3.6701986e-06
4.8537869e-06
8.2007094e-06
1.6949409e-05
3.5944302e-05
6.8611786e-05
0.00011650785
0.00018547397
0.00029850735
0.00054363246
0.0013493444
2.9703119e-06
2.9864203e-06
3.0418551e-06
3.2050543e-06
3.6744852e-06
5.0132198e-06
8.7494484e-06
1.824835e-05
3.8085015e-05
7.1085926e-05
0.00011867579
0.00018700343
0.00029936619
0.00054395589
0.0013500934
2.8903898e-06
2.9091733e-06
2.9732878e-06
3.1603869e-06
3.6945633e-06
5.2062984e-06
9.363235e-06
1.9622123e-05
4.0232513e-05
7.3478131e-05
0.00012073351
0.00018844688
0.00030018354
0.00054428579
0.0013508836
2.8146096e-06
2.836446e-06
2.9104344e-06
3.1245986e-06
3.7316741e-06
5.4357064e-06
1.004396e-05
2.1064181e-05
4.2375859e-05
7.5786948e-05
0.00012268719
0.00018981121
0.00030096345
0.00054462266
0.0013517137
2.7428528e-06
2.7681709e-06
2.8533843e-06
3.098175e-06
3.7872216e-06
5.7042165e-06
1.079281e-05
2.256707e-05
4.4505285e-05
7.8011979e-05
0.00012454279
0.00019110267
0.00030170949
0.00054496684
0.0013525823
2.6750262e-06
2.7043127e-06
2.8022791e-06
3.0816992e-06
3.862777e-06
6.0146317e-06
1.1610155e-05
2.4122665e-05
4.6612263e-05
8.0153673e-05
0.00012630606
0.0001923269
0.00030242477
0.00054531836
0.0013534882
2.6110622e-06
2.6448693e-06
2.7573159e-06
3.0758593e-06
3.9600781e-06
6.3697125e-06
1.2495478e-05
2.5722423e-05
4.8689513e-05
8.2213151e-05
0.00012798249
0.00019348921
0.00030311295
0.00054567958
0.0013544295
2.5509198e-06
2.5898742e-06
2.718752e-06
3.0814557e-06
4.0810247e-06
6.7720928e-06
1.3447327e-05
2.7357636e-05
5.0730962e-05
8.4192051e-05
0.00012957729
0.00019459431
0.00030377609
0.00054604532
0.0013554045
2.494586e-06
2.5393984e-06
2.6869098e-06
3.0994095e-06
4.2276673e-06
7.2241864e-06
1.4463315e-05
2.9019661e-05
5.2731648e-05
8.6092388e-05
0.00013109537
0.00019564635
0.00030441574
0.00054641398
0.001356411
2.4420772e-06
2.4935535e-06
2.6621824e-06
3.1307692e-06
4.4021887e-06
7.7280876e-06
1.5540154e-05
3.0700124e-05
5.4687629e-05
8.7916447e-05
0.0001325413
0.00019664904
0.00030503329
0.00054678555
0.001357447
2.3934419e-06
2.4524951e-06
2.6450395e-06
3.1767179e-06
4.606876e-06
8.2854728e-06
1.6673738e-05
3.2391088e-05
5.6595867e-05
8.9666717e-05
0.00013391946
0.00019760627
0.00030563174
0.00054715702
0.0013585105
2.3487625e-06
2.4164266e-06
2.6360347e-06
3.2385776e-06
4.8440835e-06
8.8975081e-06
1.7859256e-05
3.408518e-05
5.8454117e-05
9.1345823e-05
0.00013523396
0.00019852138
0.00030621175
0.00054752793
0.0013595997
2.3081594e-06
2.3856042e-06
2.6358124e-06
3.3178122e-06
5.1161851e-06
9.5647683e-06
1.9091327e-05
3.5775672e-05
6.0260821e-05
9.2956451e-05
0.00013648859
0.0001993969
0.00030677292
0.00054790012
0.0013607134
2.2717941e-06
2.3603414e-06
2.6451157e-06
3.4160263e-06
5.4255163e-06
1.0287176e-05
2.0364155e-05
3.7456524e-05
6.2015e-05
9.4501291e-05
0.00013768677
0.00020023506
0.00030731595
0.0005482748
0.0013618503
2.2398737e-06
2.3410154e-06
2.6647937e-06
3.5349598e-06
5.7743069e-06
1.1063963e-05
2.167169e-05
3.9122402e-05
6.3716163e-05
9.5983028e-05
0.0001388318
0.00020103833
0.00030784122
0.00054865322
0.0013630097
2.2126561e-06
2.3280735e-06
2.6958092e-06
3.6764765e-06
6.1646079e-06
1.189366e-05
2.3007782e-05
4.0768662e-05
6.5364246e-05
9.7404398e-05
0.00013992712
0.00020180982
0.00030834747
0.00054903725
0.0013641909
2.1904555e-06
2.32204e-06
2.7392452e-06
3.8425461e-06
6.5982126e-06
1.2774116e-05
2.4366319e-05
4.2391323e-05
6.6959522e-05
9.8768018e-05
0.00014097539
0.00020254993
0.00030883711
0.00054942734
0.0013653934
2.1736491e-06
2.3235241e-06
2.7963109e-06
4.0352183e-06
7.0765796e-06
1.370254e-05
2.5741357e-05
4.398702e-05
6.8502524e-05
0.00010007635
0.0001419789
0.00020325984
0.00030931202
0.0005498234
0.0013666164
2.1626844e-06
2.3332282e-06
2.8683445e-06
4.2565877e-06
7.6007593e-06
1.4675575e-05
2.7127208e-05
4.555295e-05
6.9993983e-05
0.00010133172
0.00014293979
0.00020394109
0.0003097737
0.00055022517
0.001367859
2.158087e-06
2.3519559e-06
2.9568139e-06
4.5087506e-06
8.1713304e-06
1.5689387e-05
2.8518526e-05
4.7086834e-05
7.1434898e-05
0.00010253684
0.00014386157
0.00020459275
0.00031022401
0.00055063281
0.0013691204
2.1604699e-06
2.3806209e-06
3.0633136e-06
4.7937526e-06
8.7883498e-06
1.6739763e-05
2.9910354e-05
4.8586858e-05
7.2826358e-05
0.00010369382
0.00014474502
0.00020521727
0.00031066403
0.00055104639
0.0013703998
2.1705425e-06
2.4202549e-06
3.1895555e-06
5.1135291e-06
9.4513219e-06
1.7822225e-05
3.1298154e-05
5.00516e-05
7.416948e-05
0.00010480453
0.00014559147
0.00020581671
0.00031109449
0.00055146583
0.0013716964
2.1891212e-06
2.4720151e-06
3.3373546e-06
5.4698406e-06
1.0159187e-05
1.8932134e-05
3.2677818e-05
5.1479974e-05
7.5465397e-05
0.0001058707
0.00014640251
0.00020639288
0.00031151598
0.0005518909
0.0013730095
2.2171394e-06
2.5371894e-06
3.5086066e-06
5.864205e-06
1.0910331e-05
2.0064794e-05
3.4045679e-05
5.287128e-05
7.6715685e-05
0.00010689531
0.0001471778
0.00020694761
0.00031192923
0.00055232138
0.0013743381
2.2556581e-06
2.6172001e-06
3.7052577e-06
6.2978312e-06
1.1702617e-05
2.1215543e-05
3.5398491e-05
5.4225044e-05
7.7921523e-05
0.00010787902
0.00014791972
0.00020748225
0.00031233485
0.00055275703
0.0013756814
2.3058756e-06
2.7136033e-06
3.9292661e-06
6.771558e-06
1.2533434e-05
2.2379829e-05
3.6733396e-05
5.5540958e-05
7.9083961e-05
0.00010882301
0.00014863031
0.00020799791
0.00031273333
0.0005531976
0.0013770387
2.3691364e-06
2.8280837e-06
4.1825545e-06
7.285801e-06
1.3399764e-05
2.3553273e-05
3.8047918e-05
5.6818971e-05
8.0204411e-05
0.00010972814
0.00014931142
0.00020849561
0.00031312503
0.00055364281
0.0013784091
2.4469373e-06
2.9624438e-06
4.4669557e-06
7.8405133e-06
1.4298251e-05
2.4731723e-05
3.9339956e-05
5.8059301e-05
8.1284454e-05
0.00011059497
0.00014996474
0.00020897636
0.0003135103
0.00055409235
0.0013797918
2.5409304e-06
3.1185852e-06
4.784152e-06
8.4351608e-06
1.5225285e-05
2.5911276e-05
4.0607688e-05
5.926202e-05
8.2324492e-05
0.00011142552
0.00015059167
0.00020944105
0.00031388942
0.00055454591
0.0013811859
2.6529218e-06
3.298482e-06
5.1356117e-06
9.0687149e-06
1.6177077e-05
2.7088293e-05
4.1849525e-05
6.0427216e-05
8.3325312e-05
0.00011222155
0.00015119344
0.00020989046
0.00031426262
0.00055500317
0.0013825907
2.7848624e-06
3.5041439e-06
5.5225249e-06
9.7396641e-06
1.7149747e-05
2.8259463e-05
4.3064378e-05
6.1556064e-05
8.4286604e-05
0.00011298473
0.00015177128
0.00021032528
0.00031463009
0.0005554638
0.0013840054
2.938831e-06
3.7375711e-06
5.9457438e-06
1.0446041e-05
1.8139383e-05
2.9421735e-05
4.4251126e-05
6.2648238e-05
8.5209846e-05
0.00011371646
0.00015232628
0.00021074614
0.00031499199
0.00055592746
0.0013854292
3.1170067e-06
4.0006983e-06
6.4057299e-06
1.1185461e-05
1.9142099e-05
3.0572295e-05
4.5408721e-05
6.3703722e-05
8.609648e-05
0.00011441804
0.00015285944
0.00021115361
0.00031534843
0.0005563938
0.0013868613
3.3216292e-06
4.2953332e-06
6.9025133e-06
1.1955186e-05
2.0154122e-05
3.1708777e-05
4.6537129e-05
6.4721756e-05
8.6947831e-05
0.00011509069
0.00015337167
0.00021154817
0.0003156995
0.00055686247
0.001388301
3.5549454e-06
4.6230875e-06
7.4356652e-06
1.2752174e-05
2.1171787e-05
3.2828884e-05
4.7635202e-05
6.5703014e-05
8.7765084e-05
0.00011573554
0.00015386379
0.00021193028
0.00031604524
0.00055733313
0.0013897473
3.8191434e-06
4.9853068e-06
8.0042869e-06
1.357315e-05
2.2191572e-05
3.393055e-05
4.8701864e-05
6.6648328e-05
8.8549332e-05
0.00011635365
0.00015433655
0.00021230032
0.0003163857
0.00055780543
0.0013911997
4.1162741e-06
5.3830033e-06
8.6070188e-06
1.4414691e-05
2.3210257e-05
3.5012494e-05
4.9735684e-05
6.7558463e-05
8.9301626e-05
0.00011694596
0.00015479064
0.00021265864
0.00031672087
0.00055827898
0.0013926572
4.4481633e-06
5.8167927e-06
9.2420586e-06
1.5273249e-05
2.4224617e-05
3.607241e-05
5.0736632e-05
6.8434124e-05
9.0022948e-05
0.00011751336
0.00015522666
0.00021300552
0.00031705073
0.00055875344
0.0013941192
4.8163206e-06
6.2868461e-06
9.9072147e-06
1.6145326e-05
2.5232155e-05
3.7107807e-05
5.1704679e-05
6.9276001e-05
9.0714208e-05
0.00011805667
0.00015564517
0.00021334124
0.00031737524
0.00055922843
0.0013955849
5.2218482e-06
6.7928503e-06
1.0599935e-05
1.7027337e-05
2.6229794e-05
3.8117151e-05
5.2639823e-05
7.0084759e-05
9.1376252e-05
0.00011857661
0.00015604667
0.000213666
0.00031769432
0.00055970358
0.0013970535
5.6653617e-06
7.3340019e-06
1.1317444e-05
1.7916163e-05
2.7214022e-05
3.9099331e-05
5.3542101e-05
7.0861031e-05
9.2009862e-05
0.00011907386
0.00015643161
0.00021397998
0.0003180079
0.00056017849
0.0013985243
6.1469264e-06
7.9090063e-06
1.2056752e-05
1.880805e-05
2.8182134e-05
4.0053353e-05
5.4411584e-05
7.1605413e-05
9.2615758e-05
0.00011954902
0.00015680036
0.00021428332
0.00031831586
0.00056065278
0.0013999964
6.6660271e-06
8.5161462e-06
1.2814872e-05
1.9698972e-05
2.9131841e-05
4.0978342e-05
5.5248369e-05
7.2318467e-05
9.3194597e-05
0.00012000265
0.00015715327
0.00021457612
0.00031861808
0.00056112606
0.0014014692
7.2216333e-06
9.1533918e-06
1.3587934e-05
2.0585549e-05
3.0061057e-05
4.1873534e-05
5.6052566e-05
7.3000713e-05
9.3746979e-05
0.00012043524
0.00015749064
0.00021485847
0.0003189144
0.00056159791
0.0014029417
7.812013e-06
9.8178777e-06
1.4372271e-05
2.1464601e-05
3.0967892e-05
4.2738263e-05
5.6824297e-05
7.3652631e-05
9.4273444e-05
0.0001208472
0.0001578127
0.00021513039
0.00031920465
0.00056206792
0.0014044133
8.4347114e-06
1.0506399e-05
1.5164231e-05
2.2333161e-05
3.1850647e-05
4.3571952e-05
5.756369e-05
7.4274664e-05
9.4774478e-05
0.00012123892
0.00015811967
0.0002153919
0.00031948865
0.00056253565
0.001405883
9.086708e-06
1.1215456e-05
1.5960232e-05
2.3188489e-05
3.2707804e-05
4.4374105e-05
5.8270875e-05
7.4867212e-05
9.5250511e-05
0.00012161073
0.00015841169
0.00021564298
0.00031976618
0.00056300067
0.0014073501
9.764507e-06
1.1941339e-05
1.6756802e-05
2.4028076e-05
3.3538023e-05
4.5144309e-05
5.8945988e-05
7.5430641e-05
9.5701924e-05
0.00012196291
0.0001586889
0.00021588356
0.00032003701
0.00056346251
0.0014088137
1.0464242e-05
1.2680208e-05
1.7550618e-05
2.484965e-05
3.4340139e-05
4.5882223e-05
5.9589167e-05
7.5965281e-05
9.6129049e-05
0.00012229567
0.00015895136
0.00021611356
0.00032030088
0.00056392071
0.0014102729
1.1181787e-05
1.3428172e-05
1.833854e-05
2.5651177e-05
3.5113153e-05
4.6587583e-05
6.0200555e-05
7.6471428e-05
9.6532173e-05
0.00012260921
0.00015919912
0.00021633288
0.00032055753
0.00056437478
0.0014117267
1.1912874e-05
1.4181366e-05
1.9117628e-05
2.6430858e-05
3.5856231e-05
4.72602e-05
6.0780305e-05
7.6949356e-05
9.6911543e-05
0.00012290366
0.00015943219
0.00021654137
0.00032080664
0.00056482421
0.0014131742
1.2653194e-05
1.4936016e-05
1.9885165e-05
2.7187124e-05
3.65687e-05
4.7899959e-05
6.1328585e-05
7.7399314e-05
9.726737e-05
0.00012317915
0.00015965054
0.00021673887
0.00032104792
0.00056526848
0.0014146144
1.33985e-05
1.5688502e-05
2.0638668e-05
2.7918634e-05
3.7250044e-05
4.8506825e-05
6.1845578e-05
7.7821534e-05
9.7599833e-05
0.00012343573
0.00015985412
0.00021692518
0.00032128101
0.00056570704
0.0014160463
1.414469e-05
1.64354e-05
2.1375892e-05
2.8624261e-05
3.7899895e-05
4.9080841e-05
6.2331493e-05
7.8216242e-05
9.7909086e-05
0.00012367345
0.00016004283
0.00021710008
0.00032150557
0.00056613934
0.0014174687
1.4887874e-05
1.7173526e-05
2.209484e-05
2.9303086e-05
3.8518031e-05
4.9622129e-05
6.2786568e-05
7.8583658e-05
9.8195266e-05
0.00012389233
0.00016021657
0.00021726334
0.00032172122
0.0005665648
0.0014188805
1.5624429e-05
1.7899962e-05
2.2793753e-05
2.9954388e-05
3.9104367e-05
5.0130892e-05
6.3211073e-05
7.8924007e-05
9.8458496e-05
0.00012409237
0.00016037522
0.00021741471
0.00032192757
0.00056698282
0.0014202806
1.6351039e-05
1.8612073e-05
2.3471114e-05
3.0577626e-05
3.965895e-05
5.0607413e-05
6.360532e-05
7.9237524e-05
9.8698892e-05
0.00012427355
0.00016051863
0.00021755392
0.00032212422
0.00056739279
0.0014216676
1.7064716e-05
1.9307519e-05
2.4125637e-05
3.1172433e-05
4.0181946e-05
5.1052052e-05
6.3969661e-05
7.952446e-05
9.8916572e-05
0.00012443586
0.00016064664
0.00021768068
0.00032231075
0.00056779409
0.0014230403
1.7762814e-05
1.9984256e-05
2.4756259e-05
3.1738602e-05
4.0673636e-05
5.1465248e-05
6.4304496e-05
7.9785091e-05
9.9111661e-05
0.00012457928
0.0001607591
0.00021779472
0.00032248675
0.00056818607
0.0014243975
1.8443032e-05
2.0640534e-05
2.5362127e-05
3.2276066e-05
4.1134401e-05
5.1847512e-05
6.4610274e-05
8.001972e-05
9.9284299e-05
0.00012470378
0.00016085586
0.00021789575
0.00032265179
0.00056856811
0.0014257376
1.9103403e-05
2.1274884e-05
2.5942589e-05
3.2784896e-05
4.1564717e-05
5.2199423e-05
6.4887491e-05
8.0228683e-05
9.9434646e-05
0.00012480936
0.00016093676
0.00021798349
0.00032280545
0.00056893955
0.0014270593
1.9742287e-05
2.1886106e-05
2.6497178e-05
3.3265277e-05
4.1965143e-05
5.2521625e-05
6.5136694e-05
8.0412353e-05
9.9562885e-05
0.00012489603
0.00016100167
0.00021805766
0.00032294733
0.00056929975
0.0014283611
2.0358346e-05
2.2473256e-05
2.7025598e-05
3.3717504e-05
4.2336311e-05
5.281482e-05
6.5358478e-05
8.0571141e-05
9.9669234e-05
0.00012496384
0.00016105046
0.00021811802
0.00032307703
0.00056964808
0.0014296415
2.0950529e-05
2.3035622e-05
2.7527709e-05
3.4141964e-05
4.2678914e-05
5.3079761e-05
6.5553487e-05
8.0705501e-05
9.9753941e-05
0.00012501284
0.00016108305
0.00021816433
0.00032319418
0.00056998393
0.0014308991
2.1518045e-05
2.3572709e-05
2.8003515e-05
3.4539129e-05
4.2993702e-05
5.3317248e-05
6.5722407e-05
8.0815928e-05
9.9817295e-05
0.00012504313
0.00016109936
0.00021819639
0.00032329841
0.00057030669
0.0014321323
2.206034e-05
2.4084213e-05
2.8453145e-05
3.4909541e-05
4.3281468e-05
5.352812e-05
6.5865964e-05
8.0902957e-05
9.9859624e-05
0.00012505486
0.00016109938
0.00021821402
0.00032338943
0.00057061581
0.0014333397
2.2577075e-05
2.4570009e-05
2.8876841e-05
3.5253805e-05
4.3543041e-05
5.371325e-05
6.5984923e-05
8.0967167e-05
9.9881299e-05
0.00012504819
0.00016108312
0.00021821711
0.00032346696
0.00057091076
0.0014345196
2.3068095e-05
2.5030124e-05
2.9274947e-05
3.5572577e-05
4.3779282e-05
5.3873533e-05
6.6080082e-05
8.1009175e-05
9.9882734e-05
0.00012502336
0.00016105062
0.00021820556
0.00032353075
0.00057119105
0.0014356708
2.3533416e-05
2.5464721e-05
2.964789e-05
3.5866558e-05
4.399107e-05
5.400989e-05
6.6152265e-05
8.1029634e-05
9.9864385e-05
0.00012498062
0.00016100201
0.00021817933
0.00032358064
0.00057145625
0.0014367916
2.3973195e-05
2.5874083e-05
2.9996174e-05
3.6136482e-05
4.4179303e-05
5.4123252e-05
6.6202321e-05
8.1029232e-05
9.9826751e-05
0.0001249203
0.00016093742
0.00021813845
0.0003236165
0.00057170599
0.0014378808
2.4387715e-05
2.6258592e-05
3.0320365e-05
3.6383114e-05
4.4344885e-05
5.4214561e-05
6.6231118e-05
8.1008688e-05
9.9770371e-05
0.00012484276
0.00016085708
0.00021808297
0.00032363825
0.00057193995
0.0014389371
2.4777364e-05
2.6618718e-05
3.062108e-05
3.6607237e-05
4.4488727e-05
5.4284763e-05
6.6239539e-05
8.096875e-05
9.9695824e-05
0.0001247484
0.00016076123
0.00021801304
0.0003236459
0.00057215789
0.0014399592
2.5142618e-05
2.6955001e-05
3.0898981e-05
3.6809651e-05
4.4611737e-05
5.4334803e-05
6.6228475e-05
8.0910187e-05
9.9603723e-05
0.00012463769
0.00016065019
0.00021792884
0.0003236395
0.00057235962
0.001440946
2.5484029e-05
2.7268042e-05
3.1154763e-05
3.6991165e-05
4.4714823e-05
5.4365623e-05
6.6198826e-05
8.0833789e-05
9.9494718e-05
0.00012451111
0.00016052432
0.00021783061
0.00032361917
0.00057254504
0.0014418965
2.5802207e-05
2.7558488e-05
3.1389148e-05
3.7152595e-05
4.4798881e-05
5.4378156e-05
6.6151491e-05
8.0740365e-05
9.9369486e-05
0.00012436923
0.00016038404
0.00021771866
0.00032358509
0.00057271412
0.0014428098
2.6097811e-05
2.7827027e-05
3.1602877e-05
3.7294754e-05
4.4864799e-05
5.4373325e-05
6.6087369e-05
8.0630732e-05
9.9228731e-05
0.0001242126
0.00016022981
0.00021759334
0.00032353751
0.00057286687
0.001443685
2.6371537e-05
2.8074372e-05
3.1796703e-05
3.7418455e-05
4.491345e-05
5.4352038e-05
6.6007355e-05
8.0505718e-05
9.9073183e-05
0.00012404186
0.00016006214
0.00021745507
0.00032347674
0.00057300342
0.0014445215
2.6624109e-05
2.8301259e-05
3.1971391e-05
3.7524505e-05
4.4945694e-05
5.431519e-05
6.5912333e-05
8.0366157e-05
9.8903589e-05
0.00012385765
0.00015988159
0.0002173043
0.00032340314
0.00057312394
0.0014453188
2.6856271e-05
2.8508438e-05
3.2127704e-05
3.7613701e-05
4.4962371e-05
5.4263654e-05
6.5803179e-05
8.0212884e-05
9.8720711e-05
0.00012366064
0.00015968874
0.00021714156
0.00032331714
0.00057322865
0.0014460765
2.706878e-05
2.8696667e-05
3.2266407e-05
3.7686829e-05
4.4964306e-05
5.4198287e-05
6.5680757e-05
8.0046731e-05
9.8525325e-05
0.00012345155
0.00015948423
0.0002169674
0.00032321919
0.00057331787
0.0014467942
2.72624e-05
2.8866705e-05
3.238826e-05
3.7744662e-05
4.4952301e-05
5.4119926e-05
6.5545913e-05
7.9868528e-05
9.8318216e-05
0.00012323108
0.00015926871
0.00021678241
0.00032310983
0.00057339195
0.0014474718
2.7437897e-05
2.9019314e-05
3.2494015e-05
3.7787959e-05
4.4927139e-05
5.4029383e-05
6.5399479e-05
7.9679098e-05
9.8100171e-05
0.00012299999
0.00015904287
0.00021658723
0.0003229896
0.0005734513
0.0014481093
2.7596034e-05
2.9155246e-05
3.2584416e-05
3.7817463e-05
4.4889583e-05
5.392745e-05
6.5242268e-05
7.9479253e-05
9.7871981e-05
0.00012275903
0.00015880741
0.00021638251
0.0003228591
0.00057349638
0.0014487069
2.7737567e-05
2.9275248e-05
3.2660193e-05
3.7833898e-05
4.4840373e-05
5.3814898e-05
6.5075074e-05
7.9269795e-05
9.7634435e-05
0.00012250895
0.00015856308
0.00021616894
0.00032271897
0.0005735277
0.0014492647
2.7863246e-05
2.9380056e-05
3.2722061e-05
3.7837972e-05
4.4780227e-05
5.369247e-05
6.4898671e-05
7.9051512e-05
9.7388317e-05
0.00012225053
0.00015831059
0.00021594722
0.00032256985
0.0005735458
0.001449783
2.7973805e-05
2.9470392e-05
3.2770724e-05
3.7830373e-05
4.4709842e-05
5.356089e-05
6.4713809e-05
7.8825175e-05
9.7134404e-05
0.00012198452
0.00015805071
0.00021571809
0.00032241242
0.00057355126
0.0014502623
2.8069967e-05
2.9546964e-05
3.2806864e-05
3.7811771e-05
4.4629892e-05
5.3420856e-05
6.4521219e-05
7.8591539e-05
9.6873463e-05
0.00012171171
0.00015778419
0.00021548227
0.00032224737
0.00057354468
0.0014507033
2.8152438e-05
2.9610463e-05
3.2831152e-05
3.7782816e-05
4.4541029e-05
5.3273042e-05
6.4321608e-05
7.8351341e-05
9.6606248e-05
0.00012143284
0.00015751179
0.00021524051
0.00032207541
0.0005735267
0.0014511064
2.8221907e-05
2.9661565e-05
3.2844234e-05
3.7744138e-05
4.4443883e-05
5.31181e-05
6.411566e-05
7.8105296e-05
9.6333499e-05
0.00012114867
0.00015723425
0.00021499354
0.00032189724
0.00057349797
0.0014514726
2.8279047e-05
2.9700927e-05
3.2846744e-05
3.7696346e-05
4.4339061e-05
5.2956657e-05
6.3904035e-05
7.7854101e-05
9.6055939e-05
0.00012085994
0.00015695233
0.00021474209
0.00032171358
0.00057345914
0.0014518025
2.8324511e-05
2.9729185e-05
3.2839292e-05
3.7640032e-05
4.422715e-05
5.2789317e-05
6.3687371e-05
7.7598428e-05
9.5774271e-05
0.00012056738
0.00015666674
0.00021448691
0.00032152513
0.00057341089
0.0014520973
2.835893e-05
2.9746958e-05
3.2822471e-05
3.7575764e-05
4.4108714e-05
5.261666e-05
6.346628e-05
7.7338929e-05
9.548918e-05
0.00012027168
0.00015637823
0.0002142287
0.00032133258
0.0005733539
0.0014523577
2.838292e-05
2.9754845e-05
3.2796855e-05
3.7504094e-05
4.3984296e-05
5.2439245e-05
6.3241352e-05
7.7076229e-05
9.5201329e-05
0.00011997355
0.00015608748
0.00021396817
0.00032113662
0.00057328883
0.001452585
2.8397074e-05
2.9753427e-05
3.2762997e-05
3.742555e-05
4.3854418e-05
5.2257606e-05
6.301315e-05
7.6810932e-05
9.4911356e-05
0.00011967364
0.00015579518
0.00021370599
0.00032093792
0.00057321635
0.0014527802
2.8401966e-05
2.9743261e-05
3.2721431e-05
3.7340645e-05
4.3719581e-05
5.2072255e-05
6.2782217e-05
7.6543617e-05
9.4619876e-05
0.00011937261
0.000155502
0.00021344284
0.00032073712
0.00057313713
0.0014529445
2.8398149e-05
2.9724888e-05
3.2672673e-05
3.7249869e-05
4.3580267e-05
5.1883683e-05
6.254907e-05
7.6274836e-05
9.432748e-05
0.00011907106
0.00015520856
0.00021317935
0.00032053484
0.00057305178
0.0014530791
2.8386157e-05
2.9698828e-05
3.2617217e-05
3.7153693e-05
4.3436936e-05
5.1692357e-05
6.2314202e-05
7.6005119e-05
9.4034733e-05
0.00011876961
0.00015491548
0.00021291612
0.00032033169
0.00057296095
0.0014531852
2.8366503e-05
2.9665582e-05
3.2555542e-05
3.7052572e-05
4.3290028e-05
5.1498726e-05
6.2078083e-05
7.573497e-05
9.3742173e-05
0.0001184688
0.00015462334
0.00021265374
0.00032012823
0.00057286521
0.0014532642
2.8339683e-05
2.9625631e-05
3.2488106e-05
3.6946941e-05
4.3139966e-05
5.1303216e-05
6.1841161e-05
7.5464868e-05
9.3450313e-05
0.00011816919
0.00015433269
0.00021239275
0.000319925
0.00057276515
0.0014533172
2.8306173e-05
2.957944e-05
3.2415349e-05
3.6837215e-05
4.2987153e-05
5.1106231e-05
6.160386e-05
7.5195266e-05
9.3159638e-05
0.00011787127
0.00015404406
0.00021213369
0.0003197225
0.00057266131
0.0014533455
2.8266428e-05
2.9527452e-05
3.2337693e-05
3.6723795e-05
4.2831973e-05
5.0908158e-05
6.1366584e-05
7.4926594e-05
9.2870607e-05
0.00011757555
0.00015375793
0.00021187702
0.0003195212
0.0005725542
0.0014533504
2.8220888e-05
2.9470094e-05
3.2255544e-05
3.6607061e-05
4.2674793e-05
5.0709363e-05
6.1129713e-05
7.4659258e-05
9.2583654e-05
0.00011728246
0.00015347478
0.00021162322
0.00031932156
0.00057244432
0.0014533331
2.8169973e-05
2.9407777e-05
3.216929e-05
3.648738e-05
4.2515962e-05
5.0510194e-05
6.0893605e-05
7.439364e-05
9.2299183e-05
0.00011699243
0.00015319504
0.00021137271
0.00031912397
0.00057233213
0.0014532949
2.8114088e-05
2.9340893e-05
3.2079303e-05
3.63651e-05
4.2355814e-05
5.0310978e-05
6.0658602e-05
7.4130098e-05
9.2017577e-05
0.00011670587
0.0001529191
0.00021112587
0.00031892882
0.00057221805
0.0014532369
2.8053619e-05
2.9269817e-05
3.1985938e-05
3.6240554e-05
4.2194664e-05
5.0112028e-05
6.042502e-05
7.3868969e-05
9.173919e-05
0.00011642314
0.00015264735
0.00021088306
0.00031873644
0.00057210248
0.0014531604
2.7988937e-05
2.9194909e-05
3.1889535e-05
3.611406e-05
4.2032813e-05
4.9913637e-05
6.0193161e-05
7.3610565e-05
9.1464354e-05
0.00011614459
0.00015238011
0.00021064462
0.00031854717
0.0005719858
0.0014530664
2.7920396e-05
2.9116515e-05
3.179042e-05
3.5985921e-05
4.1870545e-05
4.9716082e-05
5.9963304e-05
7.335518e-05
9.1193374e-05
0.00011587052
0.00015211771
0.00021041085
0.00031836128
0.00057186837
0.0014529562
2.7848335e-05
2.9034963e-05
3.1688902e-05
3.5856425e-05
4.1708131e-05
4.9519624e-05
5.9735711e-05
7.3103086e-05
9.0926533e-05
0.00011560123
0.00015186043
0.00021018202
0.00031817903
0.00057175051
0.0014528307
2.7773078e-05
2.8950567e-05
3.1585279e-05
3.5725845e-05
4.1545826e-05
4.9324508e-05
5.9510628e-05
7.2854532e-05
9.0664091e-05
0.00011533699
0.00015160854
0.00020995836
0.00031800066
0.00057163252
0.001452691
2.7694935e-05
2.8863628e-05
3.1479831e-05
3.5594444e-05
4.1383871e-05
4.9130964e-05
5.9288282e-05
7.2609752e-05
9.0406287e-05
0.00011507802
0.00015136225
0.00020974011
0.00031782638
0.00057151469
0.0014525381
2.7614202e-05
2.8774432e-05
3.1372827e-05
3.5462467e-05
4.1222496e-05
4.8939208e-05
5.9068885e-05
7.2368959e-05
9.0153336e-05
0.00011482456
0.00015112178
0.00020952744
0.00031765637
0.00057139728
0.001452373
2.7531158e-05
2.8683251e-05
3.1264523e-05
3.533015e-05
4.1061913e-05
4.8749441e-05
5.885263e-05
7.2132346e-05
8.9905434e-05
0.00011457678
0.00015088732
0.00020932052
0.00031749079
0.00057128054
0.0014521967
2.7446072e-05
2.8590345e-05
3.1155161e-05
3.5197713e-05
4.0902327e-05
4.856185e-05
5.8639698e-05
7.1900092e-05
8.9662757e-05
0.00011433487
0.00015065901
0.0002091195
0.0003173298
0.0005711647
0.00145201
2.73592e-05
2.8495961e-05
3.1044972e-05
3.5065368e-05
4.0743925e-05
4.837661e-05
5.8430253e-05
7.1672356e-05
8.9425462e-05
0.00011409896
0.000150437
0.00020892451
0.00031717364
0.00057105032
0.0014518139
2.7270782e-05
2.8400332e-05
3.0934174e-05
3.4933311e-05
4.0586886e-05
4.8193881e-05
5.8224447e-05
7.1449282e-05
8.9193686e-05
0.0001138692
0.0001502214
0.00020873566
0.0003170223
0.00057093662
0.001451609
2.7181049e-05
2.8303681e-05
3.0822972e-05
3.4801729e-05
4.0431376e-05
4.8013812e-05
5.8022415e-05
7.1230999e-05
8.8967549e-05
0.00011364569
0.00015001231
0.00020855299
0.00031687575
0.00057082346
0.001451396
2.7090219e-05
2.8206218e-05
3.0711563e-05
3.4670797e-05
4.0277549e-05
4.7836541e-05
5.7824281e-05
7.1017619e-05
8.8747156e-05
0.00011342851
0.00014980981
0.00020837667
0.00031673438
0.00057071007
0.0014511756
2.6998497e-05
2.8108141e-05
3.060013e-05
3.454068e-05
4.0125549e-05
4.7662192e-05
5.7630155e-05
7.080924e-05
8.8532592e-05
0.00011321776
0.00014961397
0.00020820667
0.00031659778
0.00057059694
0.0014509485
2.690608e-05
2.800964e-05
3.0488847e-05
3.4411531e-05
3.9975509e-05
4.7490879e-05
5.7440135e-05
7.0605947e-05
8.832393e-05
0.00011301347
0.0001494248
0.00020804293
0.00031646569
0.00057048456
0.0014507155
2.681315e-05
2.791089e-05
3.0377875e-05
3.4283494e-05
3.9827551e-05
4.7322705e-05
5.7254306e-05
7.0407812e-05
8.8121228e-05
0.00011281571
0.00014924236
0.0002078856
0.00031633765
0.00057037349
0.0014504773
2.6719882e-05
2.7812059e-05
3.0267368e-05
3.4156702e-05
3.9681789e-05
4.7157763e-05
5.7072744e-05
7.0214893e-05
8.7924531e-05
0.00011262449
0.00014906665
0.0002077345
0.00031621366
0.00057026413
0.0014502348
2.662644e-05
2.7713304e-05
3.0157469e-05
3.4031279e-05
3.9538325e-05
4.6996135e-05
5.6895513e-05
7.0027238e-05
8.7733865e-05
0.00011243982
0.0001488976
0.0002075894
0.00031609392
0.00057015673
0.0014499888
2.6532978e-05
2.7614773e-05
3.0048311e-05
3.3907342e-05
3.9397254e-05
4.6837895e-05
5.6722666e-05
6.9844882e-05
8.7549257e-05
0.00011226172
0.00014873527
0.00020744991
0.00031597858
0.0005700515
0.00144974
2.643964e-05
2.7516604e-05
2.9940021e-05
3.3784997e-05
3.9258662e-05
4.6683107e-05
5.6554247e-05
6.9667853e-05
8.7370711e-05
0.00011209016
0.00014857951
0.00020731597
0.00031586775
0.00056994861
0.0014494891
2.6346564e-05
2.7418927e-05
2.9832714e-05
3.3664341e-05
3.9122624e-05
4.6531826e-05
5.6390292e-05
6.9496163e-05
8.7198211e-05
0.00011192507
0.00014843013
0.00020718762
0.00031576145
0.00056984819
0.0014492368
2.6253876e-05
2.7321864e-05
2.9726499e-05
3.3545466e-05
3.8989212e-05
4.6384101e-05
5.6230828e-05
6.9329824e-05
8.7031771e-05
0.00011176652
0.00014828678
0.00020706487
0.0003156597
0.00056975035
0.0014489837
2.6161697e-05
2.7225527e-05
2.9621476e-05
3.3428454e-05
3.8858488e-05
4.6239971e-05
5.6075875e-05
6.9168832e-05
8.687134e-05
0.00011161429
0.00014814946
0.0002069477
0.00031556249
0.00056965514
0.0014487302
2.6070139e-05
2.7130023e-05
2.951774e-05
3.3313381e-05
3.8730505e-05
4.6099471e-05
5.5925443e-05
6.9013179e-05
8.6716897e-05
0.00011146819
0.00014801812
0.00020683606
0.00031546978
0.00056956261
0.001448477
2.5979307e-05
2.7035452e-05
2.9415375e-05
3.3200316e-05
3.8605314e-05
4.5962627e-05
5.577954e-05
6.8862847e-05
8.6568386e-05
0.00011132805
0.00014789273
0.00020672989
0.00031538153
0.00056947279
0.0014482245
2.5889298e-05
2.6941904e-05
2.9314463e-05
3.3089321e-05
3.8482956e-05
4.5829461e-05
5.5638162e-05
6.8717804e-05
8.642564e-05
0.00011119382
0.00014777319
0.00020662911
0.00031529768
0.00056938569
0.001447973
2.5800204e-05
2.6849465e-05
2.9215077e-05
3.2980455e-05
3.8363468e-05
4.5699987e-05
5.5501307e-05
6.8578039e-05
8.6288484e-05
0.00011106546
0.00014765945
0.00020653365
0.00031521816
0.0005693013
0.0014477229
2.5712109e-05
2.6758216e-05
2.9117284e-05
3.2873768e-05
3.8246884e-05
4.5574218e-05
5.5368959e-05
6.8443414e-05
8.615687e-05
0.00011094287
0.00014755142
0.00020644342
0.00031514289
0.00056921961
0.0014474746
2.5625094e-05
2.6668229e-05
2.9021147e-05
3.2769306e-05
3.8133229e-05
4.5452161e-05
5.524111e-05
6.8313799e-05
8.6030733e-05
0.00011082598
0.00014744899
0.00020635831
0.00031507179
0.00056914061
0.0014472283
2.5539231e-05
2.6579573e-05
2.8926724e-05
3.2667112e-05
3.802253e-05
4.5333826e-05
5.5117648e-05
6.8189147e-05
8.5910002e-05
0.00011071471
0.00014735208
0.00020627822
0.00031500478
0.00056906428
0.0014469843
2.5454589e-05
2.6492311e-05
2.8834066e-05
3.2567224e-05
3.7914806e-05
4.5219188e-05
5.4998505e-05
6.8069399e-05
8.5794599e-05
0.00011060896
0.00014726056
0.00020620305
0.00031494175
0.0005689906
0.0014467429
2.5371231e-05
2.6406502e-05
2.8743222e-05
3.2469677e-05
3.7810081e-05
4.5108176e-05
5.4883639e-05
6.7954493e-05
8.5684446e-05
0.00011050863
0.00014717435
0.00020613268
0.00031488263
0.00056891955
0.0014465043
2.5289215e-05
2.6322199e-05
2.8654241e-05
3.237451e-05
3.7708313e-05
4.5000766e-05
5.4773004e-05
6.7844365e-05
8.5579456e-05
0.00011041362
0.00014709331
0.00020606699
0.00031482731
0.0005688511
0.0014462686
2.5208599e-05
2.6239458e-05
2.8567165e-05
3.2281718e-05
3.7609496e-05
4.4896929e-05
5.4666553e-05
6.7738945e-05
8.5479542e-05
0.00011032382
0.00014701733
0.00020600587
0.0003147757
0.00056878526
0.0014460361
2.5129433e-05
2.615832e-05
2.8482014e-05
3.2191308e-05
3.7513616e-05
4.4796636e-05
5.4564235e-05
6.7638162e-05
8.5384612e-05
0.00011023913
0.0001469463
0.00020594919
0.00031472771
0.00056872198
0.001445807
2.5051758e-05
2.6078819e-05
2.8398807e-05
3.2103285e-05
3.7420663e-05
4.4699853e-05
5.4465995e-05
6.7541941e-05
8.529457e-05
0.00011015944
0.00014688007
0.00020589684
0.00031468325
0.00056866126
0.0014455815
2.4975607e-05
2.6000983e-05
2.8317564e-05
3.2017652e-05
3.733062e-05
4.4606545e-05
5.4371778e-05
6.7450204e-05
8.5209319e-05
0.00011008461
0.00014681854
0.00020584868
0.0003146422
0.00056860308
0.0014453598
2.4901012e-05
2.5924836e-05
2.8238297e-05
3.1934408e-05
3.7243469e-05
4.4516675e-05
5.4281525e-05
6.7362871e-05
8.5128757e-05
0.00011001455
0.00014676157
0.00020580459
0.00031460447
0.0005685474
0.001445142
2.4827997e-05
2.5850401e-05
2.8161018e-05
3.1853551e-05
3.715919e-05
4.4430203e-05
5.4195175e-05
6.727986e-05
8.5052781e-05
0.00010994912
0.00014670903
0.00020576445
0.00031456996
0.00056849421
0.0014449283
2.4756587e-05
2.5777694e-05
2.8085736e-05
3.1775074e-05
3.7077761e-05
4.4347085e-05
5.4112665e-05
6.7201085e-05
8.4981287e-05
0.00010988821
0.00014666078
0.00020572811
0.00031453857
0.00056844347
0.0014447189
2.4686799e-05
2.5706731e-05
2.8012455e-05
3.169897e-05
3.6999156e-05
4.4267279e-05
5.4033928e-05
6.7126459e-05
8.4914165e-05
0.00010983169
0.00014661669
0.00020569546
0.00031451019
0.00056839514
0.001444514
2.4618649e-05
2.5637522e-05
2.7941179e-05
3.1625229e-05
3.6923349e-05
4.4190736e-05
5.3958897e-05
6.7055893e-05
8.4851306e-05
0.00010977943
0.00014657663
0.00020566635
0.00031448471
0.00056834919
0.0014443136
2.4552151e-05
2.5570078e-05
2.7871907e-05
3.1553836e-05
3.6850309e-05
4.4117409e-05
5.3887502e-05
6.6989296e-05
8.4792601e-05
0.00010973131
0.00014654045
0.00020564066
0.00031446201
0.00056830556
0.0014441179
2.4487313e-05
2.5504403e-05
2.7804637e-05
3.1484778e-05
3.6780005e-05
4.4047247e-05
5.3819673e-05
6.6926575e-05
8.4737935e-05
0.00010968719
0.00014650803
0.00020561825
0.000314442
0.0005682642
0.001443927
2.4424144e-05
2.5440502e-05
2.7739363e-05
3.1418036e-05
3.6712404e-05
4.3980196e-05
5.3755334e-05
6.6867636e-05
8.4687197e-05
0.00010964696
0.00014647923
0.00020559899
0.00031442456
0.00056822505
0.001443741
2.4362649e-05
2.5378375e-05
2.7676079e-05
3.1353591e-05
3.664747e-05
4.3916203e-05
5.3694413e-05
6.6812384e-05
8.4640271e-05
0.00010961048
0.0001464539
0.00020558274
0.00031440957
0.00056818805
0.0014435599
2.4302829e-05
2.5318022e-05
2.7614776e-05
3.1291421e-05
3.6585165e-05
4.3855213e-05
5.3636833e-05
6.6760723e-05
8.4597044e-05
0.00010957762
0.00014643191
0.00020556937
0.00031439693
0.00056815314
0.0014433839
2.4244684e-05
2.5259437e-05
2.755544e-05
3.1231502e-05
3.652545e-05
4.3797167e-05
5.3582517e-05
6.6712556e-05
8.45574e-05
0.00010954825
0.00014641314
0.00020555876
0.00031438653
0.00056812024
0.0014432128
2.4188214e-05
2.5202617e-05
2.749806e-05
3.117381e-05
3.6468286e-05
4.3742007e-05
5.3531387e-05
6.6667785e-05
8.4521224e-05
0.00010952225
0.00014639744
0.00020555077
0.00031437825
0.00056808929
0.0014430469
2.4133414e-05
2.5147554e-05
2.7442619e-05
3.1118317e-05
3.641363e-05
4.3689675e-05
5.3483365e-05
6.6626314e-05
8.4488403e-05
0.00010949948
0.00014638468
0.00020554527
0.00031437199
0.00056806023
0.0014428859
2.4080278e-05
2.5094237e-05
2.7389102e-05
3.1064995e-05
3.6361438e-05
4.3640108e-05
5.3438371e-05
6.6588043e-05
8.4458821e-05
0.00010947983
0.00014637473
0.00020554216
0.00031436766
0.00056803298
0.00144273
2.4028798e-05
2.5042657e-05
2.7337488e-05
3.1013815e-05
3.6311667e-05
4.3593247e-05
5.3396326e-05
6.6552876e-05
8.4432366e-05
0.00010946317
0.00014636747
0.0002055413
0.00031436514
0.00056800748
0.0014425791
2.3978966e-05
2.49928e-05
2.7287759e-05
3.0964744e-05
3.6264271e-05
4.3549028e-05
5.3357149e-05
6.6520715e-05
8.4408925e-05
0.00010944937
0.00014636278
0.00020554258
0.00031436434
0.00056798366
0.0014424331
2.393077e-05
2.4944652e-05
2.7239892e-05
3.0917752e-05
3.6219204e-05
4.3507389e-05
5.3320761e-05
6.6491463e-05
8.4388386e-05
0.00010943833
0.00014636052
0.00020554588
0.00031436517
0.00056796147
0.0014422921
2.3884197e-05
2.4898198e-05
2.7193865e-05
3.0872803e-05
3.6176419e-05
4.3468267e-05
5.328708e-05
6.6465023e-05
8.4370641e-05
0.0001094299
0.00014636059
0.00020555111
0.00031436754
0.00056794086
0.0014421559
2.3839235e-05
2.485342e-05
2.7149653e-05
3.0829864e-05
3.6135866e-05
4.3431598e-05
5.3256027e-05
6.6441299e-05
8.4355578e-05
0.00010942399
0.00014636285
0.00020555814
0.00031437137
0.00056792176
0.0014420245
2.3795868e-05
2.48103e-05
2.7107232e-05
3.0788899e-05
3.6097499e-05
4.3397318e-05
5.3227522e-05
6.6420196e-05
8.4343092e-05
0.00010942048
0.00014636721
0.00020556687
0.00031437657
0.00056790412
0.0014418978
2.3754079e-05
2.4768819e-05
2.7066576e-05
3.0749872e-05
3.6061267e-05
4.3365363e-05
5.3201485e-05
6.6401619e-05
8.4333077e-05
0.00010941925
0.00014637355
0.00020557722
0.00031438306
0.0005678879
0.0014417759
2.3713852e-05
2.4728955e-05
2.7027655e-05
3.0712745e-05
3.6027121e-05
4.3335669e-05
5.3177837e-05
6.6385476e-05
8.4325427e-05
0.0001094202
0.00014638176
0.00020558907
0.00031439078
0.00056787305
0.0014416585
2.3675166e-05
2.4690688e-05
2.6990444e-05
3.0677481e-05
3.5995011e-05
4.3308172e-05
5.3156499e-05
6.6371673e-05
8.432004e-05
0.00010942321
0.00014639173
0.00020560234
0.00031439964
0.00056785952
0.0014415457
2.3638003e-05
2.4653994e-05
2.6954912e-05
3.0644042e-05
3.5964887e-05
4.3282807e-05
5.3137391e-05
6.6360119e-05
8.4316815e-05
0.00010942818
0.00014640337
0.00020561693
0.00031440957
0.00056784727
0.0014414375
2.3602341e-05
2.461885e-05
2.692103e-05
3.0612388e-05
3.5936696e-05
4.325951e-05
5.3120437e-05
6.6350724e-05
8.4315652e-05
0.00010943501
0.00014641657
0.00020563276
0.00031442051
0.00056783627
0.0014413336
2.356816e-05
2.4585232e-05
2.6888767e-05
3.058248e-05
3.5910389e-05
4.3238217e-05
5.3105559e-05
6.6343399e-05
8.4316454e-05
0.0001094436
0.00014643124
0.00020564974
0.00031443239
0.00056782645
0.0014412342
2.3535436e-05
2.4553113e-05
2.6858092e-05
3.0554277e-05
3.5885915e-05
4.3218865e-05
5.309268e-05
6.6338056e-05
8.4319125e-05
0.00010945384
0.00014644728
0.00020566778
0.00031444515
0.00056781779
0.001441139
2.3504146e-05
2.4522468e-05
2.6828974e-05
3.052774e-05
3.5863221e-05
4.3201389e-05
5.3081724e-05
6.6334607e-05
8.4323571e-05
0.00010946565
0.0001464646
0.00020568682
0.00031445872
0.00056781025
0.0014410481
2.3474266e-05
2.4493271e-05
2.6801378e-05
3.0502827e-05
3.5842256e-05
4.3185726e-05
5.3072617e-05
6.6332969e-05
8.43297e-05
0.00010947893
0.00014648311
0.00020570676
0.00031447305
0.00056780377
0.0014409614
2.3445771e-05
2.4465493e-05
2.6775274e-05
3.0479497e-05
3.582297e-05
4.3171814e-05
5.3065284e-05
6.6333056e-05
8.4337421e-05
0.00010949358
0.00014650272
0.00020572753
0.00031448807
0.00056779833
0.0014408788
2.3418635e-05
2.4439107e-05
2.6750626e-05
3.0457709e-05
3.5805311e-05
4.315959e-05
5.3059652e-05
6.6334786e-05
8.4346646e-05
0.00010950952
0.00014652335
0.00020574907
0.00031450373
0.00056779387
0.0014408002
2.3392834e-05
2.4414085e-05
2.6727402e-05
3.0437422e-05
3.5789227e-05
4.3148993e-05
5.3055647e-05
6.6338078e-05
8.4357289e-05
0.00010952666
0.00014654492
0.00020577129
0.00031451997
0.00056779037
0.0014407256
2.336834e-05
2.4390397e-05
2.6705568e-05
3.0418593e-05
3.5774668e-05
4.313996e-05
5.30532e-05
6.6342853e-05
8.4369264e-05
0.00010954492
0.00014656735
0.00020579414
0.00031453674
0.00056778776
0.0014406549
2.3345126e-05
2.4368015e-05
2.6685089e-05
3.0401182e-05
3.5761583e-05
4.3132431e-05
5.305224e-05
6.6349032e-05
8.438249e-05
0.00010956421
0.00014659056
0.00020581754
0.00031455398
0.00056778603
0.001440588
2.3323165e-05
2.4346908e-05
2.6665931e-05
3.0385146e-05
3.5749921e-05
4.3126347e-05
5.3052697e-05
6.6356539e-05
8.4396887e-05
0.00010958445
0.00014661447
0.00020584143
0.00031457164
0.00056778511
0.0014405248
2.330243e-05
2.4327047e-05
2.6648058e-05
3.0370444e-05
3.5739633e-05
4.3121647e-05
5.3054503e-05
6.6365299e-05
8.4412375e-05
0.00010960557
0.00014663903
0.00020586575
0.00031458968
0.00056778498
0.0014404652
2.3282892e-05
2.4308402e-05
2.6631437e-05
3.0357034e-05
3.5730668e-05
4.3118274e-05
5.3057592e-05
6.6375239e-05
8.4428879e-05
0.00010962749
0.00014666414
0.00020589044
0.00031460805
0.00056778558
0.0014404092
2.3264523e-05
2.4290942e-05
2.6616032e-05
3.0344876e-05
3.5722978e-05
4.311617e-05
5.3061898e-05
6.6386288e-05
8.4446325e-05
0.00010965013
0.00014668976
0.00020591544
0.0003146267
0.00056778689
0.0014403567
2.3247294e-05
2.4274636e-05
2.6601809e-05
3.0333928e-05
3.5716513e-05
4.3115277e-05
5.3067358e-05
6.6398377e-05
8.4464641e-05
0.00010967344
0.00014671582
0.00020594071
0.00031464559
0.00056778885
0.0014403075
2.3231177e-05
2.4259455e-05
2.6588732e-05
3.0324149e-05
3.5711227e-05
4.3115541e-05
5.3073908e-05
6.6411437e-05
8.4483758e-05
0.00010969734
0.00014674224
0.00020596618
0.00031466467
0.00056779144
0.0014402616
2.3216144e-05
2.4245367e-05
2.6576768e-05
3.0315499e-05
3.570707e-05
4.3116906e-05
5.3081486e-05
6.6425402e-05
8.4503608e-05
0.00010972176
0.00014676899
0.00020599181
0.00031468392
0.00056779461
0.0014402188
2.3202165e-05
2.4232342e-05
2.6565881e-05
3.0307937e-05
3.5703998e-05
4.3119319e-05
5.3090034e-05
6.644021e-05
8.4524126e-05
0.00010974665
0.000146796
0.00020601755
0.00031470328
0.00056779832
0.0014401791
2.3189212e-05
2.4220349e-05
2.6556037e-05
3.0301425e-05
3.5701962e-05
4.3122727e-05
5.3099493e-05
6.6455797e-05
8.454525e-05
0.00010977195
0.00014682321
0.00020604335
0.00031472272
0.00056780255
0.0014401423
2.3177255e-05
2.4209359e-05
2.6547203e-05
3.0295923e-05
3.5700919e-05
4.3127078e-05
5.3109806e-05
6.6472104e-05
8.4566919e-05
0.00010979759
0.00014685058
0.00020606919
0.00031474222
0.00056780726
0.0014401084
2.3166267e-05
2.4199339e-05
2.6539344e-05
3.0291392e-05
3.5700823e-05
4.3132323e-05
5.3120918e-05
6.6489072e-05
8.4589075e-05
0.00010982352
0.00014687806
0.00020609501
0.00031476174
0.00056781242
0.0014400773
2.3156218e-05
2.4190261e-05
2.6532426e-05
3.0287793e-05
3.5701632e-05
4.3138412e-05
5.3132776e-05
6.6506646e-05
8.4611663e-05
0.00010984969
0.0001469056
0.00020612078
0.00031478125
0.000567818
0.0014400488
2.3147079e-05
2.4182094e-05
2.6526418e-05
3.028509e-05
3.5703301e-05
4.3145297e-05
5.3145326e-05
6.6524772e-05
8.4634628e-05
0.00010987606
0.00014693316
0.00020614647
0.00031480073
0.00056782399
0.0014400228
2.3138822e-05
2.4174808e-05
2.6521284e-05
3.0283245e-05
3.570579e-05
4.3152932e-05
5.315852e-05
6.6543396e-05
8.465792e-05
0.00010990256
0.0001469607
0.00020617205
0.00031482016
0.00056783036
0.0014399994
2.3131418e-05
2.4168372e-05
2.6516993e-05
3.0282221e-05
3.5709057e-05
4.316127e-05
5.3172307e-05
6.6562469e-05
8.4681489e-05
0.00010992917
0.00014698819
0.00020619748
0.00031483952
0.00056783709
0.0014399783
2.3124839e-05
2.4162758e-05
2.6513513e-05
3.0281983e-05
3.571306e-05
4.3170267e-05
5.318664e-05
6.6581943e-05
8.4705288e-05
0.00010995583
0.00014701558
0.00020622274
0.00031485879
0.00056784417
0.0014399595
2.3119056e-05
2.4157935e-05
2.651081e-05
3.0282494e-05
3.5717762e-05
4.317988e-05
5.3201474e-05
6.6601769e-05
8.4729273e-05
0.00010998251
0.00014704284
0.00020624781
0.00031487795
0.0005678516
0.001439943
2.3114041e-05
2.4153874e-05
2.6508854e-05
3.0283719e-05
3.5723122e-05
4.3190067e-05
5.3216763e-05
6.6621904e-05
8.4753399e-05
0.00011000916
0.00014706994
0.00020627265
0.00031489699
0.00056785934
0.0014399287
2.3109765e-05
2.4150546e-05
2.6507613e-05
3.0285624e-05
3.5729104e-05
4.3200785e-05
5.3232464e-05
6.6642303e-05
8.4777625e-05
0.00011003575
0.00014709685
0.00020629726
0.00031491588
0.00056786741
0.0014399165
2.31062e-05
2.4147922e-05
2.6507055e-05
3.0288174e-05
3.5735668e-05
4.3211996e-05
5.3248535e-05
6.6662924e-05
8.4801912e-05
0.00011006224
0.00014712354
0.00020632159
0.00031493463
0.00056787577
0.0014399064
2.3103318e-05
2.4145972e-05
2.650715e-05
3.0291337e-05
3.5742779e-05
4.3223659e-05
5.3264936e-05
6.6683728e-05
8.4826221e-05
0.0001100886
0.00014714998
0.00020634565
0.0003149532
0.00056788443
0.0014398983
2.3101091e-05
2.4144668e-05
2.6507866e-05
3.0295077e-05
3.5750401e-05
4.3235737e-05
5.3281626e-05
6.6704674e-05
8.4850515e-05
0.0001101148
0.00014717615
0.00020636939
0.00031497159
0.00056789336
0.0014398922
2.3099492e-05
2.4143981e-05
2.6509174e-05
3.0299364e-05
3.5758497e-05
4.3248191e-05
5.3298567e-05
6.6725724e-05
8.4874758e-05
0.0001101408
0.00014720202
0.0002063928
0.00031498977
0.00056790254
0.0014398881
2.3098492e-05
2.4143883e-05
2.6511043e-05
3.0304164e-05
3.5767035e-05
4.3260985e-05
5.3315722e-05
6.6746843e-05
8.4898917e-05
0.00011016658
0.00014722755
0.00020641587
0.00031500773
0.00056791195
0.0014398858
2.3098066e-05
2.4144346e-05
2.6513444e-05
3.0309446e-05
3.5775979e-05
4.3274085e-05
5.3333055e-05
6.6767994e-05
8.4922958e-05
0.0001101921
0.00014725274
0.00020643856
0.00031502544
0.00056792156
0.0014398854
2.3098185e-05
2.4145342e-05
2.6516348e-05
3.0315179e-05
3.5785298e-05
4.3287454e-05
5.335053e-05
6.6789144e-05
8.4946851e-05
0.00011021735
0.00014727756
0.00020646086
0.00031504288
0.00056793133
0.0014398868
2.3098823e-05
2.4146845e-05
2.6519725e-05
3.0321332e-05
3.5794957e-05
4.330106e-05
5.3368114e-05
6.6810259e-05
8.4970564e-05
0.00011024228
0.00014730198
0.00020648276
0.00031506004
0.00056794123
0.00143989
2.3099955e-05
2.4148826e-05
2.6523549e-05
3.0327875e-05
3.5804927e-05
4.3314869e-05
5.3385773e-05
6.6831308e-05
8.4994069e-05
0.00011026688
0.00014732598
0.00020650422
0.00031507688
0.00056795122
0.0014398947
2.3101555e-05
2.4151261e-05
2.6527791e-05
3.033478e-05
3.5815175e-05
4.3328851e-05
5.3403477e-05
6.6852262e-05
8.5017339e-05
0.00011029113
0.00014734954
0.00020652523
0.00031509338
0.00056796124
0.001439901
2.3103597e-05
2.4154123e-05
2.6532425e-05
3.0342018e-05
3.5825674e-05
4.3342975e-05
5.3421195e-05
6.6873091e-05
8.5040348e-05
0.000110315
0.00014737265
0.00020654578
0.00031510953
0.00056797126
0.0014399087
2.3106059e-05
2.4157388e-05
2.6537425e-05
3.0349562e-05
3.5836395e-05
4.3357213e-05
5.34389e-05
6.6893769e-05
8.5063072e-05
0.00011033847
0.00014739528
0.00020656585
0.00031512529
0.00056798124
0.0014399177
2.3108915e-05
2.4161032e-05
2.6542765e-05
3.0357386e-05
3.5847309e-05
4.3371535e-05
5.3456562e-05
6.691427e-05
8.5085489e-05
0.00011036152
0.00014741743
0.00020658542
0.00031514066
0.00056799112
0.0014399279
2.3112144e-05
2.416503e-05
2.6548422e-05
3.0365464e-05
3.5858391e-05
4.3385917e-05
5.3474158e-05
6.6934571e-05
8.5107578e-05
0.00011038414
0.00014743908
0.00020660449
0.00031515562
0.00056800088
0.0014399391
2.3115723e-05
2.4169361e-05
2.6554371e-05
3.0373771e-05
3.5869616e-05
4.3400333e-05
5.3491663e-05
6.695465e-05
8.5129322e-05
0.00011040631
0.00014746022
0.00020662306
0.00031517016
0.00056801049
0.0014399513
2.3119631e-05
2.4174003e-05
2.656059e-05
3.0382285e-05
3.5880961e-05
4.3414759e-05
5.3509055e-05
6.6974487e-05
8.5150703e-05
0.00011042802
0.00014748085
0.00020664111
0.00031518427
0.00056801992
0.0014399642
2.3123847e-05
2.4178934e-05
2.6567057e-05
3.0390983e-05
3.5892401e-05
4.3429174e-05
5.3526313e-05
6.6994064e-05
8.5171707e-05
0.00011044927
0.00014750096
0.00020665865
0.00031519797
0.00056802917
0.0014399777
2.3128351e-05
2.4184134e-05
2.6573752e-05
3.0399844e-05
3.5903918e-05
4.3443556e-05
5.3543418e-05
6.7013365e-05
8.5192322e-05
0.00011047003
0.00014752054
0.00020667569
0.00031521125
0.00056803822
0.0014399918
2.3133124e-05
2.4189584e-05
2.6580655e-05
3.0408848e-05
3.5915489e-05
4.3457887e-05
5.3560352e-05
6.7032374e-05
8.5212536e-05
0.00011049032
0.0001475396
0.00020669221
0.00031522412
0.00056804709
0.0014400063
2.3138148e-05
2.4195266e-05
2.6587747e-05
3.0417975e-05
3.5927096e-05
4.3472148e-05
5.3577099e-05
6.7051079e-05
8.5232342e-05
0.00011051012
0.00014755814
0.00020670824
0.0003152366
0.00056805578
0.0014400212
2.3143405e-05
2.420116e-05
2.6595009e-05
3.0427208e-05
3.5938722e-05
4.3486323e-05
5.3593646e-05
6.7069468e-05
8.525173e-05
0.00011052942
0.00014757617
0.00020672379
0.00031524871
0.00056806435
0.0014400363
2.3148877e-05
2.420725e-05
2.6602424e-05
3.0436528e-05
3.595035e-05
4.3500396e-05
5.3609977e-05
6.7087531e-05
8.5270695e-05
0.00011054824
0.00014759368
0.00020673886
0.00031526047
0.00056807281
0.0014400517
2.3154547e-05
2.4213518e-05
2.6609975e-05
3.044592e-05
3.5961962e-05
4.3514351e-05
5.362608e-05
6.7105258e-05
8.5289232e-05
0.00011056657
0.00014761068
0.00020675347
0.00031527189
0.00056808114
0.0014400673
2.3160398e-05
2.4219949e-05
2.6617646e-05
3.0455367e-05
3.5973545e-05
4.3528177e-05
5.3641945e-05
6.7122641e-05
8.5307336e-05
0.0001105844
0.00014762717
0.00020676762
0.00031528299
0.00056808933
0.0014400831
2.3166416e-05
2.4226526e-05
2.662542e-05
3.0464853e-05
3.5985084e-05
4.3541859e-05
5.3657561e-05
6.7139672e-05
8.5325003e-05
0.00011060174
0.00014764317
0.00020678133
0.00031529379
0.00056809739
0.0014400992
2.3172583e-05
2.4233234e-05
2.6633284e-05
3.0474365e-05
3.5996565e-05
4.3555385e-05
5.3672917e-05
6.7156346e-05
8.5342231e-05
0.0001106186
0.00014765867
0.00020679461
0.0003153043
0.0005681053
0.0014401155
2.3178885e-05
2.4240057e-05
2.6641221e-05
3.0483887e-05
3.6007974e-05
4.3568745e-05
5.3688005e-05
6.7172655e-05
8.5359016e-05
0.00011063496
0.00014767369
0.00020680747
0.0003153145
0.00056811309
0.0014401322
2.3185306e-05
2.4246981e-05
2.6649218e-05
3.0493407e-05
3.6019299e-05
4.3581925e-05
5.3702815e-05
6.7188594e-05
8.5375356e-05
0.00011065084
0.00014768822
0.00020681989
0.00031532437
0.00056812079
0.0014401491
2.3191831e-05
2.4253991e-05
2.665726e-05
3.0502909e-05
3.6030527e-05
4.3594917e-05
5.3717339e-05
6.7204157e-05
8.539125e-05
0.00011066623
0.00014770227
0.0002068319
0.00031533386
0.00056812844
0.0014401664
2.3198447e-05
2.4261072e-05
2.6665333e-05
3.0512382e-05
3.6041647e-05
4.360771e-05
5.373157e-05
6.7219339e-05
8.5406694e-05
0.00011068114
0.00014771583
0.00020684347
0.000315343
0.00056813605
0.0014401842
2.3205137e-05
2.4268211e-05
2.6673423e-05
3.0521812e-05
3.6052647e-05
4.3620293e-05
5.37455e-05
6.7234135e-05
8.5421686e-05
0.00011069555
0.00014772891
0.00020685457
0.00031535179
0.00056814361
0.0014402023
2.3211889e-05
2.4275394e-05
2.6681518e-05
3.0531188e-05
3.6063516e-05
4.3632658e-05
5.3759122e-05
6.7248541e-05
8.5436225e-05
0.00011070948
0.00014774151
0.00020686518
0.00031536024
0.00056815112
0.0014402209
2.3218689e-05
2.4282608e-05
2.6689605e-05
3.0540496e-05
3.6074244e-05
4.3644796e-05
5.3772428e-05
6.7262553e-05
8.5450309e-05
0.00011072292
0.00014775361
0.00020687531
0.00031536836
0.00056815856
0.0014402398
2.3225524e-05
2.4289839e-05
2.6697671e-05
3.0549726e-05
3.6084819e-05
4.3656698e-05
5.3785414e-05
6.7276167e-05
8.5463937e-05
0.00011073588
0.00014776518
0.00020688497
0.00031537614
0.00056816592
0.0014402592
2.3232381e-05
2.4297075e-05
2.6705704e-05
3.0558867e-05
3.6095233e-05
4.3668357e-05
5.3798074e-05
6.7289379e-05
8.5477108e-05
0.00011074834
0.00014777624
0.00020689416
0.00031538358
0.00056817317
0.0014402789
2.3239248e-05
2.4304304e-05
2.6713693e-05
3.0567908e-05
3.6105476e-05
4.3679766e-05
5.3810402e-05
6.7302189e-05
8.5489821e-05
0.00011076029
0.00014778678
0.0002069029
0.00031539067
0.00056818029
0.0014402989
2.3246113e-05
2.4311516e-05
2.6721628e-05
3.0576839e-05
3.6115539e-05
4.3690917e-05
5.3822395e-05
6.7314595e-05
8.5502078e-05
0.00011077174
0.00014779681
0.00020691118
0.00031539741
0.00056818724
0.0014403192
2.3252964e-05
2.4318698e-05
2.6729496e-05
3.0585651e-05
3.6125416e-05
4.3701806e-05
5.3834049e-05
6.7326594e-05
8.5513869e-05
0.00011078267
0.00014780635
0.00020691901
0.0003154038
0.00056819401
0.0014403396
2.3259793e-05
2.432584e-05
2.673729e-05
3.0594335e-05
3.61351e-05
4.3712427e-05
5.3845363e-05
6.733819e-05
8.5525186e-05
0.00011079311
0.0001478154
0.0002069264
0.00031540983
0.00056820058
0.0014403601
2.3266588e-05
2.4332933e-05
2.6745e-05
3.0602884e-05
3.6144583e-05
4.3722776e-05
5.3856334e-05
6.7349377e-05
8.5536037e-05
0.00011080307
0.00014782396
0.00020693335
0.00031541551
0.00056820693
0.0014403805
2.3273341e-05
2.4339968e-05
2.6752617e-05
3.061129e-05
3.6153861e-05
4.3732851e-05
5.3866964e-05
6.7360147e-05
8.5546427e-05
0.00011081253
0.00014783206
0.00020693988
0.00031542085
0.00056821304
0.0014404009
2.3280043e-05
2.4346937e-05
2.6760135e-05
3.0619547e-05
3.6162929e-05
4.374265e-05
5.3877248e-05
6.7370505e-05
8.5556361e-05
0.00011082153
0.0001478397
0.00020694599
0.00031542584
0.00056821891
0.0014404211
2.3286686e-05
2.4353832e-05
2.6767545e-05
3.062765e-05
3.6171783e-05
4.3752171e-05
5.388718e-05
6.7380454e-05
8.5565847e-05
0.00011083006
0.00014784689
0.0002069517
0.0003154305
0.00056822453
0.0014404411
2.3293263e-05
2.4360645e-05
2.6774843e-05
3.0635593e-05
3.6180422e-05
4.3761409e-05
5.3896764e-05
6.739e-05
8.5574892e-05
0.00011083815
0.00014785365
0.00020695702
0.00031543484
0.0005682299
0.0014404608
2.3299767e-05
2.4367372e-05
2.6782022e-05
3.0643374e-05
3.6188842e-05
4.3770362e-05
5.3905999e-05
6.7399146e-05
8.5583505e-05
0.00011084579
0.00014785998
0.00020696197
0.00031543887
0.00056823503
0.0014404801
2.3306193e-05
2.4374005e-05
2.6789078e-05
3.0650988e-05
3.6197038e-05
4.377903e-05
5.3914891e-05
6.7407898e-05
8.5591695e-05
0.000110853
0.00014786591
0.00020696656
0.00031544261
0.00056823993
0.001440499
2.3312535e-05
2.4380541e-05
2.6796008e-05
3.0658431e-05
3.6205008e-05
4.3787412e-05
5.392344e-05
6.7416264e-05
8.559947e-05
0.00011085979
0.00014787144
0.0002069708
0.00031544607
0.0005682446
0.0014405175
2.3318788e-05
2.4386974e-05
2.6802806e-05
3.0665699e-05
3.621275e-05
4.3795511e-05
5.3931652e-05
6.7424249e-05
8.560684e-05
0.00011086618
0.0001478766
0.00020697472
0.00031544927
0.00056824907
0.0014405356
2.3324948e-05
2.4393301e-05
2.6809468e-05
3.067279e-05
3.6220265e-05
4.3803326e-05
5.393953e-05
6.7431861e-05
8.5613816e-05
0.00011087218
0.00014788139
0.00020697832
0.00031545222
0.00056825335
0.0014405532
2.333101e-05
2.4399516e-05
2.6815991e-05
3.0679701e-05
3.6227551e-05
4.3810861e-05
5.3947079e-05
6.7439107e-05
8.5620406e-05
0.00011087779
0.00014788582
0.00020698162
0.00031545495
0.00056825745
0.0014405703
2.3336969e-05
2.4405617e-05
2.6822371e-05
3.0686431e-05
3.6234608e-05
4.3818118e-05
5.3954304e-05
6.7445994e-05
8.5626622e-05
0.00011088304
0.00014788992
0.00020698464
0.00031545745
0.00056826138
0.001440587
2.3342823e-05
2.4411599e-05
2.6828607e-05
3.0692978e-05
3.6241438e-05
4.3825099e-05
5.3961211e-05
6.7452531e-05
8.5632472e-05
0.00011088793
0.00014789369
0.00020698739
0.00031545976
0.00056826517
0.0014406032
2.3348568e-05
2.4417459e-05
2.6834695e-05
3.0699342e-05
3.624804e-05
4.3831808e-05
5.3967805e-05
6.7458725e-05
8.5637967e-05
0.00011089247
0.00014789715
0.00020698988
0.00031546187
0.00056826882
0.0014406191
2.3354199e-05
2.4423194e-05
2.6840634e-05
3.0705522e-05
3.6254417e-05
4.3838248e-05
5.3974091e-05
6.7464585e-05
8.5643117e-05
0.00011089668
0.00014790031
0.00020699212
0.00031546381
0.00056827234
0.0014406345
2.3359715e-05
2.4428803e-05
2.6846423e-05
3.0711517e-05
3.626057e-05
4.3844423e-05
5.3980075e-05
6.7470117e-05
8.564793e-05
0.00011090056
0.00014790317
0.00020699412
0.00031546557
0.00056827575
0.0014406496
2.3365113e-05
2.4434282e-05
2.6852059e-05
3.0717328e-05
3.62665e-05
4.3850335e-05
5.3985763e-05
6.747533e-05
8.5652417e-05
0.00011090412
0.00014790576
0.00020699589
0.00031546717
0.00056827904
0.0014406643
2.337039e-05
2.4439631e-05
2.6857542e-05
3.0722955e-05
3.6272209e-05
4.385599e-05
5.3991161e-05
6.7480231e-05
8.5656588e-05
0.00011090739
0.00014790807
0.00020699745
0.00031546862
0.00056828223
0.0014406787
2.3375543e-05
2.4444846e-05
2.6862872e-05
3.0728398e-05
3.6277699e-05
4.386139e-05
5.3996275e-05
6.7484829e-05
8.566045e-05
0.00011091036
0.00014791012
0.00020699879
0.00031546991
0.00056828532
0.0014406927
2.3380572e-05
2.4449926e-05
2.6868046e-05
3.0733658e-05
3.6282974e-05
4.3866541e-05
5.4001111e-05
6.7489131e-05
8.5664013e-05
0.00011091304
0.00014791192
0.00020699993
0.00031547106
0.00056828831
0.0014407065
2.3385474e-05
2.4454871e-05
2.6873065e-05
3.0738736e-05
3.6288034e-05
4.3871447e-05
5.4005675e-05
6.7493145e-05
8.5667286e-05
0.00011091545
0.00014791348
0.00020700087
0.00031547207
0.0005682912
0.0014407199
2.3390248e-05
2.4459679e-05
2.6877929e-05
3.0743632e-05
3.6292883e-05
4.3876111e-05
5.4009973e-05
6.7496879e-05
8.5670279e-05
0.0001109176
0.0001479148
0.00020700163
0.00031547294
0.00056829399
0.0014407331
2.3394892e-05
2.4464349e-05
2.6882637e-05
3.0748348e-05
3.6297523e-05
4.3880538e-05
5.4014011e-05
6.750034e-05
8.5672998e-05
0.00011091948
0.0001479159
0.0002070022
0.00031547367
0.00056829669
0.001440746
2.3399405e-05
2.446888e-05
2.688719e-05
3.0752885e-05
3.6301957e-05
4.3884733e-05
5.4017796e-05
6.7503536e-05
8.5675455e-05
0.00011092112
0.00014791677
0.00020700259
0.00031547428
0.00056829928
0.0014407586
2.3403787e-05
2.4473272e-05
2.6891587e-05
3.0757245e-05
3.6306188e-05
4.3888701e-05
5.4021334e-05
6.7506474e-05
8.5677655e-05
0.00011092252
0.00014791744
0.00020700281
0.00031547476
0.00056830177
0.0014407709
2.3408036e-05
2.4477525e-05
2.689583e-05
3.0761428e-05
3.6310219e-05
4.3892445e-05
5.4024631e-05
6.7509163e-05
8.567961e-05
0.00011092369
0.00014791791
0.00020700287
0.00031547511
0.00056830415
0.001440783
2.3412151e-05
2.4481637e-05
2.6899919e-05
3.0765438e-05
3.6314054e-05
4.3895971e-05
5.4027693e-05
6.7511609e-05
8.5681325e-05
0.00011092464
0.00014791818
0.00020700277
0.00031547534
0.00056830643
0.0014407947
2.3416134e-05
2.448561e-05
2.6903854e-05
3.0769275e-05
3.6317695e-05
4.3899283e-05
5.4030526e-05
6.7513821e-05
8.5682811e-05
0.00011092538
0.00014791826
0.00020700252
0.00031547544
0.0005683086
0.0014408062
2.3419983e-05
2.4489444e-05
2.6907637e-05
3.0772943e-05
3.6321146e-05
4.3902387e-05
5.4033137e-05
6.7515805e-05
8.5684075e-05
0.0001109259
0.00014791817
0.00020700212
0.00031547543
0.00056831065
0.0014408175
2.3423699e-05
2.4493138e-05
2.6911268e-05
3.0776442e-05
3.632441e-05
4.3905287e-05
5.4035533e-05
6.751757e-05
8.5685126e-05
0.00011092624
0.00014791791
0.00020700158
0.00031547531
0.00056831259
0.0014408284
2.3427282e-05
2.4496694e-05
2.691475e-05
3.0779775e-05
3.6327492e-05
4.3907988e-05
5.4037719e-05
6.7519122e-05
8.5685971e-05
0.00011092638
0.00014791748
0.00020700091
0.00031547507
0.0005683144
0.001440839
2.3430732e-05
2.4500112e-05
2.6918083e-05
3.0782946e-05
3.6330394e-05
4.3910495e-05
5.4039701e-05
6.7520469e-05
8.5686619e-05
0.00011092635
0.0001479169
0.0002070001
0.00031547472
0.0005683161
0.0014408493
2.3434051e-05
2.4503394e-05
2.6921269e-05
3.0785956e-05
3.633312e-05
4.3912814e-05
5.4041487e-05
6.7521619e-05
8.5687078e-05
0.00011092614
0.00014791617
0.00020699918
0.00031547427
0.00056831768
0.0014408592
2.343724e-05
2.4506541e-05
2.6924311e-05
3.0788808e-05
3.6335675e-05
4.391495e-05
5.4043083e-05
6.7522578e-05
8.5687356e-05
0.00011092577
0.0001479153
0.00020699814
0.00031547372
0.00056831913
0.0014408688
2.3440299e-05
2.4509554e-05
2.692721e-05
3.0791506e-05
3.6338063e-05
4.3916908e-05
5.4044495e-05
6.7523356e-05
8.5687461e-05
0.00011092524
0.00014791429
0.00020699699
0.00031547307
0.00056832046
0.0014408781
2.344323e-05
2.4512435e-05
2.6929968e-05
3.0794052e-05
3.6340288e-05
4.3918693e-05
5.4045729e-05
6.7523958e-05
8.5687401e-05
0.00011092457
0.00014791316
0.00020699573
0.00031547232
0.00056832166
0.001440887
2.3446035e-05
2.4515186e-05
2.6932589e-05
3.0796449e-05
3.6342354e-05
4.3920311e-05
5.4046793e-05
6.7524392e-05
8.5687183e-05
0.00011092375
0.00014791192
0.00020699439
0.00031547149
0.00056832275
0.0014408955
2.3448715e-05
2.4517809e-05
2.6935074e-05
3.0798702e-05
3.6344266e-05
4.3921767e-05
5.4047693e-05
6.7524666e-05
8.5686817e-05
0.00011092281
0.00014791057
0.00020699295
0.00031547058
0.00056832371
0.0014409037
2.3451274e-05
2.4520305e-05
2.6937426e-05
3.0800814e-05
3.6346028e-05
4.3923068e-05
5.4048435e-05
6.7524787e-05
8.568631e-05
0.00011092174
0.00014790911
0.00020699143
0.00031546959
0.00056832456
0.0014409114
2.3453711e-05
2.4522679e-05
2.6939648e-05
3.0802788e-05
3.6347644e-05
4.3924218e-05
5.4049026e-05
6.7524763e-05
8.5685669e-05
0.00011092056
0.00014790756
0.00020698983
0.00031546853
0.0005683253
0.0014409188
2.3456031e-05
2.4524931e-05
2.6941744e-05
3.0804629e-05
3.6349121e-05
4.3925223e-05
5.4049472e-05
6.75246e-05
8.5684902e-05
0.00011091927
0.00014790593
0.00020698817
0.00031546741
0.00056832593
0.0014409258
2.3458235e-05
2.4527065e-05
2.6943716e-05
3.0806339e-05
3.6350461e-05
4.3926089e-05
5.4049781e-05
6.7524306e-05
8.5684017e-05
0.00011091788
0.00014790421
0.00020698645
0.00031546623
0.00056832646
0.0014409324
2.3460326e-05
2.4529083e-05
2.6945568e-05
3.0807923e-05
3.635167e-05
4.3926822e-05
5.4049957e-05
6.7523888e-05
8.5683021e-05
0.0001109164
0.00014790243
0.00020698467
0.000315465
0.0005683269
0.0014409386
2.3462306e-05
2.4530988e-05
2.6947302e-05
3.0809385e-05
3.6352753e-05
4.3927426e-05
5.4050009e-05
6.7523352e-05
8.5681922e-05
0.00011091483
0.00014790058
0.00020698285
0.00031546373
0.00056832726
0.0014409444
2.3464178e-05
2.4532783e-05
2.6948922e-05
3.0810728e-05
3.6353714e-05
4.3927909e-05
5.4049942e-05
6.7522707e-05
8.5680727e-05
0.00011091318
0.00014789867
0.00020698099
0.00031546242
0.00056832754
0.0014409499
2.3465944e-05
2.453447e-05
2.6950432e-05
3.0811957e-05
3.6354558e-05
4.3928274e-05
5.4049762e-05
6.7521958e-05
8.5679442e-05
0.00011091147
0.00014789671
0.00020697909
0.00031546108
0.00056832775
0.001440955
2.3467608e-05
2.4536053e-05
2.6951834e-05
3.0813076e-05
3.635529e-05
4.3928528e-05
5.4049475e-05
6.7521111e-05
8.5678074e-05
0.00011090968
0.00014789471
0.00020697717
0.00031545972
0.00056832791
0.0014409598
2.3469171e-05
2.4537534e-05
2.6953132e-05
3.0814088e-05
3.6355914e-05
4.3928676e-05
5.4049088e-05
6.7520174e-05
8.5676631e-05
0.00011090785
0.00014789266
0.00020697522
0.00031545834
0.00056832801
0.0014409642
2.3470636e-05
2.4538916e-05
2.6954329e-05
3.0814997e-05
3.6356435e-05
4.3928723e-05
5.4048605e-05
6.7519153e-05
8.5675117e-05
0.00011090595
0.00014789059
0.00020697325
0.00031545694
0.00056832806
0.0014409684
2.3472006e-05
2.4540202e-05
2.6955429e-05
3.0815807e-05
3.6356856e-05
4.3928673e-05
5.4048033e-05
6.7518052e-05
8.5673539e-05
0.00011090401
0.00014788848
0.00020697127
0.00031545554
0.00056832807
0.0014409723
2.3473284e-05
2.4541395e-05
2.6956434e-05
3.0816522e-05
3.6357184e-05
4.3928532e-05
5.4047377e-05
6.7516878e-05
8.5671902e-05
0.00011090204
0.00014788635
0.00020696928
0.00031545413
0.00056832805
0.0014409759
2.3474471e-05
2.4542497e-05
2.6957347e-05
3.0817145e-05
3.635742e-05
4.3928305e-05
5.4046641e-05
6.7515637e-05
8.5670213e-05
0.00011090002
0.0001478842
0.00020696729
0.00031545271
0.00056832799
0.0014409793
2.3475571e-05
2.4543512e-05
2.6958172e-05
3.0817679e-05
3.635757e-05
4.3927996e-05
5.4045831e-05
6.7514332e-05
8.5668475e-05
0.00011089797
0.00014788204
0.00020696529
0.0003154513
0.00056832791
0.0014409825
2.3476585e-05
2.4544441e-05
2.6958911e-05
3.0818129e-05
3.6357638e-05
4.3927609e-05
5.4044952e-05
6.751297e-05
8.5666694e-05
0.0001108959
0.00014787987
0.00020696329
0.00031544988
0.00056832779
0.0014409855
2.3477517e-05
2.4545287e-05
2.6959568e-05
3.0818497e-05
3.6357627e-05
4.3927149e-05
5.4044009e-05
6.7511555e-05
8.5664874e-05
0.0001108938
0.00014787768
0.00020696129
0.00031544846
0.00056832765
0.0014409883
2.3478369e-05
2.4546053e-05
2.6960145e-05
3.0818787e-05
3.6357541e-05
4.3926619e-05
5.4043005e-05
6.7510092e-05
8.566302e-05
0.00011089168
0.00014787549
0.0002069593
0.00031544705
0.00056832748
0.0014409908
2.3479143e-05
2.4546741e-05
2.6960646e-05
3.0819002e-05
3.6357383e-05
4.3926025e-05
5.4041944e-05
6.7508584e-05
8.5661136e-05
0.00011088955
0.0001478733
0.00020695731
0.00031544564
0.00056832728
0.0014409933
2.3479842e-05
2.4547355e-05
2.6961072e-05
3.0819146e-05
3.6357158e-05
4.3925369e-05
5.4040832e-05
6.7507036e-05
8.5659225e-05
0.0001108874
0.00014787111
0.00020695533
0.00031544423
0.00056832706
0.0014409955
2.3480467e-05
2.4547896e-05
2.6961427e-05
3.081922e-05
3.6356868e-05
4.3924655e-05
5.4039672e-05
6.7505452e-05
8.5657293e-05
0.00011088525
0.00014786892
0.00020695335
0.00031544282
0.0005683268
0.0014409976
2.3481022e-05
2.4548367e-05
2.6961713e-05
3.0819228e-05
3.6356517e-05
4.3923888e-05
5.4038468e-05
6.7503837e-05
8.5655342e-05
0.00011088309
0.00014786674
0.00020695139
0.00031544141
0.0005683265
0.0014409995
2.3481509e-05
2.4548771e-05
2.6961934e-05
3.0819174e-05
3.6356108e-05
4.392307e-05
5.4037223e-05
6.7502193e-05
8.5653375e-05
0.00011088093
0.00014786456
0.00020694944
0.00031544
0.00056832618
0.0014410012
2.348193e-05
2.4549109e-05
2.6962091e-05
3.081906e-05
3.6355645e-05
4.3922206e-05
5.4035942e-05
6.7500524e-05
8.5651397e-05
0.00011087877
0.0001478624
0.0002069475
0.0003154386
0.00056832581
0.0014410028
2.3482287e-05
2.4549385e-05
2.6962188e-05
3.0818888e-05
3.6355131e-05
4.3921298e-05
5.4034627e-05
6.7498834e-05
8.5649411e-05
0.00011087662
0.00014786024
0.00020694557
0.0003154372
0.00056832541
0.0014410042
2.3482584e-05
2.4549601e-05
2.6962227e-05
3.0818663e-05
3.6354568e-05
4.392035e-05
5.4033283e-05
6.7497126e-05
8.5647419e-05
0.00011087447
0.00014785811
0.00020694366
0.00031543581
0.00056832498
0.0014410055
2.3482822e-05
2.4549759e-05
2.6962211e-05
3.0818387e-05
3.635396e-05
4.3919365e-05
5.4031912e-05
6.7495403e-05
8.5645426e-05
0.00011087233
0.00014785599
0.00020694177
0.00031543442
0.00056832451
0.0014410065
2.3483004e-05
2.4549863e-05
2.6962142e-05
3.0818062e-05
3.635331e-05
4.3918346e-05
5.4030517e-05
6.749367e-05
8.5643433e-05
0.0001108702
0.00014785388
0.0002069399
0.00031543304
0.000568324
0.0014410074
2.3483133e-05
2.4549914e-05
2.6962023e-05
3.0817691e-05
3.635262e-05
4.3917297e-05
5.4029103e-05
6.7491928e-05
8.5641445e-05
0.00011086809
0.00014785181
0.00020693806
0.00031543167
0.00056832347
0.0014410082
2.348321e-05
2.4549914e-05
2.6961857e-05
3.0817278e-05
3.6351895e-05
4.391622e-05
5.4027672e-05
6.7490181e-05
8.5639463e-05
0.00011086599
0.00014784975
0.00020693624
0.00031543031
0.0005683229
0.0014410087
2.3483239e-05
2.4549867e-05
2.6961646e-05
3.0816824e-05
3.6351136e-05
4.3915119e-05
5.4026227e-05
6.7488432e-05
8.5637491e-05
0.00011086391
0.00014784773
0.00020693444
0.00031542896
0.0005683223
0.0014410091
2.3483221e-05
2.4549775e-05
2.6961392e-05
3.0816333e-05
3.6350346e-05
4.3913996e-05
5.4024771e-05
6.7486684e-05
8.5635532e-05
0.00011086186
0.00014784573
0.00020693267
0.00031542763
0.00056832168
0.0014410094
2.3483159e-05
2.454964e-05
2.6961099e-05
3.0815807e-05
3.6349529e-05
4.3912854e-05
5.4023307e-05
6.7484939e-05
8.5633587e-05
0.00011085983
0.00014784376
0.00020693094
0.00031542632
0.00056832104
0.0014410094
2.3483055e-05
2.4549465e-05
2.6960769e-05
3.0815249e-05
3.6348686e-05
4.3911696e-05
5.4021838e-05
6.74832e-05
8.563166e-05
0.00011085783
0.00014784183
0.00020692923
0.00031542503
0.00056832039
0.0014410094
2.3482912e-05
2.4549251e-05
2.6960403e-05
3.0814661e-05
3.6347821e-05
4.3910525e-05
5.4020365e-05
6.748147e-05
8.5629752e-05
0.00011085586
0.00014783993
0.00020692756
0.00031542376
0.00056831972
0.0014410091
2.3482732e-05
2.4549002e-05
2.6960005e-05
3.0814045e-05
3.6346935e-05
4.3909343e-05
5.4018893e-05
6.7479751e-05
8.5627865e-05
0.00011085392
0.00014783806
0.00020692593
0.00031542251
0.00056831904
0.0014410088
2.3482517e-05
2.4548719e-05
2.6959577e-05
3.0813405e-05
3.6346032e-05
4.3908152e-05
5.4017422e-05
6.7478044e-05
8.5626003e-05
0.00011085201
0.00014783624
0.00020692433
0.00031542129
0.00056831835
0.0014410083
2.3482269e-05
2.4548405e-05
2.695912e-05
3.0812742e-05
3.6345114e-05
4.3906955e-05
5.4015955e-05
6.7476353e-05
8.5624165e-05
0.00011085013
0.00014783445
0.00020692277
0.0003154201
0.00056831766
0.0014410077
2.348199e-05
2.4548061e-05
2.6958638e-05
3.0812058e-05
3.6344182e-05
4.3905754e-05
5.4014495e-05
6.7474679e-05
8.5622355e-05
0.00011084829
0.0001478327
0.00020692125
0.00031541894
0.00056831697
0.001441007
2.3481682e-05
2.454769e-05
2.6958131e-05
3.0811356e-05
3.634324e-05
4.3904551e-05
5.4013044e-05
6.7473024e-05
8.5620574e-05
0.00011084648
0.00014783099
0.00020691977
0.0003154178
0.00056831628
0.0014410061
2.3481347e-05
2.4547294e-05
2.6957603e-05
3.0810637e-05
3.6342288e-05
4.3903348e-05
5.4011602e-05
6.7471389e-05
8.5618822e-05
0.00011084472
0.00014782933
0.00020691833
0.0003154167
0.00056831559
0.0014410053
2.3480987e-05
2.4546874e-05
2.6957055e-05
3.0809904e-05
3.634133e-05
4.3902147e-05
5.4010173e-05
6.7469777e-05
8.5617103e-05
0.00011084299
0.00014782771
0.00020691692
0.00031541563
0.00056831491
0.0014410043
2.3480604e-05
2.4546432e-05
2.6956489e-05
3.0809159e-05
3.6340366e-05
4.3900951e-05
5.4008757e-05
6.7468188e-05
8.5615415e-05
0.0001108413
0.00014782612
0.00020691556
0.00031541459
0.00056831424
0.0014410032
2.3480199e-05
2.4545971e-05
2.6955907e-05
3.0808403e-05
3.63394e-05
4.3899759e-05
5.4007357e-05
6.7466624e-05
8.5613761e-05
0.00011083965
0.00014782459
0.00020691425
0.00031541358
0.00056831357
0.0014410021
2.3479775e-05
2.4545492e-05
2.695531e-05
3.0807638e-05
3.6338431e-05
4.3898575e-05
5.4005973e-05
6.7465087e-05
8.5612142e-05
0.00011083804
0.00014782309
0.00020691297
0.0003154126
0.00056831291
0.001441001
2.3479332e-05
2.4544995e-05
2.69547e-05
3.0806865e-05
3.6337462e-05
4.3897399e-05
5.4004607e-05
6.7463576e-05
8.5610558e-05
0.00011083647
0.00014782164
0.00020691173
0.00031541166
0.00056831227
0.0014409998
2.3478873e-05
2.4544484e-05
2.6954079e-05
3.0806087e-05
3.6336495e-05
4.3896234e-05
5.400326e-05
6.7462094e-05
8.560901e-05
0.00011083495
0.00014782023
0.00020691053
0.00031541074
0.00056831164
0.0014409985
2.3478398e-05
2.4543959e-05
2.6953448e-05
3.0805304e-05
3.6335531e-05
4.3895079e-05
5.4001934e-05
6.7460641e-05
8.5607498e-05
0.00011083346
0.00014781887
0.00020690937
0.00031540986
0.00056831101
0.0014409973
2.3477909e-05
2.4543422e-05
2.6952808e-05
3.0804518e-05
3.633457e-05
4.3893937e-05
5.4000629e-05
6.7459217e-05
8.5606024e-05
0.00011083202
0.00014781754
0.00020690825
0.000315409
0.00056831038
0.001440996
2.3477408e-05
2.4542874e-05
2.6952161e-05
3.0803731e-05
3.6333615e-05
4.3892809e-05
5.3999347e-05
6.7457825e-05
8.5604586e-05
0.00011083062
0.00014781626
0.00020690717
0.00031540818
0.00056830976
0.0014409946
2.3476895e-05
2.4542317e-05
2.6951508e-05
3.0802942e-05
3.6332667e-05
4.3891695e-05
5.3998087e-05
6.7456463e-05
8.5603187e-05
0.00011082926
0.00014781502
0.00020690613
0.00031540738
0.00056830913
0.0014409933
2.3476372e-05
2.4541751e-05
2.695085e-05
3.0802155e-05
3.6331725e-05
4.3890597e-05
5.3996851e-05
6.7455133e-05
8.5601825e-05
0.00011082794
0.00014781383
0.00020690513
0.00031540661
0.00056830852
0.0014409919
2.347584e-05
2.4541177e-05
2.6950189e-05
3.0801369e-05
3.6330793e-05
4.3889515e-05
5.399564e-05
6.7453835e-05
8.5600502e-05
0.00011082666
0.00014781268
0.00020690417
0.00031540586
0.0005683079
0.0014409905
2.3475301e-05
2.4540598e-05
2.6949525e-05
3.0800586e-05
3.6329869e-05
4.388845e-05
5.3994453e-05
6.7452569e-05
8.5599216e-05
0.00011082543
0.00014781156
0.00020690324
0.00031540513
0.0005683073
0.0014409891
2.3474755e-05
2.4540014e-05
2.6948859e-05
3.0799806e-05
3.6328956e-05
4.3887402e-05
5.3993292e-05
6.7451336e-05
8.5597969e-05
0.00011082423
0.00014781049
0.00020690235
0.00031540443
0.0005683067
0.0014409877
2.3474203e-05
2.4539425e-05
2.6948193e-05
3.0799031e-05
3.6328054e-05
4.3886373e-05
5.3992157e-05
6.7450136e-05
8.559676e-05
0.00011082308
0.00014780946
0.00020690149
0.00031540375
0.00056830611
0.0014409862
2.3473647e-05
2.4538834e-05
2.6947527e-05
3.0798261e-05
3.6327164e-05
4.3885363e-05
5.3991049e-05
6.7448968e-05
8.5595589e-05
0.00011082197
0.00014780847
0.00020690066
0.00031540309
0.00056830552
0.0014409848
2.3473086e-05
2.453824e-05
2.6946863e-05
3.0797497e-05
3.6326286e-05
4.3884373e-05
5.3989967e-05
6.7447834e-05
8.5594457e-05
0.0001108209
0.00014780752
0.00020689987
0.00031540245
0.00056830495
0.0014409833
2.3472524e-05
2.4537645e-05
2.69462e-05
3.079674e-05
3.6325421e-05
4.3883402e-05
5.3988911e-05
6.7446733e-05
8.5593361e-05
0.00011081987
0.00014780661
0.0002068991
0.00031540183
0.00056830438
0.0014409819
2.3471959e-05
2.453705e-05
2.694554e-05
3.0795991e-05
3.6324569e-05
4.3882452e-05
5.3987883e-05
6.7445665e-05
8.5592304e-05
0.00011081888
0.00014780573
0.00020689837
0.00031540123
0.00056830381
0.0014409804
2.3471393e-05
2.4536455e-05
2.6944884e-05
3.079525e-05
3.6323732e-05
4.3881522e-05
5.3986882e-05
6.744463e-05
8.5591284e-05
0.00011081793
0.00014780489
0.00020689766
0.00031540066
0.00056830326
0.001440979
2.3470828e-05
2.4535862e-05
2.6944233e-05
3.0794519e-05
3.632291e-05
4.3880613e-05
5.3985909e-05
6.7443628e-05
8.55903e-05
0.00011081701
0.00014780408
0.00020689698
0.0003154001
0.0005683027
0.0014409775
2.3470264e-05
2.4535271e-05
2.6943586e-05
3.0793796e-05
3.6322102e-05
4.3879726e-05
5.3984962e-05
6.7442658e-05
8.5589353e-05
0.00011081613
0.0001478033
0.00020689634
0.00031539956
0.00056830215
0.001440976
2.3469701e-05
2.4534683e-05
2.6942946e-05
3.0793084e-05
3.632131e-05
4.387886e-05
5.3984044e-05
6.7441722e-05
8.558844e-05
0.00011081528
0.00014780256
0.00020689572
0.00031539904
0.0005683016
0.0014409745
2.3469141e-05
2.4534099e-05
2.6942312e-05
3.0792383e-05
3.6320534e-05
4.3878016e-05
5.3983152e-05
6.7440817e-05
8.5587562e-05
0.00011081447
0.00014780185
0.00020689512
0.00031539854
0.00056830106
0.0014409731
2.3468584e-05
2.453352e-05
2.6941686e-05
3.0791693e-05
3.6319775e-05
4.3877194e-05
5.3982289e-05
6.7439944e-05
8.5586717e-05
0.00011081369
0.00014780118
0.00020689456
0.00031539806
0.00056830052
0.0014409715
2.3468032e-05
2.4532946e-05
2.6941068e-05
3.0791016e-05
3.6319033e-05
4.3876395e-05
5.3981453e-05
6.7439102e-05
8.5585906e-05
0.00011081295
0.00014780053
0.00020689402
0.0003153976
0.00056829998
0.00144097
2.3467485e-05
2.4532378e-05
2.6940458e-05
3.079035e-05
3.6318308e-05
4.3875618e-05
5.3980644e-05
6.7438291e-05
8.5585128e-05
0.00011081224
0.00014779992
0.00020689351
0.00031539715
0.00056829944
0.0014409685
2.3466943e-05
2.4531817e-05
2.6939858e-05
3.0789699e-05
3.6317601e-05
4.3874864e-05
5.3979862e-05
6.743751e-05
8.5584384e-05
0.00011081157
0.00014779934
0.00020689303
0.00031539673
0.00056829891
0.0014409669
2.3466408e-05
2.4531264e-05
2.6939268e-05
3.078906e-05
3.6316912e-05
4.3874133e-05
5.3979108e-05
6.743676e-05
8.5583672e-05
0.00011081093
0.00014779879
0.00020689258
0.00031539632
0.00056829838
0.0014409653
2.3465881e-05
2.4530719e-05
2.6938689e-05
3.0788436e-05
3.6316241e-05
4.3873424e-05
5.397838e-05
6.743604e-05
8.5582992e-05
0.00011081032
0.00014779828
0.00020689216
0.00031539594
0.00056829786
0.0014409637
2.3465361e-05
2.4530183e-05
2.6938121e-05
3.0787827e-05
3.6315589e-05
4.3872737e-05
5.3977677e-05
6.7435349e-05
8.5582342e-05
0.00011080974
0.00014779779
0.00020689175
0.00031539557
0.00056829736
0.0014409621
2.3464853e-05
2.452966e-05
2.6937568e-05
3.0787236e-05
3.6314959e-05
4.3872076e-05
5.3977004e-05
6.7434688e-05
8.5581721e-05
0.00011080918
0.00014779731
0.00020689136
0.00031539521
0.00056829685
0.0014409605
)
;

boundaryField
{
    water_inlet
    {
        type            turbulentMixingLengthDissipationRateInlet;
        mixingLength    0.005;
        phi             phi;
        k               k;
        value           uniform 0.00011791765;
    }
    water_outlet
    {
        type            inletOutlet;
        inletValue      uniform 0.0001;
        value           nonuniform List<scalar> 
15
(
2.3464853e-05
2.452966e-05
2.6937568e-05
3.0787236e-05
3.6314959e-05
4.3872076e-05
5.3977004e-05
6.7434688e-05
8.5581721e-05
0.00011080918
0.00014779731
0.00020689136
0.00031539521
0.00056829685
0.0014409605
)
;
    }
    water_wedge1
    {
        type            wedge;
    }
    water_wedge2
    {
        type            wedge;
    }
    water_to_rock
    {
        type            epsilonWallFunction;
        blending        stepwise;
        value           nonuniform List<scalar> 
400
(
0.00073980484
0.0010520452
0.0013270628
0.0015411415
0.0016895689
0.0017792142
0.0018218943
0.0018300463
0.0018145574
0.0017840405
0.001744886
0.0017016307
0.00165739
0.0016142425
0.0015735325
0.0015360911
0.0015023901
0.0014726449
0.0014468811
0.00142498
0.0014067117
0.0013917631
0.0013797649
0.0013703185
0.0013630208
0.0013574861
0.001353362
0.0013503406
0.001348162
0.0013466143
0.00134553
0.0013447796
0.0013442658
0.0013439174
0.0013436835
0.0013435288
0.0013434302
0.001343373
0.0013433493
0.0013433553
0.0013433902
0.0013434553
0.0013435527
0.0013436849
0.0013438547
0.0013440645
0.0013443165
0.0013446125
0.0013449537
0.001345341
0.0013457749
0.0013462556
0.0013467828
0.001347356
0.0013479746
0.0013486378
0.0013493444
0.0013500934
0.0013508836
0.0013517137
0.0013525823
0.0013534882
0.0013544295
0.0013554045
0.001356411
0.001357447
0.0013585105
0.0013595997
0.0013607134
0.0013618503
0.0013630097
0.0013641909
0.0013653934
0.0013666164
0.001367859
0.0013691204
0.0013703998
0.0013716964
0.0013730095
0.0013743381
0.0013756814
0.0013770387
0.0013784091
0.0013797918
0.0013811859
0.0013825907
0.0013840054
0.0013854292
0.0013868613
0.001388301
0.0013897473
0.0013911997
0.0013926572
0.0013941192
0.0013955849
0.0013970535
0.0013985243
0.0013999964
0.0014014692
0.0014029417
0.0014044133
0.001405883
0.0014073501
0.0014088137
0.0014102729
0.0014117267
0.0014131742
0.0014146144
0.0014160463
0.0014174687
0.0014188805
0.0014202806
0.0014216676
0.0014230403
0.0014243975
0.0014257376
0.0014270593
0.0014283611
0.0014296415
0.0014308991
0.0014321323
0.0014333397
0.0014345196
0.0014356708
0.0014367916
0.0014378808
0.0014389371
0.0014399592
0.001440946
0.0014418965
0.0014428098
0.001443685
0.0014445215
0.0014453188
0.0014460765
0.0014467942
0.0014474718
0.0014481093
0.0014487069
0.0014492647
0.001449783
0.0014502623
0.0014507033
0.0014511064
0.0014514726
0.0014518025
0.0014520973
0.0014523577
0.001452585
0.0014527802
0.0014529445
0.0014530791
0.0014531852
0.0014532642
0.0014533172
0.0014533455
0.0014533504
0.0014533331
0.0014532949
0.0014532369
0.0014531604
0.0014530664
0.0014529562
0.0014528307
0.001452691
0.0014525381
0.001452373
0.0014521967
0.00145201
0.0014518139
0.001451609
0.001451396
0.0014511756
0.0014509485
0.0014507155
0.0014504773
0.0014502348
0.0014499888
0.00144974
0.0014494891
0.0014492368
0.0014489837
0.0014487302
0.001448477
0.0014482245
0.001447973
0.0014477229
0.0014474746
0.0014472283
0.0014469843
0.0014467429
0.0014465043
0.0014462686
0.0014460361
0.001445807
0.0014455815
0.0014453598
0.001445142
0.0014449283
0.0014447189
0.001444514
0.0014443136
0.0014441179
0.001443927
0.001443741
0.0014435599
0.0014433839
0.0014432128
0.0014430469
0.0014428859
0.00144273
0.0014425791
0.0014424331
0.0014422921
0.0014421559
0.0014420245
0.0014418978
0.0014417759
0.0014416585
0.0014415457
0.0014414375
0.0014413336
0.0014412342
0.001441139
0.0014410481
0.0014409614
0.0014408788
0.0014408002
0.0014407256
0.0014406549
0.001440588
0.0014405248
0.0014404652
0.0014404092
0.0014403567
0.0014403075
0.0014402616
0.0014402188
0.0014401791
0.0014401423
0.0014401084
0.0014400773
0.0014400488
0.0014400228
0.0014399994
0.0014399783
0.0014399595
0.001439943
0.0014399287
0.0014399165
0.0014399064
0.0014398983
0.0014398922
0.0014398881
0.0014398858
0.0014398854
0.0014398868
0.00143989
0.0014398947
0.001439901
0.0014399087
0.0014399177
0.0014399279
0.0014399391
0.0014399513
0.0014399642
0.0014399777
0.0014399918
0.0014400063
0.0014400212
0.0014400363
0.0014400517
0.0014400673
0.0014400831
0.0014400992
0.0014401155
0.0014401322
0.0014401491
0.0014401664
0.0014401842
0.0014402023
0.0014402209
0.0014402398
0.0014402592
0.0014402789
0.0014402989
0.0014403192
0.0014403396
0.0014403601
0.0014403805
0.0014404009
0.0014404211
0.0014404411
0.0014404608
0.0014404801
0.001440499
0.0014405175
0.0014405356
0.0014405532
0.0014405703
0.001440587
0.0014406032
0.0014406191
0.0014406345
0.0014406496
0.0014406643
0.0014406787
0.0014406927
0.0014407065
0.0014407199
0.0014407331
0.001440746
0.0014407586
0.0014407709
0.001440783
0.0014407947
0.0014408062
0.0014408175
0.0014408284
0.001440839
0.0014408493
0.0014408592
0.0014408688
0.0014408781
0.001440887
0.0014408955
0.0014409037
0.0014409114
0.0014409188
0.0014409258
0.0014409324
0.0014409386
0.0014409444
0.0014409499
0.001440955
0.0014409598
0.0014409642
0.0014409684
0.0014409723
0.0014409759
0.0014409793
0.0014409825
0.0014409855
0.0014409883
0.0014409908
0.0014409933
0.0014409955
0.0014409976
0.0014409995
0.0014410012
0.0014410028
0.0014410042
0.0014410055
0.0014410065
0.0014410074
0.0014410082
0.0014410087
0.0014410091
0.0014410094
0.0014410094
0.0014410094
0.0014410091
0.0014410088
0.0014410083
0.0014410077
0.001441007
0.0014410061
0.0014410053
0.0014410043
0.0014410032
0.0014410021
0.001441001
0.0014409998
0.0014409985
0.0014409973
0.001440996
0.0014409946
0.0014409933
0.0014409919
0.0014409905
0.0014409891
0.0014409877
0.0014409862
0.0014409848
0.0014409833
0.0014409819
0.0014409804
0.001440979
0.0014409775
0.001440976
0.0014409745
0.0014409731
0.0014409715
0.00144097
0.0014409685
0.0014409669
0.0014409653
0.0014409637
0.0014409621
0.0014409605
)
;
    }
}


// ************************************************************************* //
