/*--------------------------------*- C++ -*----------------------------------*\
| =========                 |                                                 |
| \\      /  F ield         | OpenFOAM: The Open Source CFD Toolbox           |
|  \\    /   O peration     | Version:  2506                                  |
|   \\  /    A nd           | Website:  www.openfoam.com                      |
|    \\/     M anipulation  |                                                 |
\*---------------------------------------------------------------------------*/
FoamFile
{
    version     2.0;
    format      ascii;
    arch        "LSB;label=32;scalar=64";
    class       volScalarField;
    location    "27000/water";
    object      p_rgh;
}
// * * * * * * * * * * * * * * * * * * * * * * * * * * * * * * * * * * * * * //

dimensions      [1 -1 -2 0 0 0 0];

internalField   nonuniform List<scalar> 
6000
(
100064.08
100064.08
100064.08
100064.09
100064.09
100064.1
100064.11
100064.12
100064.14
100064.15
100064.17
100064.19
100064.21
100064.24
100064.36
100063.94
100063.94
100063.94
100063.94
100063.94
100063.94
100063.94
100063.94
100063.94
100063.95
100063.95
100063.95
100063.95
100063.93
100063.96
100063.7
100063.7
100063.7
100063.7
100063.7
100063.7
100063.7
100063.7
100063.7
100063.7
100063.7
100063.7
100063.7
100063.69
100063.71
100063.48
100063.48
100063.48
100063.48
100063.48
100063.48
100063.48
100063.48
100063.48
100063.48
100063.48
100063.48
100063.49
100063.48
100063.49
100063.26
100063.26
100063.26
100063.26
100063.26
100063.26
100063.26
100063.26
100063.26
100063.26
100063.26
100063.26
100063.26
100063.26
100063.26
100063.03
100063.03
100063.03
100063.03
100063.03
100063.03
100063.03
100063.03
100063.03
100063.03
100063.03
100063.03
100063.03
100063.03
100063.03
100062.79
100062.79
100062.79
100062.79
100062.79
100062.79
100062.79
100062.79
100062.79
100062.79
100062.79
100062.79
100062.79
100062.79
100062.79
100062.56
100062.56
100062.56
100062.56
100062.56
100062.56
100062.56
100062.56
100062.56
100062.56
100062.56
100062.56
100062.56
100062.56
100062.56
100062.32
100062.32
100062.32
100062.32
100062.32
100062.32
100062.32
100062.32
100062.32
100062.32
100062.32
100062.32
100062.32
100062.32
100062.32
100062.09
100062.09
100062.09
100062.09
100062.09
100062.09
100062.09
100062.09
100062.09
100062.09
100062.09
100062.09
100062.09
100062.09
100062.09
100061.86
100061.86
100061.86
100061.86
100061.86
100061.86
100061.86
100061.86
100061.86
100061.86
100061.86
100061.86
100061.86
100061.86
100061.86
100061.63
100061.63
100061.63
100061.63
100061.63
100061.63
100061.63
100061.63
100061.63
100061.63
100061.63
100061.63
100061.63
100061.63
100061.63
100061.41
100061.41
100061.41
100061.41
100061.41
100061.41
100061.41
100061.41
100061.41
100061.41
100061.41
100061.41
100061.41
100061.41
100061.41
100061.19
100061.19
100061.19
100061.19
100061.19
100061.19
100061.19
100061.19
100061.19
100061.19
100061.19
100061.19
100061.19
100061.19
100061.19
100060.97
100060.97
100060.97
100060.97
100060.97
100060.97
100060.97
100060.97
100060.97
100060.97
100060.97
100060.97
100060.97
100060.97
100060.97
100060.76
100060.76
100060.76
100060.76
100060.76
100060.76
100060.76
100060.76
100060.76
100060.76
100060.76
100060.76
100060.76
100060.76
100060.75
100060.55
100060.55
100060.55
100060.55
100060.55
100060.55
100060.55
100060.55
100060.55
100060.55
100060.55
100060.55
100060.55
100060.55
100060.55
100060.34
100060.34
100060.34
100060.34
100060.34
100060.34
100060.34
100060.34
100060.34
100060.34
100060.34
100060.34
100060.34
100060.34
100060.34
100060.14
100060.14
100060.14
100060.14
100060.14
100060.14
100060.14
100060.14
100060.14
100060.14
100060.14
100060.14
100060.14
100060.14
100060.14
100059.94
100059.94
100059.94
100059.94
100059.94
100059.94
100059.94
100059.94
100059.94
100059.94
100059.94
100059.94
100059.94
100059.94
100059.94
100059.75
100059.75
100059.75
100059.75
100059.75
100059.75
100059.75
100059.75
100059.75
100059.75
100059.75
100059.74
100059.74
100059.74
100059.74
100059.55
100059.55
100059.55
100059.55
100059.55
100059.55
100059.55
100059.55
100059.55
100059.55
100059.55
100059.55
100059.55
100059.55
100059.55
100059.36
100059.36
100059.36
100059.36
100059.36
100059.36
100059.36
100059.36
100059.36
100059.36
100059.36
100059.36
100059.36
100059.36
100059.36
100059.18
100059.18
100059.18
100059.18
100059.18
100059.18
100059.18
100059.18
100059.17
100059.17
100059.17
100059.17
100059.17
100059.17
100059.17
100058.99
100058.99
100058.99
100058.99
100058.99
100058.99
100058.99
100058.99
100058.99
100058.99
100058.99
100058.99
100058.99
100058.99
100058.99
100058.81
100058.81
100058.81
100058.81
100058.81
100058.81
100058.81
100058.81
100058.81
100058.81
100058.81
100058.81
100058.81
100058.8
100058.8
100058.63
100058.63
100058.63
100058.63
100058.63
100058.63
100058.63
100058.62
100058.62
100058.62
100058.62
100058.62
100058.62
100058.62
100058.62
100058.45
100058.45
100058.45
100058.45
100058.45
100058.45
100058.45
100058.45
100058.45
100058.44
100058.44
100058.44
100058.44
100058.44
100058.44
100058.27
100058.27
100058.27
100058.27
100058.27
100058.27
100058.27
100058.27
100058.27
100058.27
100058.27
100058.27
100058.27
100058.26
100058.26
100058.09
100058.09
100058.09
100058.09
100058.09
100058.09
100058.09
100058.09
100058.09
100058.09
100058.09
100058.09
100058.09
100058.09
100058.09
100057.92
100057.92
100057.92
100057.92
100057.92
100057.91
100057.91
100057.91
100057.91
100057.91
100057.91
100057.91
100057.91
100057.91
100057.91
100057.74
100057.74
100057.74
100057.74
100057.74
100057.74
100057.74
100057.74
100057.74
100057.74
100057.74
100057.74
100057.74
100057.74
100057.74
100057.57
100057.57
100057.57
100057.57
100057.57
100057.57
100057.57
100057.57
100057.57
100057.57
100057.57
100057.57
100057.57
100057.57
100057.56
100057.4
100057.4
100057.4
100057.4
100057.4
100057.4
100057.4
100057.4
100057.4
100057.4
100057.39
100057.39
100057.39
100057.39
100057.39
100057.22
100057.22
100057.22
100057.22
100057.22
100057.22
100057.22
100057.22
100057.22
100057.22
100057.22
100057.22
100057.22
100057.22
100057.22
100057.05
100057.05
100057.05
100057.05
100057.05
100057.05
100057.05
100057.05
100057.05
100057.05
100057.05
100057.05
100057.05
100057.05
100057.05
100056.88
100056.88
100056.88
100056.88
100056.88
100056.88
100056.88
100056.88
100056.88
100056.88
100056.88
100056.88
100056.88
100056.88
100056.88
100056.72
100056.72
100056.72
100056.72
100056.72
100056.72
100056.72
100056.72
100056.72
100056.72
100056.72
100056.71
100056.71
100056.71
100056.71
100056.55
100056.55
100056.55
100056.55
100056.55
100056.55
100056.55
100056.55
100056.55
100056.55
100056.55
100056.55
100056.55
100056.55
100056.55
100056.38
100056.38
100056.38
100056.38
100056.38
100056.38
100056.38
100056.38
100056.38
100056.38
100056.38
100056.38
100056.38
100056.38
100056.38
100056.21
100056.21
100056.21
100056.21
100056.21
100056.21
100056.21
100056.21
100056.21
100056.21
100056.21
100056.21
100056.21
100056.21
100056.21
100056.05
100056.05
100056.05
100056.05
100056.05
100056.05
100056.05
100056.05
100056.05
100056.05
100056.05
100056.05
100056.05
100056.05
100056.05
100055.88
100055.88
100055.88
100055.88
100055.88
100055.88
100055.88
100055.88
100055.88
100055.88
100055.88
100055.88
100055.88
100055.88
100055.88
100055.72
100055.72
100055.72
100055.72
100055.72
100055.72
100055.72
100055.72
100055.72
100055.72
100055.72
100055.72
100055.72
100055.72
100055.72
100055.56
100055.56
100055.56
100055.56
100055.56
100055.56
100055.56
100055.56
100055.56
100055.56
100055.55
100055.55
100055.55
100055.55
100055.55
100055.39
100055.39
100055.39
100055.39
100055.39
100055.39
100055.39
100055.39
100055.39
100055.39
100055.39
100055.39
100055.39
100055.39
100055.39
100055.23
100055.23
100055.23
100055.23
100055.23
100055.23
100055.23
100055.23
100055.23
100055.23
100055.23
100055.23
100055.23
100055.23
100055.23
100055.07
100055.07
100055.07
100055.07
100055.07
100055.07
100055.07
100055.07
100055.07
100055.07
100055.07
100055.07
100055.07
100055.06
100055.06
100054.91
100054.91
100054.91
100054.91
100054.91
100054.91
100054.91
100054.91
100054.91
100054.9
100054.9
100054.9
100054.9
100054.9
100054.9
100054.74
100054.74
100054.74
100054.74
100054.74
100054.74
100054.74
100054.74
100054.74
100054.74
100054.74
100054.74
100054.74
100054.74
100054.74
100054.58
100054.58
100054.58
100054.58
100054.58
100054.58
100054.58
100054.58
100054.58
100054.58
100054.58
100054.58
100054.58
100054.58
100054.58
100054.42
100054.42
100054.42
100054.42
100054.42
100054.42
100054.42
100054.42
100054.42
100054.42
100054.42
100054.42
100054.42
100054.42
100054.42
100054.26
100054.26
100054.26
100054.26
100054.26
100054.26
100054.26
100054.26
100054.26
100054.26
100054.26
100054.26
100054.26
100054.26
100054.26
100054.1
100054.1
100054.1
100054.1
100054.1
100054.1
100054.1
100054.1
100054.1
100054.1
100054.1
100054.1
100054.1
100054.1
100054.1
100053.94
100053.94
100053.94
100053.94
100053.94
100053.94
100053.94
100053.94
100053.94
100053.94
100053.94
100053.94
100053.94
100053.94
100053.94
100053.79
100053.79
100053.79
100053.79
100053.79
100053.79
100053.79
100053.79
100053.79
100053.79
100053.78
100053.78
100053.78
100053.78
100053.78
100053.63
100053.63
100053.63
100053.63
100053.63
100053.63
100053.63
100053.63
100053.63
100053.63
100053.63
100053.63
100053.63
100053.63
100053.63
100053.47
100053.47
100053.47
100053.47
100053.47
100053.47
100053.47
100053.47
100053.47
100053.47
100053.47
100053.47
100053.47
100053.47
100053.47
100053.31
100053.31
100053.31
100053.31
100053.31
100053.31
100053.31
100053.31
100053.31
100053.31
100053.31
100053.31
100053.31
100053.31
100053.31
100053.16
100053.16
100053.16
100053.16
100053.16
100053.16
100053.16
100053.16
100053.15
100053.15
100053.15
100053.15
100053.15
100053.15
100053.15
100053
100053
100053
100053
100053
100053
100053
100053
100053
100053
100053
100053
100053
100053
100053
100052.84
100052.84
100052.84
100052.84
100052.84
100052.84
100052.84
100052.84
100052.84
100052.84
100052.84
100052.84
100052.84
100052.84
100052.84
100052.69
100052.69
100052.69
100052.69
100052.69
100052.69
100052.69
100052.69
100052.69
100052.69
100052.68
100052.68
100052.68
100052.68
100052.68
100052.53
100052.53
100052.53
100052.53
100052.53
100052.53
100052.53
100052.53
100052.53
100052.53
100052.53
100052.53
100052.53
100052.53
100052.53
100052.37
100052.37
100052.37
100052.37
100052.37
100052.37
100052.37
100052.37
100052.37
100052.37
100052.37
100052.37
100052.37
100052.37
100052.37
100052.22
100052.22
100052.22
100052.22
100052.22
100052.22
100052.22
100052.22
100052.22
100052.22
100052.22
100052.22
100052.22
100052.22
100052.22
100052.06
100052.06
100052.06
100052.06
100052.06
100052.06
100052.06
100052.06
100052.06
100052.06
100052.06
100052.06
100052.06
100052.06
100052.06
100051.91
100051.91
100051.91
100051.91
100051.91
100051.91
100051.91
100051.91
100051.91
100051.91
100051.91
100051.91
100051.91
100051.91
100051.91
100051.76
100051.76
100051.76
100051.76
100051.76
100051.76
100051.75
100051.75
100051.75
100051.75
100051.75
100051.75
100051.75
100051.75
100051.75
100051.6
100051.6
100051.6
100051.6
100051.6
100051.6
100051.6
100051.6
100051.6
100051.6
100051.6
100051.6
100051.6
100051.6
100051.6
100051.45
100051.45
100051.45
100051.45
100051.45
100051.45
100051.45
100051.45
100051.45
100051.45
100051.45
100051.44
100051.44
100051.44
100051.44
100051.29
100051.29
100051.29
100051.29
100051.29
100051.29
100051.29
100051.29
100051.29
100051.29
100051.29
100051.29
100051.29
100051.29
100051.29
100051.14
100051.14
100051.14
100051.14
100051.14
100051.14
100051.14
100051.14
100051.14
100051.14
100051.14
100051.14
100051.14
100051.14
100051.14
100050.99
100050.99
100050.99
100050.99
100050.99
100050.99
100050.99
100050.99
100050.99
100050.98
100050.98
100050.98
100050.98
100050.98
100050.98
100050.83
100050.83
100050.83
100050.83
100050.83
100050.83
100050.83
100050.83
100050.83
100050.83
100050.83
100050.83
100050.83
100050.83
100050.83
100050.68
100050.68
100050.68
100050.68
100050.68
100050.68
100050.68
100050.68
100050.68
100050.68
100050.68
100050.68
100050.68
100050.68
100050.68
100050.53
100050.53
100050.53
100050.53
100050.53
100050.53
100050.53
100050.53
100050.53
100050.53
100050.53
100050.53
100050.53
100050.52
100050.52
100050.37
100050.37
100050.37
100050.37
100050.37
100050.37
100050.37
100050.37
100050.37
100050.37
100050.37
100050.37
100050.37
100050.37
100050.37
100050.22
100050.22
100050.22
100050.22
100050.22
100050.22
100050.22
100050.22
100050.22
100050.22
100050.22
100050.22
100050.22
100050.22
100050.22
100050.07
100050.07
100050.07
100050.07
100050.07
100050.07
100050.07
100050.07
100050.07
100050.07
100050.07
100050.07
100050.07
100050.07
100050.07
100049.92
100049.92
100049.92
100049.92
100049.92
100049.92
100049.92
100049.92
100049.92
100049.92
100049.92
100049.92
100049.92
100049.92
100049.92
100049.77
100049.77
100049.77
100049.77
100049.77
100049.77
100049.77
100049.76
100049.76
100049.76
100049.76
100049.76
100049.76
100049.76
100049.76
100049.61
100049.61
100049.61
100049.61
100049.61
100049.61
100049.61
100049.61
100049.61
100049.61
100049.61
100049.61
100049.61
100049.61
100049.61
100049.46
100049.46
100049.46
100049.46
100049.46
100049.46
100049.46
100049.46
100049.46
100049.46
100049.46
100049.46
100049.46
100049.46
100049.46
100049.31
100049.31
100049.31
100049.31
100049.31
100049.31
100049.31
100049.31
100049.31
100049.31
100049.31
100049.31
100049.31
100049.31
100049.31
100049.16
100049.16
100049.16
100049.16
100049.16
100049.16
100049.16
100049.16
100049.16
100049.16
100049.16
100049.16
100049.16
100049.16
100049.16
100049.01
100049.01
100049.01
100049.01
100049.01
100049.01
100049.01
100049.01
100049.01
100049.01
100049.01
100049.01
100049.01
100049.01
100049.01
100048.86
100048.86
100048.86
100048.86
100048.86
100048.86
100048.86
100048.86
100048.86
100048.85
100048.85
100048.85
100048.85
100048.85
100048.85
100048.71
100048.71
100048.71
100048.71
100048.71
100048.71
100048.7
100048.7
100048.7
100048.7
100048.7
100048.7
100048.7
100048.7
100048.7
100048.55
100048.55
100048.55
100048.55
100048.55
100048.55
100048.55
100048.55
100048.55
100048.55
100048.55
100048.55
100048.55
100048.55
100048.55
100048.4
100048.4
100048.4
100048.4
100048.4
100048.4
100048.4
100048.4
100048.4
100048.4
100048.4
100048.4
100048.4
100048.4
100048.4
100048.25
100048.25
100048.25
100048.25
100048.25
100048.25
100048.25
100048.25
100048.25
100048.25
100048.25
100048.25
100048.25
100048.25
100048.25
100048.1
100048.1
100048.1
100048.1
100048.1
100048.1
100048.1
100048.1
100048.1
100048.1
100048.1
100048.1
100048.1
100048.1
100048.1
100047.95
100047.95
100047.95
100047.95
100047.95
100047.95
100047.95
100047.95
100047.95
100047.95
100047.95
100047.95
100047.95
100047.95
100047.95
100047.8
100047.8
100047.8
100047.8
100047.8
100047.8
100047.8
100047.8
100047.8
100047.8
100047.8
100047.8
100047.8
100047.8
100047.8
100047.65
100047.65
100047.65
100047.65
100047.65
100047.65
100047.65
100047.65
100047.65
100047.65
100047.65
100047.65
100047.65
100047.65
100047.65
100047.5
100047.5
100047.5
100047.5
100047.5
100047.5
100047.5
100047.5
100047.5
100047.5
100047.5
100047.5
100047.5
100047.5
100047.5
100047.35
100047.35
100047.35
100047.35
100047.35
100047.35
100047.35
100047.35
100047.35
100047.35
100047.35
100047.35
100047.35
100047.35
100047.35
100047.2
100047.2
100047.2
100047.2
100047.2
100047.2
100047.2
100047.2
100047.2
100047.2
100047.2
100047.2
100047.2
100047.2
100047.2
100047.05
100047.05
100047.05
100047.05
100047.05
100047.05
100047.05
100047.05
100047.05
100047.05
100047.05
100047.05
100047.05
100047.05
100047.05
100046.9
100046.9
100046.9
100046.9
100046.9
100046.9
100046.9
100046.9
100046.9
100046.9
100046.9
100046.9
100046.89
100046.89
100046.9
100046.75
100046.75
100046.75
100046.75
100046.75
100046.75
100046.75
100046.75
100046.74
100046.74
100046.74
100046.74
100046.74
100046.74
100046.74
100046.6
100046.6
100046.6
100046.6
100046.6
100046.6
100046.59
100046.59
100046.59
100046.59
100046.59
100046.59
100046.59
100046.59
100046.59
100046.45
100046.45
100046.45
100046.45
100046.45
100046.44
100046.44
100046.44
100046.44
100046.44
100046.44
100046.44
100046.44
100046.44
100046.44
100046.3
100046.3
100046.3
100046.29
100046.29
100046.29
100046.29
100046.29
100046.29
100046.29
100046.29
100046.29
100046.29
100046.29
100046.29
100046.14
100046.14
100046.14
100046.14
100046.14
100046.14
100046.14
100046.14
100046.14
100046.14
100046.14
100046.14
100046.14
100046.14
100046.14
100045.99
100045.99
100045.99
100045.99
100045.99
100045.99
100045.99
100045.99
100045.99
100045.99
100045.99
100045.99
100045.99
100045.99
100045.99
100045.84
100045.84
100045.84
100045.84
100045.84
100045.84
100045.84
100045.84
100045.84
100045.84
100045.84
100045.84
100045.84
100045.84
100045.84
100045.69
100045.69
100045.69
100045.69
100045.69
100045.69
100045.69
100045.69
100045.69
100045.69
100045.69
100045.69
100045.69
100045.69
100045.69
100045.54
100045.54
100045.54
100045.54
100045.54
100045.54
100045.54
100045.54
100045.54
100045.54
100045.54
100045.54
100045.54
100045.54
100045.54
100045.39
100045.39
100045.39
100045.39
100045.39
100045.39
100045.39
100045.39
100045.39
100045.39
100045.39
100045.39
100045.39
100045.39
100045.39
100045.24
100045.24
100045.24
100045.24
100045.24
100045.24
100045.24
100045.24
100045.24
100045.24
100045.24
100045.24
100045.24
100045.24
100045.24
100045.09
100045.09
100045.09
100045.09
100045.09
100045.09
100045.09
100045.09
100045.09
100045.09
100045.09
100045.09
100045.09
100045.09
100045.09
100044.94
100044.94
100044.94
100044.94
100044.94
100044.94
100044.94
100044.94
100044.94
100044.94
100044.94
100044.94
100044.94
100044.94
100044.94
100044.79
100044.79
100044.79
100044.79
100044.79
100044.79
100044.79
100044.79
100044.79
100044.79
100044.79
100044.79
100044.79
100044.79
100044.79
100044.64
100044.64
100044.64
100044.64
100044.64
100044.64
100044.64
100044.64
100044.64
100044.63
100044.63
100044.63
100044.63
100044.63
100044.63
100044.49
100044.49
100044.48
100044.48
100044.48
100044.48
100044.48
100044.48
100044.48
100044.48
100044.48
100044.48
100044.48
100044.48
100044.48
100044.33
100044.33
100044.33
100044.33
100044.33
100044.33
100044.33
100044.33
100044.33
100044.33
100044.33
100044.33
100044.33
100044.33
100044.33
100044.18
100044.18
100044.18
100044.18
100044.18
100044.18
100044.18
100044.18
100044.18
100044.18
100044.18
100044.18
100044.18
100044.18
100044.18
100044.03
100044.03
100044.03
100044.03
100044.03
100044.03
100044.03
100044.03
100044.03
100044.03
100044.03
100044.03
100044.03
100044.03
100044.03
100043.88
100043.88
100043.88
100043.88
100043.88
100043.88
100043.88
100043.88
100043.88
100043.88
100043.88
100043.88
100043.88
100043.88
100043.88
100043.73
100043.73
100043.73
100043.73
100043.73
100043.73
100043.73
100043.73
100043.73
100043.73
100043.73
100043.73
100043.73
100043.73
100043.73
100043.58
100043.58
100043.58
100043.58
100043.57
100043.57
100043.57
100043.57
100043.57
100043.57
100043.57
100043.57
100043.57
100043.57
100043.57
100043.42
100043.42
100043.42
100043.42
100043.42
100043.42
100043.42
100043.42
100043.42
100043.42
100043.42
100043.42
100043.42
100043.42
100043.42
100043.27
100043.27
100043.27
100043.27
100043.27
100043.27
100043.27
100043.27
100043.27
100043.27
100043.27
100043.27
100043.27
100043.27
100043.27
100043.12
100043.12
100043.12
100043.12
100043.12
100043.12
100043.12
100043.12
100043.12
100043.12
100043.12
100043.12
100043.12
100043.12
100043.12
100042.97
100042.97
100042.97
100042.97
100042.97
100042.97
100042.97
100042.97
100042.97
100042.97
100042.97
100042.97
100042.97
100042.97
100042.97
100042.81
100042.81
100042.81
100042.81
100042.81
100042.81
100042.81
100042.81
100042.81
100042.81
100042.81
100042.81
100042.81
100042.81
100042.81
100042.66
100042.66
100042.66
100042.66
100042.66
100042.66
100042.66
100042.66
100042.66
100042.66
100042.66
100042.66
100042.66
100042.66
100042.66
100042.51
100042.51
100042.51
100042.51
100042.51
100042.51
100042.51
100042.51
100042.51
100042.51
100042.51
100042.51
100042.51
100042.51
100042.51
100042.35
100042.35
100042.35
100042.35
100042.35
100042.35
100042.35
100042.35
100042.35
100042.35
100042.35
100042.35
100042.35
100042.35
100042.35
100042.2
100042.2
100042.2
100042.2
100042.2
100042.2
100042.2
100042.2
100042.2
100042.2
100042.2
100042.2
100042.2
100042.2
100042.2
100042.05
100042.05
100042.05
100042.05
100042.05
100042.05
100042.05
100042.05
100042.05
100042.05
100042.05
100042.05
100042.05
100042.05
100042.05
100041.89
100041.89
100041.89
100041.89
100041.89
100041.89
100041.89
100041.89
100041.89
100041.89
100041.89
100041.89
100041.89
100041.89
100041.89
100041.74
100041.74
100041.74
100041.74
100041.74
100041.74
100041.74
100041.74
100041.74
100041.74
100041.74
100041.74
100041.74
100041.74
100041.74
100041.59
100041.59
100041.59
100041.59
100041.59
100041.59
100041.59
100041.59
100041.59
100041.59
100041.59
100041.59
100041.59
100041.59
100041.59
100041.43
100041.43
100041.43
100041.43
100041.43
100041.43
100041.43
100041.43
100041.43
100041.43
100041.43
100041.43
100041.43
100041.43
100041.43
100041.28
100041.28
100041.28
100041.28
100041.28
100041.28
100041.28
100041.28
100041.28
100041.28
100041.28
100041.28
100041.28
100041.28
100041.28
100041.12
100041.12
100041.12
100041.12
100041.12
100041.12
100041.12
100041.12
100041.12
100041.12
100041.12
100041.12
100041.12
100041.12
100041.12
100040.97
100040.97
100040.97
100040.97
100040.97
100040.97
100040.97
100040.97
100040.97
100040.97
100040.97
100040.97
100040.97
100040.97
100040.97
100040.82
100040.82
100040.82
100040.82
100040.82
100040.82
100040.82
100040.82
100040.82
100040.82
100040.82
100040.82
100040.82
100040.82
100040.82
100040.66
100040.66
100040.66
100040.66
100040.66
100040.66
100040.66
100040.66
100040.66
100040.66
100040.66
100040.66
100040.66
100040.66
100040.66
100040.51
100040.51
100040.51
100040.51
100040.51
100040.51
100040.51
100040.51
100040.51
100040.51
100040.51
100040.51
100040.51
100040.51
100040.51
100040.35
100040.35
100040.35
100040.35
100040.35
100040.35
100040.35
100040.35
100040.35
100040.35
100040.35
100040.35
100040.35
100040.35
100040.35
100040.2
100040.2
100040.2
100040.2
100040.2
100040.2
100040.2
100040.2
100040.2
100040.2
100040.2
100040.2
100040.2
100040.2
100040.2
100040.04
100040.04
100040.04
100040.04
100040.04
100040.04
100040.04
100040.04
100040.04
100040.04
100040.04
100040.04
100040.04
100040.04
100040.04
100039.89
100039.89
100039.89
100039.89
100039.89
100039.89
100039.89
100039.89
100039.89
100039.89
100039.89
100039.89
100039.89
100039.89
100039.89
100039.73
100039.73
100039.73
100039.73
100039.73
100039.73
100039.73
100039.73
100039.73
100039.73
100039.73
100039.73
100039.73
100039.73
100039.73
100039.57
100039.57
100039.57
100039.57
100039.57
100039.57
100039.57
100039.57
100039.57
100039.57
100039.57
100039.57
100039.57
100039.57
100039.57
100039.42
100039.42
100039.42
100039.42
100039.42
100039.42
100039.42
100039.42
100039.42
100039.42
100039.42
100039.42
100039.42
100039.42
100039.42
100039.26
100039.26
100039.26
100039.26
100039.26
100039.26
100039.26
100039.26
100039.26
100039.26
100039.26
100039.26
100039.26
100039.26
100039.26
100039.11
100039.11
100039.11
100039.11
100039.11
100039.11
100039.11
100039.11
100039.11
100039.11
100039.11
100039.11
100039.11
100039.11
100039.11
100038.95
100038.95
100038.95
100038.95
100038.95
100038.95
100038.95
100038.95
100038.95
100038.95
100038.95
100038.95
100038.95
100038.95
100038.95
100038.79
100038.79
100038.79
100038.79
100038.79
100038.79
100038.79
100038.79
100038.79
100038.79
100038.79
100038.79
100038.79
100038.79
100038.79
100038.64
100038.64
100038.64
100038.64
100038.64
100038.64
100038.64
100038.64
100038.64
100038.64
100038.64
100038.64
100038.64
100038.64
100038.64
100038.48
100038.48
100038.48
100038.48
100038.48
100038.48
100038.48
100038.48
100038.48
100038.48
100038.48
100038.48
100038.48
100038.48
100038.48
100038.32
100038.32
100038.32
100038.32
100038.32
100038.32
100038.32
100038.32
100038.32
100038.32
100038.32
100038.32
100038.32
100038.32
100038.32
100038.17
100038.17
100038.17
100038.17
100038.17
100038.17
100038.17
100038.17
100038.17
100038.17
100038.17
100038.17
100038.17
100038.17
100038.17
100038.01
100038.01
100038.01
100038.01
100038.01
100038.01
100038.01
100038.01
100038.01
100038.01
100038.01
100038.01
100038.01
100038.01
100038.01
100037.85
100037.85
100037.85
100037.85
100037.85
100037.85
100037.85
100037.85
100037.85
100037.85
100037.85
100037.85
100037.85
100037.85
100037.85
100037.7
100037.7
100037.7
100037.7
100037.7
100037.7
100037.7
100037.7
100037.7
100037.7
100037.7
100037.7
100037.7
100037.7
100037.7
100037.54
100037.54
100037.54
100037.54
100037.54
100037.54
100037.54
100037.54
100037.54
100037.54
100037.54
100037.54
100037.54
100037.54
100037.54
100037.38
100037.38
100037.38
100037.38
100037.38
100037.38
100037.38
100037.38
100037.38
100037.38
100037.38
100037.38
100037.38
100037.38
100037.38
100037.23
100037.23
100037.23
100037.23
100037.23
100037.23
100037.23
100037.23
100037.23
100037.23
100037.23
100037.23
100037.23
100037.23
100037.23
100037.07
100037.07
100037.07
100037.07
100037.07
100037.07
100037.07
100037.07
100037.07
100037.07
100037.07
100037.07
100037.07
100037.07
100037.07
100036.91
100036.91
100036.91
100036.91
100036.91
100036.91
100036.91
100036.91
100036.91
100036.91
100036.91
100036.91
100036.91
100036.91
100036.91
100036.75
100036.75
100036.75
100036.75
100036.75
100036.75
100036.75
100036.75
100036.75
100036.75
100036.75
100036.75
100036.75
100036.75
100036.75
100036.6
100036.6
100036.6
100036.6
100036.6
100036.6
100036.6
100036.6
100036.6
100036.6
100036.6
100036.6
100036.6
100036.6
100036.6
100036.44
100036.44
100036.44
100036.44
100036.44
100036.44
100036.44
100036.44
100036.44
100036.44
100036.44
100036.44
100036.44
100036.44
100036.44
100036.28
100036.28
100036.28
100036.28
100036.28
100036.28
100036.28
100036.28
100036.28
100036.28
100036.28
100036.28
100036.28
100036.28
100036.28
100036.12
100036.12
100036.12
100036.12
100036.12
100036.12
100036.12
100036.12
100036.12
100036.12
100036.12
100036.12
100036.12
100036.12
100036.12
100035.97
100035.97
100035.97
100035.97
100035.97
100035.97
100035.97
100035.97
100035.97
100035.97
100035.97
100035.97
100035.97
100035.97
100035.97
100035.81
100035.81
100035.81
100035.81
100035.81
100035.81
100035.81
100035.81
100035.81
100035.81
100035.81
100035.81
100035.81
100035.81
100035.81
100035.65
100035.65
100035.65
100035.65
100035.65
100035.65
100035.65
100035.65
100035.65
100035.65
100035.65
100035.65
100035.65
100035.65
100035.65
100035.49
100035.49
100035.49
100035.49
100035.49
100035.49
100035.49
100035.49
100035.49
100035.49
100035.49
100035.49
100035.49
100035.49
100035.49
100035.34
100035.34
100035.34
100035.34
100035.34
100035.34
100035.34
100035.34
100035.34
100035.34
100035.34
100035.34
100035.34
100035.34
100035.34
100035.18
100035.18
100035.18
100035.18
100035.18
100035.18
100035.18
100035.18
100035.18
100035.18
100035.18
100035.18
100035.18
100035.18
100035.18
100035.02
100035.02
100035.02
100035.02
100035.02
100035.02
100035.02
100035.02
100035.02
100035.02
100035.02
100035.02
100035.02
100035.02
100035.02
100034.86
100034.86
100034.86
100034.86
100034.86
100034.86
100034.86
100034.86
100034.86
100034.86
100034.86
100034.86
100034.86
100034.86
100034.86
100034.7
100034.7
100034.7
100034.7
100034.7
100034.7
100034.7
100034.7
100034.7
100034.7
100034.7
100034.7
100034.7
100034.7
100034.7
100034.55
100034.55
100034.55
100034.55
100034.55
100034.55
100034.55
100034.55
100034.55
100034.55
100034.55
100034.55
100034.55
100034.55
100034.55
100034.39
100034.39
100034.39
100034.39
100034.39
100034.39
100034.39
100034.39
100034.39
100034.39
100034.39
100034.39
100034.39
100034.39
100034.39
100034.23
100034.23
100034.23
100034.23
100034.23
100034.23
100034.23
100034.23
100034.23
100034.23
100034.23
100034.23
100034.23
100034.23
100034.23
100034.07
100034.07
100034.07
100034.07
100034.07
100034.07
100034.07
100034.07
100034.07
100034.07
100034.07
100034.07
100034.07
100034.07
100034.07
100033.91
100033.91
100033.91
100033.91
100033.91
100033.91
100033.91
100033.91
100033.91
100033.91
100033.91
100033.91
100033.91
100033.91
100033.91
100033.76
100033.76
100033.76
100033.76
100033.76
100033.76
100033.76
100033.76
100033.76
100033.76
100033.76
100033.76
100033.76
100033.76
100033.76
100033.6
100033.6
100033.6
100033.6
100033.6
100033.6
100033.6
100033.6
100033.6
100033.6
100033.6
100033.6
100033.6
100033.6
100033.6
100033.44
100033.44
100033.44
100033.44
100033.44
100033.44
100033.44
100033.44
100033.44
100033.44
100033.44
100033.44
100033.44
100033.44
100033.44
100033.28
100033.28
100033.28
100033.28
100033.28
100033.28
100033.28
100033.28
100033.28
100033.28
100033.28
100033.28
100033.28
100033.28
100033.28
100033.12
100033.12
100033.12
100033.12
100033.12
100033.12
100033.12
100033.12
100033.12
100033.12
100033.12
100033.12
100033.12
100033.12
100033.12
100032.97
100032.97
100032.97
100032.97
100032.97
100032.97
100032.97
100032.97
100032.97
100032.97
100032.97
100032.97
100032.97
100032.97
100032.97
100032.81
100032.81
100032.81
100032.81
100032.81
100032.81
100032.81
100032.81
100032.81
100032.81
100032.81
100032.81
100032.81
100032.81
100032.81
100032.65
100032.65
100032.65
100032.65
100032.65
100032.65
100032.65
100032.65
100032.65
100032.65
100032.65
100032.65
100032.65
100032.65
100032.65
100032.49
100032.49
100032.49
100032.49
100032.49
100032.49
100032.49
100032.49
100032.49
100032.49
100032.49
100032.49
100032.49
100032.49
100032.49
100032.33
100032.33
100032.33
100032.33
100032.33
100032.33
100032.33
100032.33
100032.33
100032.33
100032.33
100032.33
100032.33
100032.33
100032.33
100032.18
100032.18
100032.18
100032.18
100032.18
100032.18
100032.18
100032.18
100032.18
100032.18
100032.18
100032.18
100032.18
100032.18
100032.18
100032.02
100032.02
100032.02
100032.02
100032.02
100032.02
100032.02
100032.02
100032.02
100032.02
100032.02
100032.02
100032.02
100032.02
100032.02
100031.86
100031.86
100031.86
100031.86
100031.86
100031.86
100031.86
100031.86
100031.86
100031.86
100031.86
100031.86
100031.86
100031.86
100031.86
100031.7
100031.7
100031.7
100031.7
100031.7
100031.7
100031.7
100031.7
100031.7
100031.7
100031.7
100031.7
100031.7
100031.7
100031.7
100031.54
100031.54
100031.54
100031.54
100031.54
100031.54
100031.54
100031.54
100031.54
100031.54
100031.54
100031.54
100031.54
100031.54
100031.54
100031.39
100031.39
100031.39
100031.39
100031.39
100031.39
100031.39
100031.39
100031.39
100031.39
100031.39
100031.39
100031.39
100031.39
100031.39
100031.23
100031.23
100031.23
100031.23
100031.23
100031.23
100031.23
100031.23
100031.23
100031.23
100031.23
100031.23
100031.23
100031.23
100031.23
100031.07
100031.07
100031.07
100031.07
100031.07
100031.07
100031.07
100031.07
100031.07
100031.07
100031.07
100031.07
100031.07
100031.07
100031.07
100030.91
100030.91
100030.91
100030.91
100030.91
100030.91
100030.91
100030.91
100030.91
100030.91
100030.91
100030.91
100030.91
100030.91
100030.91
100030.75
100030.75
100030.75
100030.75
100030.75
100030.75
100030.75
100030.75
100030.75
100030.75
100030.75
100030.75
100030.75
100030.75
100030.75
100030.6
100030.6
100030.6
100030.6
100030.6
100030.6
100030.6
100030.6
100030.6
100030.6
100030.6
100030.6
100030.6
100030.6
100030.6
100030.44
100030.44
100030.44
100030.44
100030.44
100030.44
100030.44
100030.44
100030.44
100030.44
100030.44
100030.44
100030.44
100030.44
100030.44
100030.28
100030.28
100030.28
100030.28
100030.28
100030.28
100030.28
100030.28
100030.28
100030.28
100030.28
100030.28
100030.28
100030.28
100030.28
100030.12
100030.12
100030.12
100030.12
100030.12
100030.12
100030.12
100030.12
100030.12
100030.12
100030.12
100030.12
100030.12
100030.12
100030.12
100029.96
100029.96
100029.96
100029.96
100029.96
100029.96
100029.96
100029.96
100029.96
100029.96
100029.96
100029.96
100029.96
100029.96
100029.96
100029.81
100029.81
100029.81
100029.81
100029.81
100029.81
100029.81
100029.81
100029.81
100029.81
100029.81
100029.81
100029.81
100029.81
100029.81
100029.65
100029.65
100029.65
100029.65
100029.65
100029.65
100029.65
100029.65
100029.65
100029.65
100029.65
100029.65
100029.65
100029.65
100029.65
100029.49
100029.49
100029.49
100029.49
100029.49
100029.49
100029.49
100029.49
100029.49
100029.49
100029.49
100029.49
100029.49
100029.49
100029.49
100029.33
100029.33
100029.33
100029.33
100029.33
100029.33
100029.33
100029.33
100029.33
100029.33
100029.33
100029.33
100029.33
100029.33
100029.33
100029.18
100029.18
100029.18
100029.18
100029.18
100029.18
100029.18
100029.18
100029.18
100029.18
100029.18
100029.18
100029.18
100029.18
100029.18
100029.02
100029.02
100029.02
100029.02
100029.02
100029.02
100029.02
100029.02
100029.02
100029.02
100029.02
100029.02
100029.02
100029.02
100029.02
100028.86
100028.86
100028.86
100028.86
100028.86
100028.86
100028.86
100028.86
100028.86
100028.86
100028.86
100028.86
100028.86
100028.86
100028.86
100028.7
100028.7
100028.7
100028.7
100028.7
100028.7
100028.7
100028.7
100028.7
100028.7
100028.7
100028.7
100028.7
100028.7
100028.7
100028.54
100028.54
100028.54
100028.54
100028.54
100028.54
100028.54
100028.54
100028.54
100028.54
100028.54
100028.54
100028.54
100028.54
100028.54
100028.39
100028.39
100028.39
100028.39
100028.39
100028.39
100028.39
100028.39
100028.39
100028.39
100028.39
100028.39
100028.39
100028.39
100028.39
100028.23
100028.23
100028.23
100028.23
100028.23
100028.23
100028.23
100028.23
100028.23
100028.23
100028.23
100028.23
100028.23
100028.23
100028.23
100028.07
100028.07
100028.07
100028.07
100028.07
100028.07
100028.07
100028.07
100028.07
100028.07
100028.07
100028.07
100028.07
100028.07
100028.07
100027.91
100027.91
100027.91
100027.91
100027.91
100027.91
100027.91
100027.91
100027.91
100027.91
100027.91
100027.91
100027.91
100027.91
100027.91
100027.76
100027.76
100027.76
100027.76
100027.76
100027.76
100027.76
100027.76
100027.76
100027.76
100027.76
100027.76
100027.76
100027.76
100027.76
100027.6
100027.6
100027.6
100027.6
100027.6
100027.6
100027.6
100027.6
100027.6
100027.6
100027.6
100027.6
100027.6
100027.6
100027.6
100027.44
100027.44
100027.44
100027.44
100027.44
100027.44
100027.44
100027.44
100027.44
100027.44
100027.44
100027.44
100027.44
100027.44
100027.44
100027.28
100027.28
100027.28
100027.28
100027.28
100027.28
100027.28
100027.28
100027.28
100027.28
100027.28
100027.28
100027.28
100027.28
100027.28
100027.13
100027.13
100027.13
100027.13
100027.13
100027.13
100027.13
100027.13
100027.13
100027.13
100027.13
100027.13
100027.13
100027.13
100027.13
100026.97
100026.97
100026.97
100026.97
100026.97
100026.97
100026.97
100026.97
100026.97
100026.97
100026.97
100026.97
100026.97
100026.97
100026.97
100026.81
100026.81
100026.81
100026.81
100026.81
100026.81
100026.81
100026.81
100026.81
100026.81
100026.81
100026.81
100026.81
100026.81
100026.81
100026.65
100026.65
100026.65
100026.65
100026.65
100026.65
100026.65
100026.65
100026.65
100026.65
100026.65
100026.65
100026.65
100026.65
100026.65
100026.5
100026.5
100026.5
100026.5
100026.5
100026.5
100026.5
100026.5
100026.5
100026.5
100026.5
100026.5
100026.5
100026.5
100026.5
100026.34
100026.34
100026.34
100026.34
100026.34
100026.34
100026.34
100026.34
100026.34
100026.34
100026.34
100026.34
100026.34
100026.34
100026.34
100026.18
100026.18
100026.18
100026.18
100026.18
100026.18
100026.18
100026.18
100026.18
100026.18
100026.18
100026.18
100026.18
100026.18
100026.18
100026.02
100026.02
100026.02
100026.02
100026.02
100026.02
100026.02
100026.02
100026.02
100026.02
100026.02
100026.02
100026.02
100026.02
100026.02
100025.86
100025.86
100025.86
100025.86
100025.86
100025.86
100025.86
100025.86
100025.86
100025.86
100025.86
100025.86
100025.86
100025.86
100025.86
100025.71
100025.71
100025.71
100025.71
100025.71
100025.71
100025.71
100025.71
100025.71
100025.71
100025.71
100025.71
100025.71
100025.71
100025.71
100025.55
100025.55
100025.55
100025.55
100025.55
100025.55
100025.55
100025.55
100025.55
100025.55
100025.55
100025.55
100025.55
100025.55
100025.55
100025.39
100025.39
100025.39
100025.39
100025.39
100025.39
100025.39
100025.39
100025.39
100025.39
100025.39
100025.39
100025.39
100025.39
100025.39
100025.24
100025.24
100025.24
100025.24
100025.24
100025.24
100025.24
100025.24
100025.24
100025.24
100025.24
100025.24
100025.24
100025.24
100025.24
100025.08
100025.08
100025.08
100025.08
100025.08
100025.08
100025.08
100025.08
100025.08
100025.08
100025.08
100025.08
100025.08
100025.08
100025.08
100024.92
100024.92
100024.92
100024.92
100024.92
100024.92
100024.92
100024.92
100024.92
100024.92
100024.92
100024.92
100024.92
100024.92
100024.92
100024.76
100024.76
100024.76
100024.76
100024.76
100024.76
100024.76
100024.76
100024.76
100024.76
100024.76
100024.76
100024.76
100024.76
100024.76
100024.61
100024.61
100024.61
100024.61
100024.61
100024.61
100024.61
100024.61
100024.61
100024.61
100024.61
100024.61
100024.61
100024.61
100024.61
100024.45
100024.45
100024.45
100024.45
100024.45
100024.45
100024.45
100024.45
100024.45
100024.45
100024.45
100024.45
100024.45
100024.45
100024.45
100024.29
100024.29
100024.29
100024.29
100024.29
100024.29
100024.29
100024.29
100024.29
100024.29
100024.29
100024.29
100024.29
100024.29
100024.29
100024.13
100024.13
100024.13
100024.13
100024.13
100024.13
100024.13
100024.13
100024.13
100024.13
100024.13
100024.13
100024.13
100024.13
100024.13
100023.98
100023.98
100023.98
100023.98
100023.98
100023.98
100023.98
100023.98
100023.98
100023.98
100023.98
100023.98
100023.98
100023.98
100023.98
100023.82
100023.82
100023.82
100023.82
100023.82
100023.82
100023.82
100023.82
100023.82
100023.82
100023.82
100023.82
100023.82
100023.82
100023.82
100023.66
100023.66
100023.66
100023.66
100023.66
100023.66
100023.66
100023.66
100023.66
100023.66
100023.66
100023.66
100023.66
100023.66
100023.66
100023.5
100023.5
100023.5
100023.5
100023.5
100023.5
100023.5
100023.5
100023.5
100023.5
100023.5
100023.5
100023.5
100023.5
100023.5
100023.35
100023.35
100023.35
100023.35
100023.35
100023.35
100023.35
100023.35
100023.35
100023.35
100023.35
100023.35
100023.35
100023.35
100023.35
100023.19
100023.19
100023.19
100023.19
100023.19
100023.19
100023.19
100023.19
100023.19
100023.19
100023.19
100023.19
100023.19
100023.19
100023.19
100023.03
100023.03
100023.03
100023.03
100023.03
100023.03
100023.03
100023.03
100023.03
100023.03
100023.03
100023.03
100023.03
100023.03
100023.03
100022.87
100022.87
100022.87
100022.87
100022.87
100022.87
100022.87
100022.87
100022.87
100022.87
100022.87
100022.87
100022.87
100022.87
100022.87
100022.72
100022.72
100022.72
100022.72
100022.72
100022.72
100022.72
100022.72
100022.72
100022.72
100022.72
100022.72
100022.72
100022.72
100022.72
100022.56
100022.56
100022.56
100022.56
100022.56
100022.56
100022.56
100022.56
100022.56
100022.56
100022.56
100022.56
100022.56
100022.56
100022.56
100022.4
100022.4
100022.4
100022.4
100022.4
100022.4
100022.4
100022.4
100022.4
100022.4
100022.4
100022.4
100022.4
100022.4
100022.4
100022.25
100022.25
100022.25
100022.25
100022.25
100022.25
100022.25
100022.25
100022.25
100022.25
100022.25
100022.25
100022.25
100022.25
100022.25
100022.09
100022.09
100022.09
100022.09
100022.09
100022.09
100022.09
100022.09
100022.09
100022.09
100022.09
100022.09
100022.09
100022.09
100022.09
100021.93
100021.93
100021.93
100021.93
100021.93
100021.93
100021.93
100021.93
100021.93
100021.93
100021.93
100021.93
100021.93
100021.93
100021.93
100021.77
100021.77
100021.77
100021.77
100021.77
100021.77
100021.77
100021.77
100021.77
100021.77
100021.77
100021.77
100021.77
100021.77
100021.77
100021.62
100021.62
100021.62
100021.62
100021.62
100021.62
100021.62
100021.62
100021.62
100021.62
100021.62
100021.62
100021.62
100021.62
100021.62
100021.46
100021.46
100021.46
100021.46
100021.46
100021.46
100021.46
100021.46
100021.46
100021.46
100021.46
100021.46
100021.46
100021.46
100021.46
100021.3
100021.3
100021.3
100021.3
100021.3
100021.3
100021.3
100021.3
100021.3
100021.3
100021.3
100021.3
100021.3
100021.3
100021.3
100021.14
100021.14
100021.14
100021.14
100021.14
100021.14
100021.14
100021.14
100021.14
100021.14
100021.14
100021.14
100021.14
100021.14
100021.14
100020.99
100020.99
100020.99
100020.99
100020.99
100020.99
100020.99
100020.99
100020.99
100020.99
100020.99
100020.99
100020.99
100020.99
100020.99
100020.83
100020.83
100020.83
100020.83
100020.83
100020.83
100020.83
100020.83
100020.83
100020.83
100020.83
100020.83
100020.83
100020.83
100020.83
100020.67
100020.67
100020.67
100020.67
100020.67
100020.67
100020.67
100020.67
100020.67
100020.67
100020.67
100020.67
100020.67
100020.67
100020.67
100020.52
100020.52
100020.52
100020.52
100020.52
100020.52
100020.52
100020.52
100020.52
100020.52
100020.52
100020.52
100020.52
100020.52
100020.52
100020.36
100020.36
100020.36
100020.36
100020.36
100020.36
100020.36
100020.36
100020.36
100020.36
100020.36
100020.36
100020.36
100020.36
100020.36
100020.2
100020.2
100020.2
100020.2
100020.2
100020.2
100020.2
100020.2
100020.2
100020.2
100020.2
100020.2
100020.2
100020.2
100020.2
100020.04
100020.04
100020.04
100020.04
100020.04
100020.04
100020.04
100020.04
100020.04
100020.04
100020.04
100020.04
100020.04
100020.04
100020.04
100019.89
100019.89
100019.89
100019.89
100019.89
100019.89
100019.89
100019.89
100019.89
100019.89
100019.89
100019.89
100019.89
100019.89
100019.89
100019.73
100019.73
100019.73
100019.73
100019.73
100019.73
100019.73
100019.73
100019.73
100019.73
100019.73
100019.73
100019.73
100019.73
100019.73
100019.57
100019.57
100019.57
100019.57
100019.57
100019.57
100019.57
100019.57
100019.57
100019.57
100019.57
100019.57
100019.57
100019.57
100019.57
100019.42
100019.42
100019.42
100019.42
100019.42
100019.42
100019.42
100019.42
100019.42
100019.42
100019.42
100019.42
100019.42
100019.42
100019.42
100019.26
100019.26
100019.26
100019.26
100019.26
100019.26
100019.26
100019.26
100019.26
100019.26
100019.26
100019.26
100019.26
100019.26
100019.26
100019.1
100019.1
100019.1
100019.1
100019.1
100019.1
100019.1
100019.1
100019.1
100019.1
100019.1
100019.1
100019.1
100019.1
100019.1
100018.94
100018.94
100018.94
100018.94
100018.94
100018.94
100018.94
100018.94
100018.94
100018.94
100018.94
100018.94
100018.94
100018.94
100018.94
100018.79
100018.79
100018.79
100018.79
100018.79
100018.79
100018.79
100018.79
100018.79
100018.79
100018.79
100018.79
100018.79
100018.79
100018.79
100018.63
100018.63
100018.63
100018.63
100018.63
100018.63
100018.63
100018.63
100018.63
100018.63
100018.63
100018.63
100018.63
100018.63
100018.63
100018.47
100018.47
100018.47
100018.47
100018.47
100018.47
100018.47
100018.47
100018.47
100018.47
100018.47
100018.47
100018.47
100018.47
100018.47
100018.31
100018.31
100018.31
100018.31
100018.31
100018.31
100018.31
100018.31
100018.31
100018.31
100018.31
100018.31
100018.31
100018.31
100018.31
100018.16
100018.16
100018.16
100018.16
100018.16
100018.16
100018.16
100018.16
100018.16
100018.16
100018.16
100018.16
100018.16
100018.16
100018.16
100018
100018
100018
100018
100018
100018
100018
100018
100018
100018
100018
100018
100018
100018
100018
100017.84
100017.84
100017.84
100017.84
100017.84
100017.84
100017.84
100017.84
100017.84
100017.84
100017.84
100017.84
100017.84
100017.84
100017.84
100017.69
100017.69
100017.69
100017.69
100017.69
100017.69
100017.69
100017.69
100017.69
100017.69
100017.69
100017.69
100017.69
100017.69
100017.69
100017.53
100017.53
100017.53
100017.53
100017.53
100017.53
100017.53
100017.53
100017.53
100017.53
100017.53
100017.53
100017.53
100017.53
100017.53
100017.37
100017.37
100017.37
100017.37
100017.37
100017.37
100017.37
100017.37
100017.37
100017.37
100017.37
100017.37
100017.37
100017.37
100017.37
100017.21
100017.21
100017.21
100017.21
100017.21
100017.21
100017.21
100017.21
100017.21
100017.21
100017.21
100017.21
100017.21
100017.21
100017.21
100017.06
100017.06
100017.06
100017.06
100017.06
100017.06
100017.06
100017.06
100017.06
100017.06
100017.06
100017.06
100017.06
100017.06
100017.06
100016.9
100016.9
100016.9
100016.9
100016.9
100016.9
100016.9
100016.9
100016.9
100016.9
100016.9
100016.9
100016.9
100016.9
100016.9
100016.74
100016.74
100016.74
100016.74
100016.74
100016.74
100016.74
100016.74
100016.74
100016.74
100016.74
100016.74
100016.74
100016.74
100016.74
100016.59
100016.59
100016.59
100016.59
100016.59
100016.59
100016.59
100016.59
100016.59
100016.59
100016.59
100016.59
100016.59
100016.59
100016.59
100016.43
100016.43
100016.43
100016.43
100016.43
100016.43
100016.43
100016.43
100016.43
100016.43
100016.43
100016.43
100016.43
100016.43
100016.43
100016.27
100016.27
100016.27
100016.27
100016.27
100016.27
100016.27
100016.27
100016.27
100016.27
100016.27
100016.27
100016.27
100016.27
100016.27
100016.11
100016.11
100016.11
100016.11
100016.11
100016.11
100016.11
100016.11
100016.11
100016.11
100016.11
100016.11
100016.11
100016.11
100016.11
100015.96
100015.96
100015.96
100015.96
100015.96
100015.96
100015.96
100015.96
100015.96
100015.96
100015.96
100015.96
100015.96
100015.96
100015.96
100015.8
100015.8
100015.8
100015.8
100015.8
100015.8
100015.8
100015.8
100015.8
100015.8
100015.8
100015.8
100015.8
100015.8
100015.8
100015.64
100015.64
100015.64
100015.64
100015.64
100015.64
100015.64
100015.64
100015.64
100015.64
100015.64
100015.64
100015.64
100015.64
100015.64
100015.49
100015.49
100015.49
100015.49
100015.49
100015.49
100015.49
100015.49
100015.49
100015.49
100015.49
100015.49
100015.49
100015.49
100015.49
100015.33
100015.33
100015.33
100015.33
100015.33
100015.33
100015.33
100015.33
100015.33
100015.33
100015.33
100015.33
100015.33
100015.33
100015.33
100015.17
100015.17
100015.17
100015.17
100015.17
100015.17
100015.17
100015.17
100015.17
100015.17
100015.17
100015.17
100015.17
100015.17
100015.17
100015.01
100015.01
100015.01
100015.01
100015.01
100015.01
100015.01
100015.01
100015.01
100015.01
100015.01
100015.01
100015.01
100015.01
100015.01
100014.86
100014.86
100014.86
100014.86
100014.86
100014.86
100014.86
100014.86
100014.86
100014.86
100014.86
100014.86
100014.86
100014.86
100014.86
100014.7
100014.7
100014.7
100014.7
100014.7
100014.7
100014.7
100014.7
100014.7
100014.7
100014.7
100014.7
100014.7
100014.7
100014.7
100014.54
100014.54
100014.54
100014.54
100014.54
100014.54
100014.54
100014.54
100014.54
100014.54
100014.54
100014.54
100014.54
100014.54
100014.54
100014.39
100014.39
100014.39
100014.39
100014.39
100014.39
100014.39
100014.39
100014.39
100014.39
100014.39
100014.39
100014.39
100014.39
100014.39
100014.23
100014.23
100014.23
100014.23
100014.23
100014.23
100014.23
100014.23
100014.23
100014.23
100014.23
100014.23
100014.23
100014.23
100014.23
100014.07
100014.07
100014.07
100014.07
100014.07
100014.07
100014.07
100014.07
100014.07
100014.07
100014.07
100014.07
100014.07
100014.07
100014.07
100013.91
100013.91
100013.91
100013.91
100013.91
100013.91
100013.91
100013.91
100013.91
100013.91
100013.91
100013.91
100013.91
100013.91
100013.91
100013.76
100013.76
100013.76
100013.76
100013.76
100013.76
100013.76
100013.76
100013.76
100013.76
100013.76
100013.76
100013.76
100013.76
100013.76
100013.6
100013.6
100013.6
100013.6
100013.6
100013.6
100013.6
100013.6
100013.6
100013.6
100013.6
100013.6
100013.6
100013.6
100013.6
100013.44
100013.44
100013.44
100013.44
100013.44
100013.44
100013.44
100013.44
100013.44
100013.44
100013.44
100013.44
100013.44
100013.44
100013.44
100013.29
100013.29
100013.29
100013.29
100013.29
100013.29
100013.29
100013.29
100013.29
100013.29
100013.29
100013.29
100013.29
100013.29
100013.29
100013.13
100013.13
100013.13
100013.13
100013.13
100013.13
100013.13
100013.13
100013.13
100013.13
100013.13
100013.13
100013.13
100013.13
100013.13
100012.97
100012.97
100012.97
100012.97
100012.97
100012.97
100012.97
100012.97
100012.97
100012.97
100012.97
100012.97
100012.97
100012.97
100012.97
100012.81
100012.81
100012.81
100012.81
100012.81
100012.81
100012.81
100012.81
100012.81
100012.81
100012.81
100012.81
100012.81
100012.81
100012.81
100012.66
100012.66
100012.66
100012.66
100012.66
100012.66
100012.66
100012.66
100012.66
100012.66
100012.66
100012.66
100012.66
100012.66
100012.66
100012.5
100012.5
100012.5
100012.5
100012.5
100012.5
100012.5
100012.5
100012.5
100012.5
100012.5
100012.5
100012.5
100012.5
100012.5
100012.34
100012.34
100012.34
100012.34
100012.34
100012.34
100012.34
100012.34
100012.34
100012.34
100012.34
100012.34
100012.34
100012.34
100012.34
100012.18
100012.18
100012.18
100012.18
100012.18
100012.18
100012.18
100012.18
100012.18
100012.18
100012.18
100012.18
100012.18
100012.18
100012.18
100012.03
100012.03
100012.03
100012.03
100012.03
100012.03
100012.03
100012.03
100012.03
100012.03
100012.03
100012.03
100012.03
100012.03
100012.03
100011.87
100011.87
100011.87
100011.87
100011.87
100011.87
100011.87
100011.87
100011.87
100011.87
100011.87
100011.87
100011.87
100011.87
100011.87
100011.71
100011.71
100011.71
100011.71
100011.71
100011.71
100011.71
100011.71
100011.71
100011.71
100011.71
100011.71
100011.71
100011.71
100011.71
100011.56
100011.56
100011.56
100011.56
100011.56
100011.56
100011.56
100011.56
100011.56
100011.56
100011.56
100011.56
100011.56
100011.56
100011.56
100011.4
100011.4
100011.4
100011.4
100011.4
100011.4
100011.4
100011.4
100011.4
100011.4
100011.4
100011.4
100011.4
100011.4
100011.4
100011.24
100011.24
100011.24
100011.24
100011.24
100011.24
100011.24
100011.24
100011.24
100011.24
100011.24
100011.24
100011.24
100011.24
100011.24
100011.08
100011.08
100011.08
100011.08
100011.08
100011.08
100011.08
100011.08
100011.08
100011.08
100011.08
100011.08
100011.08
100011.08
100011.08
100010.93
100010.93
100010.93
100010.93
100010.93
100010.93
100010.93
100010.93
100010.93
100010.93
100010.93
100010.93
100010.93
100010.93
100010.93
100010.77
100010.77
100010.77
100010.77
100010.77
100010.77
100010.77
100010.77
100010.77
100010.77
100010.77
100010.77
100010.77
100010.77
100010.77
100010.61
100010.61
100010.61
100010.61
100010.61
100010.61
100010.61
100010.61
100010.61
100010.61
100010.61
100010.61
100010.61
100010.61
100010.61
100010.46
100010.46
100010.46
100010.46
100010.46
100010.46
100010.46
100010.46
100010.46
100010.46
100010.46
100010.46
100010.46
100010.46
100010.46
100010.3
100010.3
100010.3
100010.3
100010.3
100010.3
100010.3
100010.3
100010.3
100010.3
100010.3
100010.3
100010.3
100010.3
100010.3
100010.14
100010.14
100010.14
100010.14
100010.14
100010.14
100010.14
100010.14
100010.14
100010.14
100010.14
100010.14
100010.14
100010.14
100010.14
100009.98
100009.98
100009.98
100009.98
100009.98
100009.98
100009.98
100009.98
100009.98
100009.98
100009.98
100009.98
100009.98
100009.98
100009.98
100009.83
100009.83
100009.83
100009.83
100009.83
100009.83
100009.83
100009.83
100009.83
100009.83
100009.83
100009.83
100009.83
100009.83
100009.83
100009.67
100009.67
100009.67
100009.67
100009.67
100009.67
100009.67
100009.67
100009.67
100009.67
100009.67
100009.67
100009.67
100009.67
100009.67
100009.51
100009.51
100009.51
100009.51
100009.51
100009.51
100009.51
100009.51
100009.51
100009.51
100009.51
100009.51
100009.51
100009.51
100009.51
100009.36
100009.36
100009.36
100009.36
100009.36
100009.36
100009.36
100009.36
100009.36
100009.36
100009.36
100009.36
100009.36
100009.36
100009.36
100009.2
100009.2
100009.2
100009.2
100009.2
100009.2
100009.2
100009.2
100009.2
100009.2
100009.2
100009.2
100009.2
100009.2
100009.2
100009.04
100009.04
100009.04
100009.04
100009.04
100009.04
100009.04
100009.04
100009.04
100009.04
100009.04
100009.04
100009.04
100009.04
100009.04
100008.88
100008.88
100008.88
100008.88
100008.88
100008.88
100008.88
100008.88
100008.88
100008.88
100008.88
100008.88
100008.88
100008.88
100008.88
100008.73
100008.73
100008.73
100008.73
100008.73
100008.73
100008.73
100008.73
100008.73
100008.73
100008.73
100008.73
100008.73
100008.73
100008.73
100008.57
100008.57
100008.57
100008.57
100008.57
100008.57
100008.57
100008.57
100008.57
100008.57
100008.57
100008.57
100008.57
100008.57
100008.57
100008.41
100008.41
100008.41
100008.41
100008.41
100008.41
100008.41
100008.41
100008.41
100008.41
100008.41
100008.41
100008.41
100008.41
100008.41
100008.25
100008.25
100008.25
100008.25
100008.25
100008.25
100008.25
100008.25
100008.25
100008.25
100008.25
100008.25
100008.25
100008.25
100008.25
100008.1
100008.1
100008.1
100008.1
100008.1
100008.1
100008.1
100008.1
100008.1
100008.1
100008.1
100008.1
100008.1
100008.1
100008.1
100007.94
100007.94
100007.94
100007.94
100007.94
100007.94
100007.94
100007.94
100007.94
100007.94
100007.94
100007.94
100007.94
100007.94
100007.94
100007.78
100007.78
100007.78
100007.78
100007.78
100007.78
100007.78
100007.78
100007.78
100007.78
100007.78
100007.78
100007.78
100007.78
100007.78
100007.63
100007.63
100007.63
100007.63
100007.63
100007.63
100007.63
100007.63
100007.63
100007.63
100007.63
100007.63
100007.63
100007.63
100007.63
100007.47
100007.47
100007.47
100007.47
100007.47
100007.47
100007.47
100007.47
100007.47
100007.47
100007.47
100007.47
100007.47
100007.47
100007.47
100007.31
100007.31
100007.31
100007.31
100007.31
100007.31
100007.31
100007.31
100007.31
100007.31
100007.31
100007.31
100007.31
100007.31
100007.31
100007.15
100007.15
100007.15
100007.15
100007.15
100007.15
100007.15
100007.15
100007.15
100007.15
100007.15
100007.15
100007.15
100007.15
100007.15
100007
100007
100007
100007
100007
100007
100007
100007
100007
100007
100007
100007
100007
100007
100007
100006.84
100006.84
100006.84
100006.84
100006.84
100006.84
100006.84
100006.84
100006.84
100006.84
100006.84
100006.84
100006.84
100006.84
100006.84
100006.68
100006.68
100006.68
100006.68
100006.68
100006.68
100006.68
100006.68
100006.68
100006.68
100006.68
100006.68
100006.68
100006.68
100006.68
100006.53
100006.53
100006.53
100006.53
100006.53
100006.53
100006.53
100006.53
100006.53
100006.53
100006.53
100006.53
100006.53
100006.53
100006.53
100006.37
100006.37
100006.37
100006.37
100006.37
100006.37
100006.37
100006.37
100006.37
100006.37
100006.37
100006.37
100006.37
100006.37
100006.37
100006.21
100006.21
100006.21
100006.21
100006.21
100006.21
100006.21
100006.21
100006.21
100006.21
100006.21
100006.21
100006.21
100006.21
100006.21
100006.05
100006.05
100006.05
100006.05
100006.05
100006.05
100006.05
100006.05
100006.05
100006.05
100006.05
100006.05
100006.05
100006.05
100006.05
100005.9
100005.9
100005.9
100005.9
100005.9
100005.9
100005.9
100005.9
100005.9
100005.9
100005.9
100005.9
100005.9
100005.9
100005.9
100005.74
100005.74
100005.74
100005.74
100005.74
100005.74
100005.74
100005.74
100005.74
100005.74
100005.74
100005.74
100005.74
100005.74
100005.74
100005.58
100005.58
100005.58
100005.58
100005.58
100005.58
100005.58
100005.58
100005.58
100005.58
100005.58
100005.58
100005.58
100005.58
100005.58
100005.42
100005.42
100005.42
100005.42
100005.42
100005.42
100005.42
100005.42
100005.42
100005.42
100005.42
100005.42
100005.42
100005.42
100005.42
100005.27
100005.27
100005.27
100005.27
100005.27
100005.27
100005.27
100005.27
100005.27
100005.27
100005.27
100005.27
100005.27
100005.27
100005.27
100005.11
100005.11
100005.11
100005.11
100005.11
100005.11
100005.11
100005.11
100005.11
100005.11
100005.11
100005.11
100005.11
100005.11
100005.11
100004.95
100004.95
100004.95
100004.95
100004.95
100004.95
100004.95
100004.95
100004.95
100004.95
100004.95
100004.95
100004.95
100004.95
100004.95
100004.8
100004.8
100004.8
100004.8
100004.8
100004.8
100004.8
100004.8
100004.8
100004.8
100004.8
100004.8
100004.8
100004.8
100004.8
100004.64
100004.64
100004.64
100004.64
100004.64
100004.64
100004.64
100004.64
100004.64
100004.64
100004.64
100004.64
100004.64
100004.64
100004.64
100004.48
100004.48
100004.48
100004.48
100004.48
100004.48
100004.48
100004.48
100004.48
100004.48
100004.48
100004.48
100004.48
100004.48
100004.48
100004.32
100004.32
100004.32
100004.32
100004.32
100004.32
100004.32
100004.32
100004.32
100004.32
100004.32
100004.32
100004.32
100004.32
100004.32
100004.17
100004.17
100004.17
100004.17
100004.17
100004.17
100004.17
100004.17
100004.17
100004.17
100004.17
100004.17
100004.17
100004.17
100004.17
100004.01
100004.01
100004.01
100004.01
100004.01
100004.01
100004.01
100004.01
100004.01
100004.01
100004.01
100004.01
100004.01
100004.01
100004.01
100003.85
100003.85
100003.85
100003.85
100003.85
100003.85
100003.85
100003.85
100003.85
100003.85
100003.85
100003.85
100003.85
100003.85
100003.85
100003.7
100003.7
100003.7
100003.7
100003.7
100003.7
100003.7
100003.7
100003.7
100003.7
100003.7
100003.7
100003.7
100003.7
100003.7
100003.54
100003.54
100003.54
100003.54
100003.54
100003.54
100003.54
100003.54
100003.54
100003.54
100003.54
100003.54
100003.54
100003.54
100003.54
100003.38
100003.38
100003.38
100003.38
100003.38
100003.38
100003.38
100003.38
100003.38
100003.38
100003.38
100003.38
100003.38
100003.38
100003.38
100003.22
100003.22
100003.22
100003.22
100003.22
100003.22
100003.22
100003.22
100003.22
100003.22
100003.22
100003.22
100003.22
100003.22
100003.22
100003.07
100003.07
100003.07
100003.07
100003.07
100003.07
100003.07
100003.07
100003.07
100003.07
100003.07
100003.07
100003.07
100003.07
100003.07
100002.91
100002.91
100002.91
100002.91
100002.91
100002.91
100002.91
100002.91
100002.91
100002.91
100002.91
100002.91
100002.91
100002.91
100002.91
100002.75
100002.75
100002.75
100002.75
100002.75
100002.75
100002.75
100002.75
100002.75
100002.75
100002.75
100002.75
100002.75
100002.75
100002.75
100002.59
100002.59
100002.59
100002.59
100002.59
100002.59
100002.59
100002.59
100002.59
100002.59
100002.59
100002.59
100002.59
100002.59
100002.59
100002.44
100002.44
100002.44
100002.44
100002.44
100002.44
100002.44
100002.44
100002.44
100002.44
100002.44
100002.44
100002.44
100002.44
100002.44
100002.28
100002.28
100002.28
100002.28
100002.28
100002.28
100002.28
100002.28
100002.28
100002.28
100002.28
100002.28
100002.28
100002.28
100002.28
100002.12
100002.12
100002.12
100002.12
100002.12
100002.12
100002.12
100002.12
100002.12
100002.12
100002.12
100002.12
100002.12
100002.12
100002.12
100001.97
100001.97
100001.97
100001.97
100001.97
100001.97
100001.97
100001.97
100001.97
100001.97
100001.97
100001.97
100001.97
100001.97
100001.97
100001.81
100001.81
100001.81
100001.81
100001.81
100001.81
100001.81
100001.81
100001.81
100001.81
100001.81
100001.81
100001.81
100001.81
100001.81
100001.65
100001.65
100001.65
100001.65
100001.65
100001.65
100001.65
100001.65
100001.65
100001.65
100001.65
100001.65
100001.65
100001.65
100001.65
100001.49
100001.49
100001.49
100001.49
100001.49
100001.49
100001.49
100001.49
100001.49
100001.49
100001.49
100001.49
100001.49
100001.49
100001.49
100001.34
100001.34
100001.34
100001.34
100001.34
100001.34
100001.34
100001.34
100001.34
100001.34
100001.34
100001.34
100001.34
100001.34
100001.34
100001.18
100001.18
100001.18
100001.18
100001.18
100001.18
100001.18
100001.18
100001.18
100001.18
100001.18
100001.18
100001.18
100001.18
100001.18
100001.02
100001.02
100001.02
100001.02
100001.02
100001.02
100001.02
100001.02
100001.02
100001.02
100001.02
100001.02
100001.02
100001.02
100001.02
100000.86
100000.86
100000.86
100000.86
100000.86
100000.86
100000.86
100000.86
100000.86
100000.86
100000.86
100000.86
100000.86
100000.86
100000.86
100000.71
100000.71
100000.71
100000.71
100000.71
100000.71
100000.71
100000.71
100000.71
100000.71
100000.71
100000.71
100000.71
100000.71
100000.71
100000.55
100000.55
100000.55
100000.55
100000.55
100000.55
100000.55
100000.55
100000.55
100000.55
100000.55
100000.55
100000.55
100000.55
100000.55
100000.39
100000.39
100000.39
100000.39
100000.39
100000.39
100000.39
100000.39
100000.39
100000.39
100000.39
100000.39
100000.39
100000.39
100000.39
100000.24
100000.24
100000.24
100000.24
100000.24
100000.24
100000.24
100000.24
100000.24
100000.24
100000.24
100000.24
100000.24
100000.24
100000.24
100000.08
100000.08
100000.08
100000.08
100000.08
100000.08
100000.08
100000.08
100000.08
100000.08
100000.08
100000.08
100000.08
100000.08
100000.08
)
;

boundaryField
{
    water_inlet
    {
        type            fixedFluxPressure;
        gradient        uniform 0;
        value           nonuniform List<scalar> 
15
(
100064.08
100064.08
100064.08
100064.09
100064.09
100064.1
100064.11
100064.12
100064.14
100064.15
100064.17
100064.19
100064.21
100064.24
100064.36
)
;
    }
    water_outlet
    {
        type            fixedValue;
        value           uniform 100000;
    }
    water_wedge1
    {
        type            wedge;
    }
    water_wedge2
    {
        type            wedge;
    }
    water_to_rock
    {
        type            fixedFluxPressure;
        gradient        uniform 0;
        value           nonuniform List<scalar> 
400
(
100064.36
100063.96
100063.71
100063.49
100063.26
100063.03
100062.79
100062.56
100062.32
100062.09
100061.86
100061.63
100061.41
100061.19
100060.97
100060.75
100060.55
100060.34
100060.14
100059.94
100059.74
100059.55
100059.36
100059.17
100058.99
100058.8
100058.62
100058.44
100058.26
100058.09
100057.91
100057.74
100057.56
100057.39
100057.22
100057.05
100056.88
100056.71
100056.55
100056.38
100056.21
100056.05
100055.88
100055.72
100055.55
100055.39
100055.23
100055.06
100054.9
100054.74
100054.58
100054.42
100054.26
100054.1
100053.94
100053.78
100053.63
100053.47
100053.31
100053.15
100053
100052.84
100052.68
100052.53
100052.37
100052.22
100052.06
100051.91
100051.75
100051.6
100051.44
100051.29
100051.14
100050.98
100050.83
100050.68
100050.52
100050.37
100050.22
100050.07
100049.92
100049.76
100049.61
100049.46
100049.31
100049.16
100049.01
100048.85
100048.7
100048.55
100048.4
100048.25
100048.1
100047.95
100047.8
100047.65
100047.5
100047.35
100047.2
100047.05
100046.9
100046.74
100046.59
100046.44
100046.29
100046.14
100045.99
100045.84
100045.69
100045.54
100045.39
100045.24
100045.09
100044.94
100044.79
100044.63
100044.48
100044.33
100044.18
100044.03
100043.88
100043.73
100043.57
100043.42
100043.27
100043.12
100042.97
100042.81
100042.66
100042.51
100042.35
100042.2
100042.05
100041.89
100041.74
100041.59
100041.43
100041.28
100041.12
100040.97
100040.82
100040.66
100040.51
100040.35
100040.2
100040.04
100039.89
100039.73
100039.57
100039.42
100039.26
100039.11
100038.95
100038.79
100038.64
100038.48
100038.32
100038.17
100038.01
100037.85
100037.7
100037.54
100037.38
100037.23
100037.07
100036.91
100036.75
100036.6
100036.44
100036.28
100036.12
100035.97
100035.81
100035.65
100035.49
100035.34
100035.18
100035.02
100034.86
100034.7
100034.55
100034.39
100034.23
100034.07
100033.91
100033.76
100033.6
100033.44
100033.28
100033.12
100032.97
100032.81
100032.65
100032.49
100032.33
100032.18
100032.02
100031.86
100031.7
100031.54
100031.39
100031.23
100031.07
100030.91
100030.75
100030.6
100030.44
100030.28
100030.12
100029.96
100029.81
100029.65
100029.49
100029.33
100029.18
100029.02
100028.86
100028.7
100028.54
100028.39
100028.23
100028.07
100027.91
100027.76
100027.6
100027.44
100027.28
100027.13
100026.97
100026.81
100026.65
100026.5
100026.34
100026.18
100026.02
100025.86
100025.71
100025.55
100025.39
100025.24
100025.08
100024.92
100024.76
100024.61
100024.45
100024.29
100024.13
100023.98
100023.82
100023.66
100023.5
100023.35
100023.19
100023.03
100022.87
100022.72
100022.56
100022.4
100022.25
100022.09
100021.93
100021.77
100021.62
100021.46
100021.3
100021.14
100020.99
100020.83
100020.67
100020.52
100020.36
100020.2
100020.04
100019.89
100019.73
100019.57
100019.42
100019.26
100019.1
100018.94
100018.79
100018.63
100018.47
100018.31
100018.16
100018
100017.84
100017.69
100017.53
100017.37
100017.21
100017.06
100016.9
100016.74
100016.59
100016.43
100016.27
100016.11
100015.96
100015.8
100015.64
100015.49
100015.33
100015.17
100015.01
100014.86
100014.7
100014.54
100014.39
100014.23
100014.07
100013.91
100013.76
100013.6
100013.44
100013.29
100013.13
100012.97
100012.81
100012.66
100012.5
100012.34
100012.18
100012.03
100011.87
100011.71
100011.56
100011.4
100011.24
100011.08
100010.93
100010.77
100010.61
100010.46
100010.3
100010.14
100009.98
100009.83
100009.67
100009.51
100009.36
100009.2
100009.04
100008.88
100008.73
100008.57
100008.41
100008.25
100008.1
100007.94
100007.78
100007.63
100007.47
100007.31
100007.15
100007
100006.84
100006.68
100006.53
100006.37
100006.21
100006.05
100005.9
100005.74
100005.58
100005.42
100005.27
100005.11
100004.95
100004.8
100004.64
100004.48
100004.32
100004.17
100004.01
100003.85
100003.7
100003.54
100003.38
100003.22
100003.07
100002.91
100002.75
100002.59
100002.44
100002.28
100002.12
100001.97
100001.81
100001.65
100001.49
100001.34
100001.18
100001.02
100000.86
100000.71
100000.55
100000.39
100000.24
100000.08
)
;
    }
}


// ************************************************************************* //
