/*--------------------------------*- C++ -*----------------------------------*\
| =========                 |                                                 |
| \\      /  F ield         | OpenFOAM: The Open Source CFD Toolbox           |
|  \\    /   O peration     | Version:  2506                                  |
|   \\  /    A nd           | Website:  www.openfoam.com                      |
|    \\/     M anipulation  |                                                 |
\*---------------------------------------------------------------------------*/
FoamFile
{
    version     2.0;
    format      ascii;
    arch        "LSB;label=32;scalar=64";
    class       surfaceScalarField;
    location    "14000/water";
    object      phi;
}
// * * * * * * * * * * * * * * * * * * * * * * * * * * * * * * * * * * * * * //

dimensions      [1 0 -1 0 0 0 0];

oriented        oriented;

internalField   nonuniform List<scalar> 
1890
(
-4.1736246e-05
0.0022168351
-0.00015753622
0.0059586937
-0.00032930669
0.0087985477
-0.00054203242
0.010900937
-0.00078239503
0.012402155
-0.0010351826
0.013412336
-0.0012746193
0.014013996
-0.0014359745
0.014245356
-0.001284859
0.0140006
0.012745539
-3.1455823e-05
0.0022482909
-0.00011269722
0.0060399351
-0.00023219387
0.0089180443
-0.00037999424
0.011048737
-0.00054594259
0.012568103
-0.00071649907
0.013582893
-0.00086674519
0.014164242
-0.00093361957
0.01431223
-0.00073394509
0.013800926
0.012011594
-2.9138825e-05
0.0022774298
-0.00010672995
0.0061175262
-0.00022105541
0.0090323698
-0.00036160328
0.011189285
-0.00051700144
0.012723501
-0.00067116238
0.013737054
-0.00079396186
0.014287042
-0.00081139783
0.014329666
-0.00056729935
0.013556827
0.011444295
-2.733993e-05
0.0023047697
-0.00010102594
0.0061912122
-0.00020924232
0.0091405861
-0.00034097889
0.011321022
-0.00048374655
0.012866269
-0.00061911472
0.013872422
-0.00071088176
0.014378809
-0.00067659962
0.014295384
-0.00042026181
0.013300489
0.011024033
-2.5625222e-05
0.0023303949
-9.4386099e-05
0.006259973
-0.0001950668
0.0092412668
-0.00031669841
0.011442653
-0.00044589463
0.012995465
-0.00056132335
0.013987851
-0.00061882694
0.014436312
-0.00053651279
0.01421307
-0.00029565554
0.013059632
0.010728377
-2.415948e-05
0.0023545544
-8.8799448e-05
0.006324613
-0.00018306037
0.0093355277
-0.0002957415
0.011555334
-0.00041210847
0.013111832
-0.00050662241
0.014082365
-0.00052703541
0.014456725
-0.00040878346
0.014094818
-0.0002004322
0.012851281
0.010527945
-2.296549e-05
0.0023775199
-8.4333488e-05
0.006385981
-0.00017335345
0.0094245477
-0.00027826867
0.01166025
-0.00038232686
0.01321589
-0.00045437826
0.014154416
-0.00043820414
0.014440551
-0.00030321503
0.013959829
-0.00013378753
0.012681853
0.010394157
-2.2023861e-05
0.0023995437
-8.0769865e-05
0.006444727
-0.00016540594
0.0095091837
-0.0002632723
0.011758116
-0.00035472725
0.013307345
-0.00040244391
0.014202133
-0.00035545932
0.014393567
-0.00022236997
0.013826739
-8.9855994e-05
0.012549339
0.010304301
-2.1260582e-05
0.0024208043
-7.7812676e-05
0.0065012791
-0.00015855253
0.0095899236
-0.00024948573
0.011849049
-0.00032712315
0.013384983
-0.00034954727
0.014224557
-0.0002821311
0.014326151
-0.00016300435
0.013707613
-6.1427435e-05
0.012447763
0.010242874
-2.0607151e-05
0.0024414115
-7.5216687e-05
0.0065558886
-0.00015223249
0.0096669394
-0.00023577807
0.011932595
-0.00029784709
0.013447052
-0.00029644906
0.014223159
-0.0002202404
0.014249942
-0.00011980624
0.013607179
-4.2689917e-05
0.012370646
0.010200184
-2.0018275e-05
0.0024614297
-7.2804686e-05
0.006608675
-0.00014600137
0.009740136
-0.00022120596
0.012007799
-0.00026613558
0.013491981
-0.00024532004
0.014202343
-0.0001697482
0.01417437
-8.7951337e-05
0.013525382
-2.9805742e-05
0.012312501
0.010170378
-1.9463523e-05
0.0024808933
-7.044138e-05
0.0066596529
-0.00013947751
0.0098091722
-0.00020502207
0.012073344
-0.00023228108
0.01351924
-0.00019838486
0.014168447
-0.00012919723
0.014105182
-6.391825e-05
0.013460103
-2.0485702e-05
0.012269068
0.010149893
-1.8918734e-05
0.002499812
-6.8008089e-05
0.0067087423
-0.00013229874
0.0098734628
-0.00018675581
0.012127801
-0.00019748179
0.013529966
-0.00015698028
0.014127945
-9.670063e-05
0.014044903
-4.5355236e-05
0.013408757
-1.342687e-05
0.01223714
0.010136466
-1.8360375e-05
0.0025181724
-6.5381772e-05
0.0067557637
-0.00012410694
0.009932188
-0.00016633458
0.012170029
-0.00016333299
0.013526965
-0.00012140702
0.01408602
-7.0530743e-05
0.013994027
-3.072032e-05
0.013368947
-7.8898271e-06
0.012214309
0.010128576
-1.7761404e-05
0.0025359338
-6.2419588e-05
0.0068004219
-0.00011457683
0.0099843453
-0.00014416242
0.012199614
-0.0001312398
0.013514042
-9.1273173e-05
0.014046053
-4.9296185e-05
0.01395205
-1.8986245e-05
0.013338637
-3.4325329e-06
0.012198756
0.010125143
-1.708788e-05
0.0025530217
-5.895237e-05
0.0068422864
-0.00010349005
0.010028883
-0.00012105211
0.012217176
-0.0001020826
0.013495073
-6.5898622e-05
0.014009869
-3.1931626e-05
0.013918083
-9.4504282e-06
0.013316156
2.8719386e-07
0.012189018
0.010125431
-1.6296403e-05
0.0025693181
-5.4792978e-05
0.006880783
-9.0831631e-05
0.010064922
-9.799775e-05
0.012224343
-7.6208814e-05
0.013473284
-4.4570994e-05
0.013978231
-1.7626288e-05
0.013891138
-1.5565161e-06
0.013300086
3.3722366e-06
0.012184089
0.010128803
-1.5331666e-05
0.0025846498
-4.976154e-05
0.0069152129
-7.6851708e-05
0.010092012
-7.5897293e-05
0.012223388
-5.358773e-05
0.013450974
-2.6633666e-05
0.013951277
-5.7248348e-06
0.013870229
4.9983024e-06
0.013289363
5.8497258e-06
0.012183238
0.010134653
-1.412659e-05
0.0025987764
-4.3732128e-05
0.0069448185
-6.2043178e-05
0.010110323
-5.5378355e-05
0.012216723
-3.3984946e-05
0.013429581
-1.1511215e-05
0.013928803
4.2379908e-06
0.01385448
1.0368461e-05
0.013283233
7.8671985e-06
0.012185739
0.01014252
-1.2608947e-05
0.0026113853
-3.6694048e-05
0.0069689036
-4.7030319e-05
0.010120659
-3.6774267e-05
0.012206467
-1.7079742e-05
0.013409886
1.3288546e-06
0.013910395
1.2527392e-05
0.013843281
1.4774186e-05
0.013280986
9.515893e-06
0.012190998
0.010152036
-1.0718364e-05
0.0026221037
-2.880009e-05
0.0069869853
-3.2419227e-05
0.010124278
-2.0180547e-05
0.012194229
-2.4804676e-06
0.013392186
1.2172013e-05
0.013895742
1.9376637e-05
0.013836077
1.8389517e-05
0.013281973
1.0861452e-05
0.012198526
0.010162897
-8.4359828e-06
0.0026305397
-2.0368537e-05
0.0069989179
-1.8683758e-05
0.010122594
-5.5170206e-06
0.012181062
1.0031685e-05
0.013376638
2.1197309e-05
0.013884577
2.5023658e-05
0.01383225
2.1344794e-05
0.013285652
1.1951048e-05
0.01220792
0.010174848
-5.8186504e-06
0.0026363583
-1.1824739e-05
0.007004924
-6.1098116e-06
0.010116879
7.2775319e-06
0.012167675
2.0571207e-05
0.013363344
2.8684791e-05
0.013876463
2.9654257e-05
0.013831281
2.3737873e-05
0.013291568
1.2819012e-05
0.012218838
0.010187667
-3.0140605e-06
0.0026393724
-3.5957397e-06
0.0070055056
5.1028781e-06
0.01010818
1.8190893e-05
0.012154587
2.9354251e-05
0.013352181
3.4839532e-05
0.013870978
3.3406262e-05
0.013832714
2.5640236e-05
0.013299334
1.3489662e-05
0.012230989
0.010201157
-2.3415531e-07
0.0026396066
3.9067647e-06
0.0070013647
1.4739651e-05
0.010097347
2.7284342e-05
0.012142042
3.6558761e-05
0.013342906
3.9811148e-05
0.013867726
3.6376314e-05
0.013836149
2.7099996e-05
0.013308611
1.3978482e-05
0.01224411
0.010215135
2.2768384e-06
0.0026373297
1.030814e-05
0.0069933334
2.2680826e-05
0.010084974
3.4654871e-05
0.012130068
4.2307777e-05
0.013335253
4.3696229e-05
0.013866337
3.8621398e-05
0.013841224
2.8141348e-05
0.013319091
1.4290656e-05
0.012257961
0.010229426
4.3215159e-06
0.0026330082
1.5394546e-05
0.0069822604
2.8919872e-05
0.010071449
4.03728e-05
0.012118615
4.6677297e-05
0.013328949
4.6546065e-05
0.013866468
4.0164133e-05
0.013847606
2.8767231e-05
0.013330487
1.4422145e-05
0.012272306
0.010243848
5.816981e-06
0.0026271912
1.9123117e-05
0.0069689542
3.3492469e-05
0.01005708
4.4499073e-05
0.012107608
4.9715383e-05
0.013323732
4.838301e-05
0.013867801
4.1004753e-05
0.013854984
2.8966865e-05
0.013342525
1.4363093e-05
0.01228691
0.010258211
6.7753227e-06
0.0026204159
2.156149e-05
0.0069541681
3.6485791e-05
0.010042155
4.710702e-05
0.012096987
5.1465825e-05
0.013319374
4.9221247e-05
0.013870045
4.1137128e-05
0.013863068
2.8726452e-05
0.013354936
1.41032e-05
0.012301533
0.010272314
7.2688023e-06
0.0026131471
2.285622e-05
0.0069385807
3.8039954e-05
0.010026972
4.829946e-05
0.012086728
5.1989399e-05
0.013315684
4.9086739e-05
0.013872948
4.0564848e-05
0.01387159
2.8040232e-05
0.013367461
1.3637116e-05
0.012315936
0.010285952
7.3941149e-06
0.002605753
2.3197565e-05
0.0069227772
3.8339162e-05
0.01001183
4.8216235e-05
0.012076851
5.1377967e-05
0.013312522
4.8032274e-05
0.013876294
3.9314247e-05
0.013880308
2.6919806e-05
0.013379855
1.2969317e-05
0.012329887
0.010298921
7.2473074e-06
0.0025985057
2.2787908e-05
0.0069072366
3.7594813e-05
0.0099970232
4.703068e-05
0.012067415
4.9758146e-05
0.013309794
4.614387e-05
0.013879908
3.7440713e-05
0.013889011
2.5398685e-05
0.013391897
1.2115971e-05
0.01234317
0.010311037
6.9113148e-06
0.0025915944
2.1819047e-05
0.0068923289
3.6026463e-05
0.0099828158
4.4938512e-05
0.012058503
4.7286278e-05
0.013307447
4.3539132e-05
0.013883655
3.5028506e-05
0.013897522
2.3532412e-05
0.013403393
1.1105208e-05
0.012355597
0.010322142
6.452253e-06
0.0025851421
2.0459137e-05
0.006878322
3.384507e-05
0.0099694299
4.2143319e-05
0.012050204
4.4137288e-05
0.013305453
4.035896e-05
0.013887433
3.2184538e-05
0.013905696
2.1393984e-05
0.013414184
9.974182e-06
0.012367017
0.010332116
5.9203855e-06
0.0025792217
1.8847718e-05
0.0068653946
3.124143e-05
0.0099570362
3.8843074e-05
0.012042603
4.0491993e-05
0.013303804
3.6756488e-05
0.013891169
2.902931e-05
0.013913423
1.9067213e-05
0.013424146
8.7656025e-06
0.012377318
0.010340882
5.3527584e-06
0.002573869
1.7095892e-05
0.0068536515
2.837983e-05
0.0099457522
3.5219674e-05
0.012035763
3.6525265e-05
0.013302498
3.2885599e-05
0.013894808
2.5686876e-05
0.013920622
1.6639103e-05
0.013433194
7.5235193e-06
0.012386434
0.010348405
4.7760616e-06
0.0025690929
1.5289234e-05
0.0068431383
2.539601e-05
0.0099356455
3.1432306e-05
0.012029727
3.2396907e-05
0.013301534
2.889112e-05
0.013898314
2.2275843e-05
0.013927237
1.4193e-05
0.013441276
6.2897026e-06
0.012394337
0.010354695
4.2091063e-06
0.0025648838
1.3491709e-05
0.0068338557
2.2398016e-05
0.0099267391
2.7614252e-05
0.01202451
2.8245599e-05
0.013300902
2.4901499e-05
0.013901658
1.8902266e-05
0.013933237
1.1803041e-05
0.013448376
5.100669e-06
0.012401039
0.010359796
3.664807e-06
0.002561219
1.174965e-05
0.0068257709
1.9468714e-05
0.0099190201
2.3872379e-05
0.012020107
2.4185839e-05
0.013300589
2.1024342e-05
0.01390482
1.5655031e-05
0.013938606
9.5305689e-06
0.0134545
3.9859581e-06
0.012406584
0.010363782
3.1516633e-06
0.0025580673
1.0095295e-05
0.0068188272
1.6669011e-05
0.0099124463
2.0288402e-05
0.012016487
2.0307157e-05
0.01330057
1.7344296e-05
0.013907783
1.2603364e-05
0.013943347
7.4220878e-06
0.013459681
2.9669217e-06
0.012411039
0.010366749
2.6749369e-06
0.0025553924
8.5499045e-06
0.0068129523
1.4041438e-05
0.0099069548
1.6921513e-05
0.012013607
1.6675467e-05
0.013300816
1.3923452e-05
0.013910535
9.796847e-06
0.013947474
5.5093766e-06
0.013463969
2.0571801e-06
0.012414491
0.010368806
2.2374917e-06
0.0025531549
7.1262696e-06
0.0068080635
1.1613513e-05
0.0099024675
1.3811491e-05
0.012011409
1.3335445e-05
0.013301292
1.0803102e-05
0.013913067
7.2667772e-06
0.01395101
3.8105793e-06
0.013467425
1.2631434e-06
0.012417039
0.010370069
1.8404766e-06
0.0025513144
5.8308735e-06
0.0068040731
9.4010185e-06
0.0098988974
1.0982325e-05
0.012009828
1.031406e-05
0.01330196
8.0070508e-06
0.013915374
5.0292659e-06
0.013953988
2.3328918e-06
0.013470121
5.8583961e-07
0.012418786
0.010370655
1.4838168e-06
0.0025498306
4.6655325e-06
0.0068008913
7.4107006e-06
0.0098961522
8.4453981e-06
0.012008793
7.62382e-06
0.013302782
5.5446888e-06
0.013917453
3.0880716e-06
0.013956444
1.0758142e-06
0.013472134
3.2830291e-08
0.012419829
0.010370688
1.16651e-06
0.0025486641
3.6284493e-06
0.0067984294
5.6420179e-06
0.0098941386
6.2015813e-06
0.012008234
5.2648814e-06
0.013303719
3.4132599e-06
0.013919305
1.4380893e-06
0.013958419
4.0595059e-08
0.013473531
-4.1088486e-07
0.01242028
0.010370277
8.8693907e-07
0.0025477771
2.7153333e-06
0.006796601
4.0892716e-06
0.0098927647
4.2442552e-06
0.012008079
3.2290369e-06
0.013304734
1.603346e-06
0.01392093
7.4306629e-08
0.013959948
-7.9600484e-07
0.013474401
-7.7021554e-07
0.012420254
0.010369506
6.4310144e-07
0.002547134
1.9203269e-06
0.0067953238
2.7434833e-06
0.0098919416
2.5622621e-06
0.01200826
1.5039498e-06
0.013305792
1.0522599e-07
0.013922329
-1.0310268e-06
0.013961085
-1.4663701e-06
0.013474837
-1.0494992e-06
0.012419837
0.010368457
4.3276024e-07
0.0025467013
1.2365577e-06
0.00679452
1.5935849e-06
0.0098915845
1.1420305e-06
0.012008711
7.6550338e-08
0.013306858
-1.1109294e-06
0.013923517
-1.9144309e-06
0.013961888
-1.9834108e-06
0.013474906
-1.2546939e-06
0.012419109
0.010367202
2.5357748e-07
0.0025464477
6.5675597e-07
0.0067941168
6.2819012e-07
0.0098916131
-3.0629284e-08
0.01200937
-1.082776e-06
0.01330791
-2.0827585e-06
0.013924517
-2.5960265e-06
0.013962401
-2.3621968e-06
0.013474672
-1.3938822e-06
0.01241814
0.010365808
1.0328356e-07
0.0025463444
1.7385118e-07
0.0067940462
-1.6627681e-07
0.0098919532
-9.8246591e-07
0.012010186
-2.0094467e-06
0.013308937
-2.834226e-06
0.013925341
-3.0972201e-06
0.013962664
-2.619407e-06
0.013474194
-1.4760673e-06
0.012416997
0.010364332
-2.0622743e-08
0.002546365
-2.2147486e-07
0.0067942471
-8.0991246e-07
0.0098925417
-1.7427148e-06
0.012011119
-2.7270714e-06
0.013309921
-3.3894811e-06
0.013926004
-3.4404021e-06
0.013962715
-2.772207e-06
0.013473526
-1.5103866e-06
0.012415735
0.010362822
-1.2117436e-07
0.0025464862
-5.4011278e-07
0.006794666
-1.3216058e-06
0.0098933231
-2.3307307e-06
0.012012128
-3.2588715e-06
0.013310849
-3.7729472e-06
0.013926518
-3.6477785e-06
0.01396259
-2.8372491e-06
0.013472715
-1.5054993e-06
0.012414403
0.010361316
-2.0116782e-07
0.0025466874
-7.9084509e-07
0.0067952557
-1.7151327e-06
0.0098942474
-2.7659201e-06
0.012013179
-3.627839e-06
0.013311711
-4.0083339e-06
0.013926898
-3.7404629e-06
0.013962322
-2.8300111e-06
0.013471805
-1.4692826e-06
0.012413043
0.010359847
-2.6285857e-07
0.0025469502
-9.8109567e-07
0.006795974
-2.0040164e-06
0.0098952704
-3.06713e-06
0.012014242
-3.8560202e-06
0.0133125
-4.1179711e-06
0.01392716
-3.737924e-06
0.013961942
-2.7644107e-06
0.013470831
-1.4086106e-06
0.012411687
0.010358439
-3.083708e-07
0.0025472586
-1.1180158e-06
0.0067967836
-2.2012814e-06
0.0098963536
-3.2523537e-06
0.012015293
-3.9641948e-06
0.013313212
-4.1225527e-06
0.013927319
-3.6578325e-06
0.013961478
-2.6527813e-06
0.013469826
-1.3294296e-06
0.012410364
0.010357109
-3.3971662e-07
0.0025475983
-1.2084254e-06
0.0067976523
-2.3193231e-06
0.0098974645
-3.3385814e-06
0.012016313
-3.9717529e-06
0.013313845
-4.0410842e-06
0.013927388
-3.5161243e-06
0.013960953
-2.5060342e-06
0.013468816
-1.2368926e-06
0.012409095
0.010355872
-3.5879387e-07
0.0025479571
-1.2587726e-06
0.0067985523
-2.3698222e-06
0.0098985756
-3.3416971e-06
0.012017284
-3.8965974e-06
0.0133144
-3.8908501e-06
0.013927382
-3.3270385e-06
0.013960389
-2.3337225e-06
0.013467823
-1.1353951e-06
0.012407896
0.010354737
-3.6739148e-07
0.0025483245
-1.2751233e-06
0.00679946
-2.3637123e-06
0.0098996642
-3.2764379e-06
0.012018197
-3.7551504e-06
0.013314879
-3.687479e-06
0.013927315
-3.1032472e-06
0.013959805
-2.144217e-06
0.013466864
-1.0287611e-06
0.012406781
0.010353708
-3.6717671e-07
0.0025486917
-1.2631218e-06
0.006800356
-2.3111097e-06
0.0099007121
-3.15631e-06
0.012019042
-3.5622592e-06
0.013315285
-3.4448823e-06
0.013927197
-2.8558437e-06
0.013959215
-1.944719e-06
0.013465953
-9.2020282e-07
0.012405756
0.010352788
-3.5969448e-07
0.0025490514
-1.2279787e-06
0.0068012242
-2.2212854e-06
0.0099017055
-2.9935535e-06
0.012019815
-3.3311965e-06
0.013315622
-3.1752958e-06
0.013927041
-2.5944047e-06
0.013958635
-1.7413298e-06
0.0134651
-8.1240416e-07
0.012404827
0.010351975
-3.4635734e-07
0.0025493977
-1.1744418e-06
0.0068020523
-2.1026135e-06
0.0099026336
-2.7990846e-06
0.012020511
-3.0736074e-06
0.013315897
-2.8892483e-06
0.013926857
-2.3269979e-06
0.013958072
-1.539066e-06
0.013464312
-7.075172e-07
0.012403996
0.010351268
-3.2844416e-07
0.0025497262
-1.1067846e-06
0.0068028307
-1.9625553e-06
0.0099034894
-2.5824891e-06
0.012021131
-2.7995328e-06
0.013316114
-2.5956267e-06
0.013926653
-2.0602629e-06
0.013957537
-1.3419297e-06
0.013463593
-6.0719291e-07
0.012403261
0.010350661
-3.0709825e-07
0.0025500333
-1.0288036e-06
0.0068035524
-1.8076604e-06
0.0099042682
-2.3520505e-06
0.012021675
-2.5174764e-06
0.013316279
-2.3017691e-06
0.013926437
-1.7995049e-06
0.013957035
-1.1529964e-06
0.013462947
-5.1263764e-07
0.012402621
0.010350148
-2.8333158e-07
0.0025503166
-9.4383238e-07
0.0068042129
-1.6436078e-06
0.009904968
-2.1148219e-06
0.012022147
-2.2345192e-06
0.013316399
-2.0136178e-06
0.013926216
-1.5488711e-06
0.01395657
-9.7455143e-07
0.013462373
-4.2468308e-07
0.012402071
0.010349723
-2.5802833e-07
0.0025505746
-8.5475791e-07
0.0068048096
-1.475248e-06
0.0099055885
-1.8767149e-06
0.012022548
-1.9564508e-06
0.013316479
-1.7358733e-06
0.013925996
-1.3114947e-06
0.013956146
-8.0820223e-07
0.013461869
-3.4383951e-07
0.012401606
0.01034938
-2.3195417e-07
0.0025508066
-7.6405702e-07
0.0068053417
-1.3066784e-06
0.0099061311
-1.642628e-06
0.012022884
-1.6879437e-06
0.013316524
-1.4722042e-06
0.01392578
-1.0897042e-06
0.013955763
-6.5504751e-07
0.013461435
-2.7040921e-07
0.012401222
0.010349109
-2.0576113e-07
0.0025510123
-6.7381876e-07
0.0068058098
-1.1413041e-06
0.0099065986
-1.4165396e-06
0.012023159
-1.4326841e-06
0.01331654
-1.225379e-06
0.013925573
-8.8513367e-07
0.013955423
-5.1576384e-07
0.013461065
-2.0449866e-07
0.01240091
0.010348905
-1.7999709e-07
0.0025511923
-5.8577962e-07
0.0068062155
-9.8190302e-07
0.0099069947
-1.201615e-06
0.012023379
-1.1934989e-06
0.013316532
-9.9741074e-07
0.013925377
-6.9886996e-07
0.013955124
-3.9069778e-07
0.013460757
-1.4610028e-07
0.012400666
0.010348759
-1.5511057e-07
0.0025513475
-5.0134519e-07
0.0068065618
-8.3067787e-07
0.0099073241
-1.0002823e-06
0.012023549
-9.7244966e-07
0.013316504
-7.8963886e-07
0.013925194
-5.3149443e-07
0.013954866
-2.7991304e-07
0.013460505
-9.5098002e-08
0.012400481
0.010348664
-1.3145436e-07
0.0025514789
-4.2160743e-07
0.0068068519
-6.8928598e-07
0.0099075917
-8.1427251e-07
0.012023674
-7.7086406e-07
0.013316461
-6.027547e-07
0.013925026
-3.8310849e-07
0.013954646
-1.8316687e-07
0.013460306
-5.1242321e-08
0.012400349
0.010348612
-1.0929639e-07
0.0025515882
-3.4737327e-07
0.00680709
-5.5889178e-07
0.0099078033
-6.4469031e-07
0.012023759
-5.8943256e-07
0.013316405
-4.3688998e-07
0.013924873
-2.5338202e-07
0.013954463
-9.9907004e-08
0.013460152
-1.3710274e-08
0.012400263
0.010348599
-8.8823806e-08
0.002551677
-2.7918943e-07
0.0068072804
-4.4021898e-07
0.0099079643
-4.9209476e-07
0.012023811
-4.2827711e-07
0.013316342
-2.9167402e-07
0.013924737
-1.4155674e-07
0.013954313
-2.8992592e-08
0.01346004
1.7903456e-08
0.012400216
0.010348616
-7.0158568e-08
0.0025517472
-2.1738502e-07
0.0068074276
-3.3362594e-07
0.0099080805
-3.565918e-07
0.012023834
-2.870748e-07
0.013316272
-1.663093e-07
0.013924616
-4.6343323e-08
0.013954193
3.0389309e-08
0.013459963
4.3225807e-08
0.012400203
0.01034866
-5.3360458e-08
0.0025518005
-1.6208617e-07
0.0068075363
-2.3912456e-07
0.0099081576
-2.3785562e-07
0.012023833
-1.6501171e-07
0.013316199
-5.9428074e-08
0.01392451
3.3478153e-08
0.0139541
7.8403745e-08
0.013459918
6.2694818e-08
0.012400219
0.010348722
-3.843885e-08
0.002551839
-1.1325285e-07
0.0068076111
-1.564506e-07
0.0099082008
-1.352034e-07
0.012023812
-6.0833797e-08
0.013316125
3.0352273e-08
0.013924419
9.8440879e-08
0.013954032
1.158633e-07
0.0134599
7.7211655e-08
0.012400258
0.0103488
-2.5364097e-08
0.0025518643
-7.0716786e-08
0.0068076565
-8.5113502e-08
0.0099082152
-4.7611191e-08
0.012023774
2.6738672e-08
0.013316051
1.037101e-07
0.013924342
1.494929e-07
0.013953986
1.440832e-07
0.013459906
8.7494867e-08
0.012400314
0.010348887
-1.4069043e-08
0.0025518784
-3.4184335e-08
0.0068076766
-2.4372635e-08
0.0099082053
2.5922574e-08
0.012023724
9.8386301e-08
0.013315978
1.616152e-07
0.013924279
1.8821936e-07
0.01395396
1.6426546e-07
0.01345993
9.4172819e-08
0.012400384
0.010348981
-4.4514312e-09
0.0025518829
-3.2547332e-09
0.0068076754
2.6377598e-08
0.0099081757
8.5949442e-08
0.012023664
1.5500697e-07
0.013315909
2.0570135e-07
0.013924228
2.1608514e-07
0.013953949
1.7747254e-07
0.013459968
9.7765752e-08
0.012400464
0.010349079
3.5803368e-09
0.0025518793
2.2333851e-08
0.0068076566
6.7537063e-08
0.0099081305
1.332885e-07
0.012023599
1.9813515e-07
0.013315844
2.3753415e-07
0.013924189
2.3444939e-07
0.013953952
1.846668e-07
0.013460018
9.8732921e-08
0.01240055
0.010349178
1.0102467e-08
0.0025518692
4.2830512e-08
0.0068076239
9.9792913e-08
0.0099080735
1.6922502e-07
0.012023529
2.2927762e-07
0.013315784
2.5862078e-07
0.013924159
2.4460126e-07
0.013953966
1.8672954e-07
0.013460076
9.749985e-08
0.012400639
0.010349275
1.5229783e-08
0.0025518539
5.8697827e-08
0.0068075804
1.2406973e-07
0.0099080082
1.950453e-07
0.012023458
2.4990766e-07
0.013315729
2.7041208e-07
0.013924139
2.4774721e-07
0.013953989
1.8448543e-07
0.013460139
9.4435021e-08
0.012400729
0.01034937
1.9105773e-08
0.0025518348
7.0439905e-08
0.0068075291
1.4130247e-07
0.0099079373
2.1203355e-07
0.012023387
2.6148866e-07
0.01331568
2.7432715e-07
0.013924126
2.4506898e-07
0.013954018
1.7873452e-07
0.013460206
8.9925307e-08
0.012400818
0.01034946
2.1876258e-08
0.002551813
7.856249e-08
0.0068074724
1.5241651e-07
0.0099078634
2.2145145e-07
0.012023318
2.6543264e-07
0.013315636
2.7172563e-07
0.01392412
2.376881e-07
0.013954052
1.7023204e-07
0.013460273
8.4305344e-08
0.012400904
0.010349544
2.3688188e-08
0.0025517893
8.3566197e-08
0.0068074125
1.5831831e-07
0.0099077887
2.2451758e-07
0.012023252
2.6310323e-07
0.013315597
2.6391265e-07
0.013924119
2.2667408e-07
0.013954089
1.5970677e-07
0.01346034
7.7940003e-08
0.012400986
0.010349622
2.4679947e-08
0.0025517646
8.59244e-08
0.0068073513
1.5985797e-07
0.0099077147
2.2236664e-07
0.01202319
2.5574527e-07
0.013315564
2.5206113e-07
0.013924123
2.1298323e-07
0.013954128
1.478029e-07
0.013460405
7.1120317e-08
0.012401062
0.010349693
2.4983405e-08
0.0025517396
8.6083171e-08
0.0068072902
1.5782524e-07
0.009907643
2.1603659e-07
0.012023131
2.4448742e-07
0.013315535
2.3722662e-07
0.01392413
1.9746518e-07
0.013954168
1.3508945e-07
0.013460468
6.4123949e-08
0.012401133
0.010349757
2.4714689e-08
0.0025517149
8.4436443e-08
0.0068072305
1.5291202e-07
0.0099075745
2.0642218e-07
0.012023078
2.3027434e-07
0.013315511
2.2025914e-07
0.01392414
1.8077423e-07
0.013954208
1.2197113e-07
0.013460526
5.7114187e-08
0.012401198
0.010349814
2.3984595e-08
0.0025516909
8.1346101e-08
0.0068071731
1.4574055e-07
0.0099075101
1.9430887e-07
0.012023029
2.1392452e-07
0.013315492
2.0188005e-07
0.013924152
1.6344941e-07
0.013954246
1.0879503e-07
0.013460581
5.0270646e-08
0.012401257
0.010349864
2.2884132e-08
0.002551668
7.7118051e-08
0.0068071189
1.3682995e-07
0.0099074504
1.8034135e-07
0.012022986
1.9607766e-07
0.013315476
1.8262152e-07
0.013924165
1.4585622e-07
0.013954283
9.5738071e-08
0.013460631
4.3610381e-08
0.012401309
0.010349908
2.1505035e-08
0.0025516465
7.2039798e-08
0.0068070683
1.266619e-07
0.0099073958
1.6510844e-07
0.012022947
1.7732643e-07
0.013315464
1.6298239e-07
0.01392418
1.2834186e-07
0.013954318
8.2993871e-08
0.013460676
3.7233444e-08
0.012401354
0.010349945
1.9920632e-08
0.0025516266
6.635582e-08
0.0068070219
1.156414e-07
0.0099073465
1.4910503e-07
0.012022914
1.5814595e-07
0.013315455
1.4334252e-07
0.013924195
1.1115348e-07
0.01395435
7.0676627e-08
0.013460717
3.1127356e-08
0.012401394
0.010349976
1.8208469e-08
0.0025516084
6.0305871e-08
0.0068069798
1.0417e-07
0.0099073027
1.3282204e-07
0.012022885
1.3904169e-07
0.013315449
1.2414296e-07
0.01392421
9.4620811e-08
0.013954379
5.8989501e-08
0.013460753
2.5408279e-08
0.012401428
0.010350002
1.6429343e-08
0.002551592
5.4093226e-08
0.0068069422
9.2589982e-08
0.0099072642
1.1668434e-07
0.012022861
1.2043851e-07
0.013315445
1.0575141e-07
0.013924224
7.9012567e-08
0.013954406
4.8092735e-08
0.013460784
2.01221e-08
0.012401456
0.010350022
1.4640134e-08
0.0025515773
4.7902419e-08
0.0068069089
8.1212239e-08
0.0099072309
1.0107814e-07
0.012022841
1.0273271e-07
0.013315443
8.851416e-08
0.013924238
6.459856e-08
0.01395443
3.8162879e-08
0.01346081
1.5357059e-08
0.012401478
0.010350037
1.2887144e-08
0.0025515644
4.1885107e-08
0.0068068799
7.0290268e-08
0.0099072025
8.6311624e-08
0.012022825
8.6237801e-08
0.013315443
7.2707796e-08
0.013924252
5.1591294e-08
0.013954451
2.9348544e-08
0.013460832
1.1201638e-08
0.012401497
0.010350049
1.1200581e-08
0.0025515532
3.6147543e-08
0.006806855
5.999745e-08
0.0099071786
7.2587214e-08
0.012022813
7.1129888e-08
0.013315445
5.8459759e-08
0.013924265
4.0061379e-08
0.013954469
2.1668884e-08
0.013460851
7.6292316e-09
0.012401511
0.010350056
9.6078025e-09
0.0025515436
3.0769988e-08
0.0068068338
5.0457462e-08
0.0099071589
6.0030213e-08
0.012022803
5.751317e-08
0.013315447
4.5824387e-08
0.013924276
3.0020132e-08
0.013954485
1.5120961e-08
0.013460866
4.6715136e-09
0.012401521
0.010350061
8.113262e-09
0.0025515355
2.5776391e-08
0.0068068161
4.1695973e-08
0.009907143
4.8644206e-08
0.012022796
4.5336284e-08
0.013315451
3.4699639e-08
0.013924287
2.1330824e-08
0.013954499
9.5610366e-09
0.013460877
2.2023252e-09
0.012401528
0.010350063
6.7358587e-09
0.0025515288
2.1196572e-08
0.0068068017
3.376706e-08
0.0099071304
3.8526568e-08
0.012022791
3.4755082e-08
0.013315454
2.5285265e-08
0.013924296
1.4208443e-08
0.01395451
5.1840732e-09
0.013460886
3.720037e-10
0.012401533
0.010350063
3.070578e-09
9.6356937e-09
1.5245834e-08
1.7196597e-08
1.5274559e-08
1.08155e-08
5.8204814e-09
1.9049589e-09
3.8273188e-11
)
;

boundaryField
{
    water_inlet
    {
        type            calculated;
        value           nonuniform List<scalar> 10(-0.0021750989 -0.0058428937 -0.0086267772 -0.010688211 -0.012161792 -0.013159549 -0.01377456 -0.014084001 -0.014151716 -0.014030398);
    }
    water_outlet
    {
        type            calculated;
        value           nonuniform List<scalar> 10(0.0025515257 0.0068067951 0.0099071249 0.01202279 0.013315456 0.013924301 0.013954515 0.01346089 0.012401535 0.010350063);
    }
    water_wedge1
    {
        type            wedge;
        value           nonuniform List<scalar> 
1000
(
-1.1296215e-13
-1.4267518e-13
-1.1215939e-13
-1.0631346e-13
-9.9356406e-14
-9.3389894e-14
-8.8693786e-14
-8.4955551e-14
-8.1973752e-14
-7.9487611e-14
-7.7280168e-14
-7.5240427e-14
-7.3266023e-14
-7.1277226e-14
-6.9185144e-14
-6.6856866e-14
-6.4132137e-14
-6.0815769e-14
-5.6669307e-14
-5.1410329e-14
-4.4790849e-14
-3.6657374e-14
-2.7080697e-14
-1.6557356e-14
-5.8626043e-15
4.0655546e-15
1.2369608e-14
1.8670476e-14
2.2903757e-14
2.5294545e-14
2.6221165e-14
2.6002549e-14
2.5021421e-14
2.3517013e-14
2.1688983e-14
1.9699899e-14
1.7625781e-14
1.5590124e-14
1.3610494e-14
1.1728341e-14
9.9988812e-15
8.3952614e-15
6.9315319e-15
5.61803e-15
4.4398122e-15
3.4035854e-15
2.4968321e-15
1.710879e-15
1.039925e-15
4.7686118e-16
1.4750228e-17
-3.6495934e-16
-6.7178658e-16
-9.1289209e-16
-1.0867817e-15
-1.2054739e-15
-1.2836254e-15
-1.3258716e-15
-1.332358e-15
-1.3148551e-15
-1.2672524e-15
-1.2000444e-15
-1.1332838e-15
-1.0507551e-15
-9.5543228e-16
-8.6253006e-16
-7.7020365e-16
-6.7212366e-16
-5.7727655e-16
-4.945063e-16
-4.2182117e-16
-3.4503139e-16
-2.7014802e-16
-2.0996106e-16
-1.5747388e-16
-1.0538595e-16
-5.9586472e-17
-2.5509813e-17
3.4249672e-18
2.77059e-17
5.0245268e-17
6.1385651e-17
7.1854271e-17
8.1451291e-17
8.4058376e-17
8.6838566e-17
8.232561e-17
8.3970107e-17
7.7520312e-17
7.4097869e-17
7.3175352e-17
6.0859145e-17
5.4047862e-17
4.788757e-17
4.4794679e-17
3.9750588e-17
3.2861277e-17
2.8930328e-17
2.1194514e-17
8.2425415e-18
-6.8081367e-13
-1.0335462e-12
-8.3929032e-13
-7.9752818e-13
-7.4939964e-13
-7.0313768e-13
-6.6536444e-13
-6.3523031e-13
-6.1093742e-13
-5.9052803e-13
-5.7244788e-13
-5.5560443e-13
-5.3912442e-13
-5.2219851e-13
-5.039728e-13
-4.8342964e-13
-4.5934048e-13
-4.3018469e-13
-3.9436333e-13
-3.5054967e-13
-2.9813501e-13
-2.3765014e-13
-1.7102936e-13
-1.015523e-13
-3.3369885e-14
2.8946636e-14
8.1482575e-14
1.221441e-13
1.5063194e-13
1.6796435e-13
1.7588653e-13
1.763442e-13
1.7126186e-13
1.6227481e-13
1.5073309e-13
1.3769516e-13
1.2393049e-13
1.1004263e-13
9.6440449e-14
8.3436552e-14
7.1228971e-14
5.9908714e-14
4.9554912e-14
4.0198267e-14
3.1829214e-14
2.4418702e-14
1.7928095e-14
1.2307748e-14
7.5058776e-15
3.4683442e-15
1.1776037e-16
-2.6196361e-15
-4.8056686e-15
-6.5009067e-15
-7.7680881e-15
-8.6561169e-15
-9.2123888e-15
-9.4927347e-15
-9.5333038e-15
-9.3785116e-15
-9.062695e-15
-8.6143668e-15
-8.0810385e-15
-7.4801775e-15
-6.83145e-15
-6.1578694e-15
-5.4783357e-15
-4.808892e-15
-4.1569729e-15
-3.5392109e-15
-2.9591441e-15
-2.4138548e-15
-1.9214952e-15
-1.4806491e-15
-1.0849239e-15
-7.3512426e-16
-4.2738692e-16
-1.7113101e-16
4.6038007e-17
2.2332583e-16
3.5974311e-16
4.6748542e-16
5.4190994e-16
5.9437979e-16
6.2639908e-16
6.382418e-16
6.3679872e-16
6.1957793e-16
5.9066765e-16
5.5717769e-16
5.1612576e-16
4.7621219e-16
4.3086616e-16
3.7957178e-16
3.3983037e-16
2.9823386e-16
2.538433e-16
2.120443e-16
1.7362212e-16
9.8898227e-17
3.1339122e-12
4.8023024e-12
3.9072345e-12
3.7113872e-12
3.4900541e-12
3.2689348e-12
3.0860226e-12
2.9387832e-12
2.8176162e-12
2.7124753e-12
2.6152687e-12
2.5197161e-12
2.4205052e-12
2.3123525e-12
2.1894883e-12
2.0461058e-12
1.8774832e-12
1.6810872e-12
1.4574086e-12
1.2105312e-12
9.4807332e-13
6.8015395e-13
4.1759123e-13
1.7019759e-13
-5.3292837e-14
-2.4552248e-13
-4.0214325e-13
-5.220178e-13
-6.0634047e-13
-6.5804009e-13
-6.8126989e-13
-6.8085535e-13
-6.6175317e-13
-6.2867124e-13
-5.8578827e-13
-5.3664151e-13
-4.8412419e-13
-4.304978e-13
-3.7749248e-13
-3.2637031e-13
-2.7802067e-13
-2.3302804e-13
-1.9175303e-13
-1.5436329e-13
-1.2089266e-13
-9.1293938e-14
-6.5409427e-14
-4.3065936e-14
-2.4062607e-14
-8.1675e-15
4.9005145e-15
1.5477614e-14
2.3843005e-14
3.0240319e-14
3.4887956e-14
3.8018433e-14
3.9845661e-14
4.0538475e-14
4.0300114e-14
3.9292298e-14
3.76753e-14
3.5602713e-14
3.3169118e-14
3.0491987e-14
2.7669095e-14
2.4785571e-14
2.1920144e-14
1.9103789e-14
1.639801e-14
1.383237e-14
1.1438816e-14
9.2517648e-15
7.2499535e-15
5.4534348e-15
3.8586191e-15
2.4683143e-15
1.2862706e-15
2.6926997e-16
-5.7499543e-16
-1.2577948e-15
-1.7924583e-15
-2.17762e-15
-2.455311e-15
-2.6360209e-15
-2.7250223e-15
-2.7406402e-15
-2.6909084e-15
-2.6027455e-15
-2.480375e-15
-2.323205e-15
-2.146777e-15
-1.9496114e-15
-1.7546278e-15
-1.56501e-15
-1.3719745e-15
-1.1879211e-15
-1.0113099e-15
-8.5401504e-16
-7.121988e-16
-4.2186703e-16
-3.7211487e-12
-5.4869302e-12
-4.4854194e-12
-4.25126e-12
-3.9873719e-12
-3.7244163e-12
-3.5031691e-12
-3.3195274e-12
-3.1610802e-12
-3.0149841e-12
-2.8702754e-12
-2.7174969e-12
-2.5486731e-12
-2.3580359e-12
-2.1427064e-12
-1.9031463e-12
-1.6434469e-12
-1.3711121e-12
-1.0958559e-12
-8.2767066e-13
-5.7483741e-13
-3.4277906e-13
-1.3422411e-13
4.928806e-14
2.0665972e-13
3.3753689e-13
4.4235058e-13
5.2194003e-13
5.7742438e-13
6.1042536e-13
6.2316123e-13
6.1835391e-13
5.9906774e-13
5.6842811e-13
5.294488e-13
4.8487691e-13
4.3707606e-13
3.880366e-13
3.393287e-13
2.9215219e-13
2.4740595e-13
2.0569574e-13
1.6740379e-13
1.327566e-13
1.018162e-13
7.453245e-14
5.0802948e-14
3.0467838e-14
1.3351237e-14
-8.0245071e-16
-1.2325914e-14
-2.1517842e-14
-2.8629516e-14
-3.3890448e-14
-3.7531351e-14
-3.9766501e-14
-4.0799749e-14
-4.0830615e-14
-4.003166e-14
-3.8567859e-14
-3.6586881e-14
-3.4216195e-14
-3.1573128e-14
-2.8759517e-14
-2.5865981e-14
-2.2957673e-14
-2.0092796e-14
-1.7329165e-14
-1.4701045e-14
-1.2240674e-14
-9.9679046e-15
-7.8911099e-15
-6.0228098e-15
-4.3637292e-15
-2.9124992e-15
-1.6531257e-15
-5.7456395e-16
3.2507555e-16
1.05765e-15
1.6329722e-15
2.0681722e-15
2.3830078e-15
2.5898029e-15
2.7032703e-15
2.7403573e-15
2.7170126e-15
2.6412003e-15
2.5213299e-15
2.3720203e-15
2.1976885e-15
2.0092958e-15
1.8172365e-15
1.6190981e-15
1.4231081e-15
1.2345065e-15
1.0585059e-15
8.9469217e-16
7.399057e-16
6.0176534e-16
3.4571323e-16
-1.0858282e-12
-1.5239461e-12
-1.253099e-12
-1.1819249e-12
-1.1008304e-12
-1.0209653e-12
-9.5197208e-13
-8.9178317e-13
-8.3605131e-13
-7.8041569e-13
-7.216248e-13
-6.5787349e-13
-5.8878497e-13
-5.1529556e-13
-4.3944158e-13
-3.6393308e-13
-2.915091e-13
-2.2431679e-13
-1.6358761e-13
-1.0967928e-13
-6.2329475e-14
-2.1020022e-14
1.4667439e-14
4.5072758e-14
7.0534435e-14
9.1392431e-14
1.0790829e-13
1.2026869e-13
1.286255e-13
1.3317418e-13
1.3420203e-13
1.3208503e-13
1.2729421e-13
1.2033699e-13
1.1173803e-13
1.020127e-13
9.1616943e-14
8.0963726e-14
7.0385022e-14
6.0131664e-14
5.0415206e-14
4.1374473e-14
3.3094745e-14
2.5633664e-14
1.9007709e-14
1.3206751e-14
8.2038699e-15
3.9695082e-15
4.5641979e-16
-2.4125374e-15
-4.7081103e-15
-6.4966376e-15
-7.8321337e-15
-8.7650441e-15
-9.3572083e-15
-9.650684e-15
-9.6946447e-15
-9.5339796e-15
-9.2069247e-15
-8.7555445e-15
-8.2037171e-15
-7.5847969e-15
-6.9222691e-15
-6.2341303e-15
-5.5466714e-15
-4.8659637e-15
-4.206764e-15
-3.579873e-15
-2.9880799e-15
-2.4457044e-15
-1.947591e-15
-1.4969599e-15
-1.0977368e-15
-7.4351046e-16
-4.4218992e-16
-1.8250143e-16
3.8059688e-17
2.1898843e-16
3.6359264e-16
4.6934709e-16
5.5040287e-16
6.044625e-16
6.314145e-16
6.4409029e-16
6.3806167e-16
6.2345654e-16
5.9924765e-16
5.6208295e-16
5.241182e-16
4.7727543e-16
4.3240647e-16
3.8835564e-16
3.3813579e-16
2.9602922e-16
2.5204989e-16
2.1182461e-16
1.768355e-16
1.4146947e-16
1.1494104e-16
6.4258295e-17
-1.5235293e-12
-2.0202539e-12
-1.6642506e-12
-1.5632215e-12
-1.4418413e-12
-1.3187426e-12
-1.2058589e-12
-1.0997928e-12
-9.9514996e-13
-8.8831258e-13
-7.785026e-13
-6.6751143e-13
-5.5886118e-13
-4.5649709e-13
-3.6346556e-13
-2.8124953e-13
-2.0991482e-13
-1.4863641e-13
-9.6210796e-14
-5.1339872e-14
-1.2888051e-14
1.9897907e-14
4.7613608e-14
7.0813342e-14
8.9992212e-14
1.0552274e-13
1.1762636e-13
1.264277e-13
1.320062e-13
1.3446057e-13
1.3396065e-13
1.3076102e-13
1.252117e-13
1.1772301e-13
1.0874356e-13
9.8731819e-14
8.8116333e-14
7.7290149e-14
6.6577567e-14
5.6237984e-14
4.6478141e-14
3.7440108e-14
2.9213782e-14
2.1849792e-14
1.5364686e-14
9.7496627e-15
4.979675e-15
1.006592e-15
-2.2450913e-15
-4.8550864e-15
-6.8926799e-15
-8.419067e-15
-9.4950453e-15
-1.0181053e-14
-1.0534476e-14
-1.0609505e-14
-1.0452073e-14
-1.0107709e-14
-9.6181144e-15
-9.0192838e-15
-8.346449e-15
-7.6248574e-15
-6.8758117e-15
-6.1183949e-15
-5.3707512e-15
-4.6509947e-15
-3.9638849e-15
-3.3168418e-15
-2.7165683e-15
-2.1673309e-15
-1.675118e-15
-1.2346449e-15
-8.4643328e-16
-5.0882442e-16
-2.1957272e-16
2.0667984e-17
2.1980014e-16
3.7956992e-16
5.0280674e-16
5.9177661e-16
6.5186484e-16
6.8816953e-16
7.0051763e-16
6.9848955e-16
6.8208394e-16
6.5424094e-16
6.1841266e-16
5.7426744e-16
5.2809504e-16
4.7749359e-16
4.2621488e-16
3.7629069e-16
3.2516426e-16
2.7977523e-16
2.3677782e-16
1.9499748e-16
1.5768307e-16
1.2377499e-16
9.6349801e-17
5.1157997e-17
9.8320254e-12
1.2244872e-11
9.7925845e-12
9.0793478e-12
8.2357728e-12
7.3209235e-12
6.4224109e-12
5.5554093e-12
4.7220601e-12
3.9327754e-12
3.2079146e-12
2.5666066e-12
2.0172307e-12
1.5563674e-12
1.1733992e-12
8.555884e-13
5.9099909e-13
3.6946572e-13
1.8287108e-13
2.5083029e-14
-1.0821475e-13
-2.200839e-13
-3.1335668e-13
-3.9063028e-13
-4.5386158e-13
-5.0432689e-13
-5.4270617e-13
-5.6926648e-13
-5.8409633e-13
-5.8734595e-13
-5.7941777e-13
-5.610957e-13
-5.3357013e-13
-4.9837657e-13
-4.5728151e-13
-4.1213457e-13
-3.6473796e-13
-3.1673737e-13
-2.6954532e-13
-2.2430743e-13
-1.8188883e-13
-1.4289501e-13
-1.077099e-13
-7.6525936e-14
-4.9390364e-14
-2.6262824e-14
-6.95497e-15
8.8761393e-15
2.1609713e-14
3.1580026e-14
3.9077109e-14
4.4390291e-14
4.7807656e-14
4.9606544e-14
5.0047039e-14
4.9367901e-14
4.7789461e-14
4.551071e-14
4.2707206e-14
3.9533487e-14
3.6121519e-14
3.2584118e-14
2.901662e-14
2.5496686e-14
2.2086254e-14
1.8832135e-14
1.577287e-14
1.2937912e-14
1.0344948e-14
8.0035196e-15
5.9156914e-15
4.0778304e-15
2.4795208e-15
1.1082473e-15
-4.7096006e-17
-9.9829723e-16
-1.7574406e-15
-2.3412865e-15
-2.7694241e-15
-3.0613897e-15
-3.2357754e-15
-3.3102987e-15
-3.3026443e-15
-3.2278745e-15
-3.1004342e-15
-2.9328311e-15
-2.7355865e-15
-2.5179649e-15
-2.2860348e-15
-2.0471181e-15
-1.8076997e-15
-1.5733982e-15
-1.3501264e-15
-1.1397955e-15
-9.4569153e-16
-7.7087577e-16
-6.1396675e-16
-4.7404236e-16
-3.5318666e-16
-1.8003375e-16
-2.1664269e-13
-2.7929037e-13
-2.049202e-13
-1.7660002e-13
-1.5135283e-13
-1.2642777e-13
-1.0306232e-13
-8.2197756e-14
-6.4407061e-14
-4.9843252e-14
-3.8254989e-14
-2.9142972e-14
-2.1963502e-14
-1.6250993e-14
-1.1648195e-14
-7.8917926e-15
-4.7864121e-15
-2.1941881e-15
-2.4065588e-17
1.7929252e-15
3.3089313e-15
4.567226e-15
5.6087681e-15
6.4650697e-15
7.1574579e-15
7.6993867e-15
8.0961821e-15
8.3493292e-15
8.4571595e-15
8.4177129e-15
8.2340783e-15
7.9143039e-15
7.4735076e-15
6.9315761e-15
6.3113776e-15
5.6390764e-15
4.9399657e-15
4.2382727e-15
3.5541712e-15
2.9032803e-15
2.297839e-15
1.7467716e-15
1.2547735e-15
8.2396872e-16
4.5577795e-16
1.4761094e-16
-1.0536795e-16
-3.0956817e-16
-4.7071622e-16
-5.9219839e-16
-6.7898361e-16
-7.3565416e-16
-7.6600178e-16
-7.7438106e-16
-7.6522172e-16
-7.4204915e-16
-7.0781211e-16
-6.6507815e-16
-6.1640601e-16
-5.6357858e-16
-5.0916024e-16
-4.5462421e-16
-4.0035847e-16
-3.4736476e-16
-2.9648547e-16
-2.492535e-16
-2.0576528e-16
-1.6571495e-16
-1.2934926e-16
-9.66095e-17
-6.7784041e-17
-4.2923488e-17
-2.186462e-17
-3.8303881e-18
1.1425197e-17
2.3233574e-17
3.214877e-17
3.8791785e-17
4.363699e-17
4.6792652e-17
4.8239786e-17
4.8270337e-17
4.697706e-17
4.4970226e-17
4.2853776e-17
3.9744183e-17
3.615977e-17
3.2343838e-17
2.8672388e-17
2.5109793e-17
2.1407808e-17
1.7946032e-17
1.4300444e-17
1.1396971e-17
9.0821377e-18
6.3606812e-18
3.8857357e-18
2.0521892e-18
6.5019251e-19
-1.1336252e-18
-1.9757698e-12
-5.5527715e-12
-4.1251365e-12
-3.2301765e-12
-2.5096846e-12
-1.8981941e-12
-1.3933976e-12
-1.0034926e-12
-7.2027376e-13
-5.2074022e-13
-3.7985285e-13
-2.7783273e-13
-2.0134748e-13
-1.4206496e-13
-9.4844825e-14
-5.6233576e-14
-2.4157857e-14
2.4660559e-15
2.4521382e-14
4.274983e-14
5.7798935e-14
7.0221508e-14
8.044704e-14
8.8776169e-14
9.5412233e-14
1.0047025e-13
1.0398465e-13
1.0592986e-13
1.062519e-13
1.0490772e-13
1.0190098e-13
9.7307487e-14
9.1284728e-14
8.4065882e-14
7.5941003e-14
6.7230913e-14
5.8258035e-14
4.9320637e-14
4.0675344e-14
3.252601e-14
2.5020283e-14
1.8255813e-14
1.2285596e-14
7.1619588e-15
2.8754057e-15
-6.6411951e-16
-3.5439591e-15
-5.8342526e-15
-7.584733e-15
-8.8493627e-15
-9.6897533e-15
-1.0165693e-14
-1.0336451e-14
-1.0255581e-14
-9.9720933e-15
-9.5312876e-15
-8.9708933e-15
-8.326178e-15
-7.6265769e-15
-6.896749e-15
-6.1585158e-15
-5.4274922e-15
-4.717663e-15
-4.0387008e-15
-3.3983554e-15
-2.8039571e-15
-2.2580748e-15
-1.7638987e-15
-1.3220554e-15
-9.3186413e-16
-5.91562e-16
-2.9654421e-16
-4.6733213e-17
1.5930503e-16
3.2436556e-16
4.5117633e-16
5.4573978e-16
6.1176399e-16
6.5304953e-16
6.7321943e-16
6.750008e-16
6.623256e-16
6.3820796e-16
6.0530162e-16
5.66248e-16
5.2276876e-16
4.7626186e-16
4.2818216e-16
3.7980167e-16
3.3164465e-16
2.8440163e-16
2.3981116e-16
1.9836928e-16
1.6068593e-16
1.2714934e-16
9.7437798e-17
7.1521657e-17
4.8823471e-17
3.0170108e-17
1.0402327e-17
5.1320956e-13
1.0604973e-13
1.3674636e-14
-1.4044987e-14
-1.9623238e-14
-1.8328383e-14
-1.5181897e-14
-1.1901076e-14
-9.0775861e-15
-6.8241909e-15
-5.0703857e-15
-3.7045051e-15
-2.6287696e-15
-1.769387e-15
-1.0736516e-15
-4.98741e-16
-1.2913014e-17
3.9266716e-16
7.2406549e-16
9.9346075e-16
1.2134688e-15
1.3944675e-15
1.542216e-15
1.6616194e-15
1.7554388e-15
1.8248677e-15
1.8704379e-15
1.8908546e-15
1.8848699e-15
1.8512267e-15
1.7895617e-15
1.7015619e-15
1.5891552e-15
1.4562944e-15
1.3080367e-15
1.1499642e-15
9.8840569e-16
8.2824089e-16
6.7417881e-16
5.2995996e-16
3.9763032e-16
2.793011e-16
1.7571154e-16
8.7879562e-17
1.603923e-17
-4.2460351e-17
-8.9699303e-17
-1.271192e-16
-1.5492031e-16
-1.7399079e-16
-1.8613529e-16
-1.9199262e-16
-1.9273363e-16
-1.8901517e-16
-1.8189729e-16
-1.7260058e-16
-1.6118465e-16
-1.4852874e-16
-1.3529241e-16
-1.2151515e-16
-1.0789616e-16
-9.4719759e-17
-8.2071056e-17
-6.9866879e-17
-5.827875e-17
-4.7882425e-17
-3.8298279e-17
-2.9736148e-17
-2.2217419e-17
-1.5360889e-17
-9.5313895e-18
-4.5648054e-18
-4.6286106e-19
2.9384981e-18
5.6390904e-18
7.5103883e-18
9.0172594e-18
9.9649444e-18
1.048576e-17
1.0915107e-17
1.067412e-17
1.0289205e-17
9.9410084e-18
9.1906651e-18
8.4202245e-18
7.5444246e-18
6.5969639e-18
5.6900262e-18
4.6914849e-18
3.7959527e-18
2.7394497e-18
1.9136751e-18
1.2826758e-18
4.4749538e-19
-8.3091202e-20
-5.6007137e-19
-9.6255412e-19
-1.239519e-18
-1.6117222e-18
-1.9555768e-18
)
;
    }
    water_wedge2
    {
        type            wedge;
        value           nonuniform List<scalar> 
1000
(
-1.129463e-13
-1.4266815e-13
-1.1216958e-13
-1.0631606e-13
-9.9361845e-14
-9.3387743e-14
-8.8675628e-14
-8.4954664e-14
-8.197375e-14
-7.9473982e-14
-7.7274139e-14
-7.5229224e-14
-7.3258581e-14
-7.1274766e-14
-6.9176068e-14
-6.6848346e-14
-6.4128826e-14
-6.081185e-14
-5.6659933e-14
-5.1415558e-14
-4.4796537e-14
-3.6641097e-14
-2.708344e-14
-1.6556989e-14
-5.8652018e-15
4.0434864e-15
1.2386741e-14
1.8673164e-14
2.2899324e-14
2.5300626e-14
2.6203132e-14
2.6024117e-14
2.5033684e-14
2.3521363e-14
2.1693075e-14
1.9686752e-14
1.7643506e-14
1.5593316e-14
1.3624355e-14
1.1765501e-14
1.0005806e-14
8.3973562e-15
6.9376713e-15
5.6182052e-15
4.448406e-15
3.4110203e-15
2.5048165e-15
1.7227218e-15
1.0538753e-15
4.8945806e-16
1.822234e-17
-3.6297309e-16
-6.6467908e-16
-8.9665688e-16
-1.0758353e-15
-1.204853e-15
-1.2829384e-15
-1.3185385e-15
-1.3237376e-15
-1.2980994e-15
-1.2581213e-15
-1.202729e-15
-1.1203241e-15
-1.0346251e-15
-9.4925498e-16
-8.5472534e-16
-7.5778697e-16
-6.688989e-16
-5.8246364e-16
-4.9232797e-16
-4.0252614e-16
-3.2871229e-16
-2.6585001e-16
-2.0167567e-16
-1.4334774e-16
-9.8023521e-17
-5.9392442e-17
-2.1308812e-17
1.0282486e-17
3.5428859e-17
5.2048721e-17
7.0810248e-17
8.205397e-17
8.7031753e-17
9.2873202e-17
9.335597e-17
9.6812235e-17
9.0575463e-17
8.9614398e-17
8.3466409e-17
7.325048e-17
7.3416656e-17
6.753728e-17
6.0876225e-17
5.1330435e-17
4.4159228e-17
3.9424607e-17
3.2399593e-17
2.9923699e-17
1.9189469e-17
-6.808074e-13
-1.0335372e-12
-8.3928881e-13
-7.9752588e-13
-7.4939222e-13
-7.0313271e-13
-6.6535301e-13
-6.3521929e-13
-6.1093383e-13
-5.9051969e-13
-5.7244751e-13
-5.5560278e-13
-5.391211e-13
-5.2219439e-13
-5.0395968e-13
-4.8343041e-13
-4.5933975e-13
-4.3018306e-13
-3.9435798e-13
-3.505412e-13
-2.9812538e-13
-2.3764218e-13
-1.7103383e-13
-1.0154405e-13
-3.3363967e-14
2.8935026e-14
8.1477265e-14
1.2213932e-13
1.5064038e-13
1.6797473e-13
1.7587228e-13
1.7634693e-13
1.7126648e-13
1.6228812e-13
1.5074789e-13
1.3768783e-13
1.2392982e-13
1.1004404e-13
9.6463922e-14
8.3461872e-14
7.1228262e-14
5.9912286e-14
4.9565498e-14
4.0207568e-14
3.1837784e-14
2.4431374e-14
1.7944475e-14
1.2326047e-14
7.5195792e-15
3.4694378e-15
1.2140957e-16
-2.6043465e-15
-4.7878399e-15
-6.4892869e-15
-7.7562795e-15
-8.6449993e-15
-9.2078802e-15
-9.48329e-15
-9.5232043e-15
-9.3648954e-15
-9.0488932e-15
-8.6145505e-15
-8.0752115e-15
-7.4673629e-15
-6.8186814e-15
-6.147189e-15
-5.4690843e-15
-4.7978263e-15
-4.1501851e-15
-3.528737e-15
-2.9445228e-15
-2.410907e-15
-1.9166593e-15
-1.4669334e-15
-1.0692009e-15
-7.2148607e-16
-4.2438797e-16
-1.6364835e-16
5.2721832e-17
2.2947318e-16
3.7342897e-16
4.7968987e-16
5.6056225e-16
6.1224182e-16
6.4049201e-16
6.518096e-16
6.4552291e-16
6.2975621e-16
6.0554286e-16
5.704595e-16
5.317096e-16
4.8452029e-16
4.3884976e-16
3.9814562e-16
3.4720462e-16
3.0119323e-16
2.6228244e-16
2.2571462e-16
1.9119037e-16
1.1535468e-16
3.13392e-12
4.8023119e-12
3.9072385e-12
3.7113902e-12
3.490058e-12
3.2689395e-12
3.0860242e-12
2.9387871e-12
2.8176221e-12
2.7124758e-12
2.6152666e-12
2.5197166e-12
2.4205079e-12
2.3123541e-12
2.1894889e-12
2.0461065e-12
1.8774841e-12
1.6810886e-12
1.4574112e-12
1.210533e-12
9.4807395e-13
6.8015405e-13
4.1758898e-13
1.7019689e-13
-5.3292025e-14
-2.4552914e-13
-4.0215005e-13
-5.2202059e-13
-6.0634428e-13
-6.5804383e-13
-6.8127317e-13
-6.8085186e-13
-6.6175266e-13
-6.286687e-13
-5.8578265e-13
-5.3664177e-13
-4.8412117e-13
-4.3049606e-13
-3.774863e-13
-3.263605e-13
-2.7800639e-13
-2.3301469e-13
-1.9173324e-13
-1.5434603e-13
-1.2089126e-13
-9.1280492e-14
-6.539619e-14
-4.3050279e-14
-2.4049023e-14
-8.1674297e-15
4.9085929e-15
1.548952e-14
2.3857051e-14
3.0250253e-14
3.4908034e-14
3.8036703e-14
3.9839747e-14
4.0541586e-14
4.0305723e-14
3.9308904e-14
3.7699407e-14
3.560158e-14
3.3168249e-14
3.0499534e-14
2.7686888e-14
2.4807625e-14
2.1920522e-14
1.9108851e-14
1.6403575e-14
1.3847193e-14
1.1461033e-14
9.2474032e-15
7.2502551e-15
5.4596028e-15
3.8783869e-15
2.493756e-15
1.2838342e-15
2.7154742e-16
-5.6762662e-16
-1.2412729e-15
-1.7635799e-15
-2.1680252e-15
-2.4451963e-15
-2.6163879e-15
-2.7065774e-15
-2.7254185e-15
-2.6903214e-15
-2.5972196e-15
-2.4624647e-15
-2.3053382e-15
-2.1270957e-15
-1.944786e-15
-1.7489459e-15
-1.548025e-15
-1.3598859e-15
-1.1789756e-15
-1.0114608e-15
-8.477325e-16
-6.9354368e-16
-4.0665755e-16
-3.7211468e-12
-5.4869271e-12
-4.4854183e-12
-4.2512596e-12
-3.9873693e-12
-3.7244133e-12
-3.5031663e-12
-3.3195245e-12
-3.1610775e-12
-3.0149819e-12
-2.8702709e-12
-2.717493e-12
-2.54867e-12
-2.3580345e-12
-2.1427086e-12
-1.9031446e-12
-1.6434452e-12
-1.3711094e-12
-1.0958519e-12
-8.2767412e-13
-5.7483914e-13
-3.4277617e-13
-1.3422736e-13
4.928699e-14
2.0665806e-13
3.375279e-13
4.4234981e-13
5.2193841e-13
5.7741982e-13
6.1042087e-13
6.2315572e-13
6.1836101e-13
5.9906912e-13
5.6842676e-13
5.2944981e-13
4.8487278e-13
4.3708355e-13
3.88041e-13
3.3932857e-13
2.9216387e-13
2.474177e-13
2.0570636e-13
1.674253e-13
1.3277246e-13
1.0182227e-13
7.4542798e-14
5.081145e-14
3.0482069e-14
1.3364991e-14
-7.9781037e-16
-1.2322313e-14
-2.1512283e-14
-2.8619874e-14
-3.3882068e-14
-3.7521013e-14
-3.9756522e-14
-4.0795727e-14
-4.0823974e-14
-4.0025019e-14
-3.8559976e-14
-3.657563e-14
-3.4206978e-14
-3.1567626e-14
-2.8756316e-14
-2.5854543e-14
-2.2942762e-14
-2.0084066e-14
-1.7319538e-14
-1.4693088e-14
-1.2231417e-14
-9.9560444e-15
-7.8848138e-15
-6.0188015e-15
-4.3593223e-15
-2.8996316e-15
-1.638879e-15
-5.6710947e-16
3.3184746e-16
1.0632627e-15
1.6414121e-15
2.0802779e-15
2.3928282e-15
2.5990948e-15
2.7154849e-15
2.7543206e-15
2.7264012e-15
2.6477656e-15
2.5313054e-15
2.381387e-15
2.2107189e-15
2.0236586e-15
1.8240161e-15
1.6264008e-15
1.4330742e-15
1.2468011e-15
1.068211e-15
9.0140543e-16
7.5107597e-16
6.1169889e-16
3.5342893e-16
-1.0858261e-12
-1.5239445e-12
-1.2531003e-12
-1.1819253e-12
-1.1008289e-12
-1.0209636e-12
-9.5197104e-13
-8.9178193e-13
-8.3604905e-13
-7.8041329e-13
-7.2162267e-13
-6.5787211e-13
-5.8878368e-13
-5.1529413e-13
-4.3944238e-13
-3.6393299e-13
-2.9150746e-13
-2.2431473e-13
-1.6358574e-13
-1.0967875e-13
-6.2328727e-14
-2.1014985e-14
1.4668956e-14
4.5069186e-14
7.0531602e-14
9.1388098e-14
1.0790938e-13
1.202673e-13
1.2862099e-13
1.3317234e-13
1.3420081e-13
1.3209058e-13
1.2729506e-13
1.203338e-13
1.1173813e-13
1.0201057e-13
9.1623194e-14
8.0968402e-14
7.038137e-14
6.0138801e-14
5.0425692e-14
4.138347e-14
3.3109308e-14
2.5647758e-14
1.9016961e-14
1.3211217e-14
8.2116646e-15
3.9818004e-15
4.6575469e-16
-2.403782e-15
-4.7037912e-15
-6.4918621e-15
-7.8253642e-15
-8.7632642e-15
-9.3495649e-15
-9.6427278e-15
-9.6878619e-15
-9.5274942e-15
-9.2034399e-15
-8.7460306e-15
-8.1959146e-15
-7.5764503e-15
-6.9133047e-15
-6.2304881e-15
-5.5371417e-15
-4.856612e-15
-4.1981309e-15
-3.5699564e-15
-2.9838469e-15
-2.4358735e-15
-1.9378281e-15
-1.4899721e-15
-1.0892609e-15
-7.4046615e-16
-4.3182235e-16
-1.6954184e-16
4.8390925e-17
2.2639424e-16
3.6643689e-16
4.7804429e-16
5.5473476e-16
6.0640512e-16
6.4057005e-16
6.5143224e-16
6.4995182e-16
6.3187767e-16
6.0342695e-16
5.7249243e-16
5.3091795e-16
4.9037276e-16
4.432007e-16
3.9354117e-16
3.5091027e-16
3.0318287e-16
2.619271e-16
2.2260501e-16
1.8434258e-16
1.5290174e-16
1.1967185e-16
6.6455008e-17
-1.5235294e-12
-2.0202537e-12
-1.6642516e-12
-1.5632226e-12
-1.4418398e-12
-1.3187415e-12
-1.2058586e-12
-1.0997911e-12
-9.9514887e-13
-8.8831211e-13
-7.7850133e-13
-6.6751041e-13
-5.5886104e-13
-4.5649771e-13
-3.6346606e-13
-2.8124969e-13
-2.0991475e-13
-1.4863486e-13
-9.6208327e-14
-5.1340295e-14
-1.2889217e-14
1.990045e-14
4.7613792e-14
7.0811088e-14
8.9990431e-14
1.0551975e-13
1.1762706e-13
1.264277e-13
1.3200366e-13
1.3445923e-13
1.3395964e-13
1.3076403e-13
1.252124e-13
1.1772094e-13
1.0874273e-13
9.8730938e-14
8.8120735e-14
7.7292121e-14
6.6576665e-14
5.6242773e-14
4.6484973e-14
3.7446026e-14
2.9220757e-14
2.1859179e-14
1.5374586e-14
9.7577695e-15
4.9864484e-15
1.0123006e-15
-2.2385011e-15
-4.8473508e-15
-6.884621e-15
-8.4118955e-15
-9.4900041e-15
-1.0177627e-14
-1.0530877e-14
-1.0601994e-14
-1.0443658e-14
-1.0100614e-14
-9.6127037e-15
-9.0166083e-15
-8.3408603e-15
-7.6153141e-15
-6.8655735e-15
-6.1118759e-15
-5.3685684e-15
-4.6439003e-15
-3.9540391e-15
-3.3076227e-15
-2.7095803e-15
-2.1632213e-15
-1.6665155e-15
-1.2257174e-15
-8.3870947e-16
-5.029779e-16
-2.1515357e-16
3.0454928e-17
2.3026212e-16
3.8800186e-16
5.0832591e-16
5.9723221e-16
6.5754057e-16
6.9214153e-16
7.0891444e-16
7.0550952e-16
6.8854628e-16
6.6092635e-16
6.2425852e-16
5.8322419e-16
5.3532041e-16
4.8634447e-16
4.3555962e-16
3.8379783e-16
3.3599952e-16
2.8723319e-16
2.4222312e-16
2.0300245e-16
1.6668675e-16
1.3425269e-16
1.0344809e-16
5.5632512e-17
9.832025e-12
1.2244872e-11
9.7925837e-12
9.079347e-12
8.2357727e-12
7.3209235e-12
6.4224104e-12
5.5554096e-12
4.7220603e-12
3.9327751e-12
3.2079143e-12
2.5666065e-12
2.0172311e-12
1.5563666e-12
1.1733982e-12
8.5558836e-13
5.9099943e-13
3.6946672e-13
1.8287134e-13
2.5082936e-14
-1.0821576e-13
-2.2008406e-13
-3.1335571e-13
-3.9063067e-13
-4.5386204e-13
-5.0432792e-13
-5.4270606e-13
-5.6926593e-13
-5.8409852e-13
-5.8734714e-13
-5.7941741e-13
-5.610949e-13
-5.3356964e-13
-4.9837833e-13
-4.5728205e-13
-4.121338e-13
-3.6473687e-13
-3.1673633e-13
-2.6954586e-13
-2.2430586e-13
-1.8188448e-13
-1.428905e-13
-1.0770507e-13
-7.6520406e-14
-4.9383707e-14
-2.6256052e-14
-6.9493966e-15
8.8809872e-15
2.1615508e-14
3.1586943e-14
3.9084017e-14
4.4396057e-14
4.7813012e-14
4.9611505e-14
5.0050879e-14
4.9372722e-14
4.7795663e-14
4.5516783e-14
4.2712771e-14
3.9537912e-14
3.6126389e-14
3.2590989e-14
2.9024536e-14
2.5503612e-14
2.209075e-14
1.8837391e-14
1.5780399e-14
1.2945479e-14
1.0351709e-14
8.0094558e-15
5.9216242e-15
4.0837917e-15
2.4864215e-15
1.1153224e-15
-4.1425566e-17
-9.9218214e-16
-1.7504298e-15
-2.3340033e-15
-2.7627839e-15
-3.0552921e-15
-3.2299553e-15
-3.3048651e-15
-3.2966133e-15
-3.2218434e-15
-3.0946716e-15
-2.9272202e-15
-2.7297647e-15
-2.5105266e-15
-2.2785002e-15
-2.0399584e-15
-1.800558e-15
-1.566611e-15
-1.3418955e-15
-1.1325228e-15
-9.4012131e-16
-7.6415206e-16
-6.0629778e-16
-4.6590749e-16
-3.4571438e-16
-1.7377136e-16
-2.1664406e-13
-2.792922e-13
-2.0492133e-13
-1.7660108e-13
-1.5135405e-13
-1.2642863e-13
-1.0306277e-13
-8.2198195e-14
-6.440736e-14
-4.9843536e-14
-3.8255414e-14
-2.9143013e-14
-2.1963583e-14
-1.6251483e-14
-1.1648627e-14
-7.8918839e-15
-4.7863341e-15
-2.194048e-15
-2.4244689e-17
1.7926785e-15
3.3086281e-15
4.5674821e-15
5.609373e-15
6.4653011e-15
7.1574527e-15
7.6989269e-15
8.0962784e-15
8.3493374e-15
8.4562435e-15
8.4169691e-15
8.2337083e-15
7.9148331e-15
7.4739671e-15
6.9310307e-15
6.3108487e-15
5.6387509e-15
4.940504e-15
4.2389636e-15
3.5544915e-15
2.9040748e-15
2.299823e-15
1.749366e-15
1.2578816e-15
8.2805605e-16
4.6025383e-16
1.5264025e-16
-1.0069424e-16
-3.0523136e-16
-4.6563531e-16
-5.8718619e-16
-6.7376324e-16
-7.2989605e-16
-7.6065931e-16
-7.7002392e-16
-7.6125047e-16
-7.3782463e-16
-7.0311451e-16
-6.6016662e-16
-6.113338e-16
-5.5906324e-16
-5.0436501e-16
-4.4873199e-16
-3.9419293e-16
-3.4167759e-16
-2.9186096e-16
-2.4436908e-16
-1.9995799e-16
-1.5951587e-16
-1.2313066e-16
-9.096711e-17
-6.2614587e-17
-3.7670681e-17
-1.5897862e-17
2.2333688e-18
1.6768712e-17
2.8771525e-17
3.8231873e-17
4.5148447e-17
4.9644585e-17
5.2166032e-17
5.3273265e-17
5.319528e-17
5.2335809e-17
5.0537243e-17
4.7595916e-17
4.4729284e-17
4.1691919e-17
3.8462676e-17
3.4855886e-17
3.1082667e-17
2.7551909e-17
2.4051201e-17
2.1136007e-17
1.7986777e-17
1.4810293e-17
1.2617618e-17
1.0738195e-17
8.7338797e-18
6.9051598e-18
4.6503496e-18
-1.9757706e-12
-5.5527726e-12
-4.1251378e-12
-3.2301777e-12
-2.5096859e-12
-1.8981949e-12
-1.3933981e-12
-1.0034933e-12
-7.202739e-13
-5.2074078e-13
-3.7985348e-13
-2.7783315e-13
-2.0134801e-13
-1.4206543e-13
-9.4845109e-14
-5.6233736e-14
-2.4158117e-14
2.4661701e-15
2.4521343e-14
4.2749864e-14
5.7799144e-14
7.0221681e-14
8.0447452e-14
8.8776544e-14
9.541211e-14
1.0046994e-13
1.0398467e-13
1.0592967e-13
1.0625147e-13
1.0490741e-13
1.0190098e-13
9.7307663e-14
9.1284723e-14
8.4065648e-14
7.5940877e-14
6.7230946e-14
5.8257908e-14
4.9320832e-14
4.0675735e-14
3.2526137e-14
2.502144e-14
1.8257405e-14
1.2287875e-14
7.1647606e-15
2.877671e-15
-6.6030792e-16
-3.5399755e-15
-5.8304147e-15
-7.5807558e-15
-8.8457298e-15
-9.684985e-15
-1.0161346e-14
-1.0332147e-14
-1.02516e-14
-9.9689043e-15
-9.5271123e-15
-8.9670474e-15
-8.3222666e-15
-7.622546e-15
-6.8932994e-15
-6.1541254e-15
-5.422966e-15
-4.7124774e-15
-4.0336596e-15
-3.3945138e-15
-2.7992845e-15
-2.2534678e-15
-1.7588525e-15
-1.3168883e-15
-9.2765563e-16
-5.8677521e-16
-2.919218e-16
-4.1620501e-17
1.6446916e-16
3.2869027e-16
4.56424e-16
5.5091677e-16
6.1681409e-16
6.5786886e-16
6.7739237e-16
6.7948491e-16
6.667828e-16
6.4252161e-16
6.096773e-16
5.7047124e-16
5.2705765e-16
4.8105344e-16
4.333396e-16
3.8464803e-16
3.3640674e-16
2.8981045e-16
2.4524306e-16
2.0384115e-16
1.6625975e-16
1.3255912e-16
1.0296019e-16
7.6950712e-17
5.4257027e-17
3.5502018e-17
1.5479087e-17
5.1320852e-13
1.0604849e-13
1.3673311e-14
-1.4046126e-14
-1.9624357e-14
-1.8329338e-14
-1.5182806e-14
-1.1901835e-14
-9.0778258e-15
-6.8246789e-15
-5.0708294e-15
-3.7049943e-15
-2.6291479e-15
-1.7700126e-15
-1.0738297e-15
-4.9843075e-16
-1.3361358e-17
3.9252012e-16
7.2373818e-16
9.9359312e-16
1.2141231e-15
1.3945759e-15
1.5425601e-15
1.6619103e-15
1.7555703e-15
1.8252104e-15
1.8704554e-15
1.8907477e-15
1.8846224e-15
1.8510923e-15
1.7899501e-15
1.7015295e-15
1.5889048e-15
1.4559803e-15
1.3077923e-15
1.1501465e-15
9.8829347e-16
8.2812668e-16
6.7413419e-16
5.2977736e-16
3.9813249e-16
2.8029172e-16
1.7717105e-16
8.9458366e-17
1.7623389e-17
-4.0167302e-17
-8.7226641e-17
-1.2401935e-16
-1.5168882e-16
-1.7125356e-16
-1.8311932e-16
-1.8885558e-16
-1.8936885e-16
-1.8591247e-16
-1.7916758e-16
-1.6948157e-16
-1.5818711e-16
-1.4561699e-16
-1.3213902e-16
-1.1856589e-16
-1.048861e-16
-9.1357546e-17
-7.8315591e-17
-6.6162393e-17
-5.4966662e-17
-4.4327739e-17
-3.4745204e-17
-2.6078013e-17
-1.8321399e-17
-1.1822725e-17
-6.0782796e-18
-1.0473692e-18
3.3115159e-18
6.7663269e-18
9.3945762e-18
1.1525842e-17
1.288718e-17
1.3826336e-17
1.4346517e-17
1.4235462e-17
1.4196197e-17
1.382376e-17
1.3053747e-17
1.242769e-17
1.1648603e-17
1.0863355e-17
1.0080038e-17
9.2155584e-18
8.4283961e-18
7.5566741e-18
6.9001226e-18
6.11318e-18
5.2671104e-18
4.7857655e-18
4.163365e-18
3.6395305e-18
3.1736723e-18
2.6870882e-18
2.4350132e-18
2.1733272e-18
)
;
    }
    water_to_rock
    {
        type            calculated;
        value           uniform 0;
    }
}


// ************************************************************************* //
