/*--------------------------------*- C++ -*----------------------------------*\
| =========                 |                                                 |
| \\      /  F ield         | OpenFOAM: The Open Source CFD Toolbox           |
|  \\    /   O peration     | Version:  2506                                  |
|   \\  /    A nd           | Website:  www.openfoam.com                      |
|    \\/     M anipulation  |                                                 |
\*---------------------------------------------------------------------------*/
FoamFile
{
    version     2.0;
    format      ascii;
    arch        "LSB;label=32;scalar=64";
    class       volScalarField;
    location    "1000/water";
    object      nut;
}
// * * * * * * * * * * * * * * * * * * * * * * * * * * * * * * * * * * * * * //

dimensions      [0 2 -1 0 0 0 0];

internalField   nonuniform List<scalar> 
6000
(
4.1367308e-05
4.1367285e-05
4.1367292e-05
4.1367317e-05
4.136735e-05
4.1367394e-05
4.1367445e-05
4.1367477e-05
4.1367269e-05
4.1365028e-05
4.1345959e-05
4.1185428e-05
3.984402e-05
3.0619188e-05
1.3489073e-05
4.0862094e-05
4.0862089e-05
4.0862128e-05
4.0862206e-05
4.086231e-05
4.0862441e-05
4.0862573e-05
4.0862525e-05
4.0861044e-05
4.0849566e-05
4.0769767e-05
4.0233638e-05
3.6930279e-05
2.3809326e-05
1.5168915e-05
4.0408426e-05
4.0408431e-05
4.0408496e-05
4.0408619e-05
4.040878e-05
4.0408965e-05
4.0409066e-05
4.0408421e-05
4.0403049e-05
4.0369314e-05
4.0169922e-05
3.9053519e-05
3.3674827e-05
1.9530254e-05
1.6389796e-05
3.9998212e-05
3.9998216e-05
3.9998298e-05
3.9998456e-05
3.9998657e-05
3.9998846e-05
3.9998699e-05
3.999645e-05
3.9982628e-05
3.9907469e-05
3.9519874e-05
3.7665236e-05
3.0439418e-05
1.6813321e-05
1.7227565e-05
3.9625122e-05
3.9625133e-05
3.9625231e-05
3.9625419e-05
3.9625638e-05
3.9625739e-05
3.9624947e-05
3.9619415e-05
3.959045e-05
3.9450123e-05
3.8807695e-05
3.6131535e-05
2.7477322e-05
1.5090355e-05
1.7763765e-05
3.9283984e-05
3.9284007e-05
3.9284119e-05
3.9284324e-05
3.9284521e-05
3.9284369e-05
3.9282279e-05
3.9270986e-05
3.9218236e-05
3.8986823e-05
3.8033859e-05
3.4524992e-05
2.4897642e-05
1.400968e-05
1.8072537e-05
3.8970512e-05
3.8970546e-05
3.8970668e-05
3.8970871e-05
3.8970973e-05
3.8970306e-05
3.8965958e-05
3.8945612e-05
3.8858945e-05
3.8510812e-05
3.7207229e-05
3.2908964e-05
2.2716803e-05
1.3360893e-05
1.8215906e-05
3.8681158e-05
3.8681199e-05
3.8681323e-05
3.8681493e-05
3.8681392e-05
3.8679823e-05
3.8671916e-05
3.8638477e-05
3.8506919e-05
3.801881e-05
3.6341286e-05
3.1331232e-05
2.0908463e-05
1.30184e-05
1.8243034e-05
3.841296e-05
3.8413006e-05
3.8413119e-05
3.8413209e-05
3.8412743e-05
3.8409742e-05
3.8396631e-05
3.8345462e-05
3.8157885e-05
3.7510375e-05
3.5450851e-05
2.9823717e-05
1.9431977e-05
1.2906145e-05
1.8191421e-05
3.816343e-05
3.8163474e-05
3.8163556e-05
3.8163497e-05
3.8162446e-05
3.8157327e-05
3.8137042e-05
3.8063106e-05
3.7808869e-05
3.6987081e-05
3.454982e-05
2.8405299e-05
1.8246291e-05
1.2977275e-05
1.8088864e-05
3.7930457e-05
3.7930491e-05
3.7930513e-05
3.793021e-05
3.7928279e-05
3.7920197e-05
3.7890497e-05
3.7788579e-05
3.7458031e-05
3.6451747e-05
3.3649968e-05
2.7085594e-05
1.7315649e-05
1.3202296e-05
1.7955551e-05
3.7712242e-05
3.7712253e-05
3.7712173e-05
3.7711499e-05
3.7708322e-05
3.7696279e-05
3.7654711e-05
3.7519641e-05
3.7104472e-05
3.5907781e-05
3.2760531e-05
2.58684e-05
1.6611172e-05
1.3561911e-05
1.7805936e-05
3.7507239e-05
3.7507212e-05
3.7506973e-05
3.7505765e-05
3.7500895e-05
3.7483757e-05
3.7427744e-05
3.725459e-05
3.6748014e-05
3.5358688e-05
3.188827e-05
2.4754408e-05
1.6110613e-05
1.4042468e-05
1.7650267e-05
3.7314115e-05
3.7314026e-05
3.7313557e-05
3.7311613e-05
3.7304527e-05
3.7281048e-05
3.7207963e-05
3.6992195e-05
3.6389e-05
3.4807726e-05
3.1037799e-05
2.3743174e-05
1.5797412e-05
1.4632945e-05
1.7495753e-05
3.7131708e-05
3.713153e-05
3.7130739e-05
3.7127817e-05
3.7117921e-05
3.7086772e-05
3.6994026e-05
3.6731629e-05
3.6028109e-05
3.4257704e-05
3.0212055e-05
2.2834479e-05
1.5659519e-05
1.5322866e-05
1.7347423e-05
3.6959006e-05
3.6958703e-05
3.6957478e-05
3.6953298e-05
3.6939934e-05
3.6899735e-05
3.6784847e-05
3.64724e-05
3.5666203e-05
3.3710866e-05
2.9412801e-05
2.2029191e-05
1.5688155e-05
1.6100896e-05
1.7208725e-05
3.6795116e-05
3.6794645e-05
3.6792855e-05
3.6787094e-05
3.6769555e-05
3.6718912e-05
3.6579574e-05
3.6214282e-05
3.5304204e-05
3.3168861e-05
2.8641157e-05
2.1329739e-05
1.5876569e-05
1.6954009e-05
1.7081944e-05
3.6639251e-05
3.6638559e-05
3.6636051e-05
3.6628355e-05
3.6605895e-05
3.6543431e-05
3.637756e-05
3.5957252e-05
3.4942996e-05
3.2632763e-05
2.789813e-05
2.0740252e-05
1.6218811e-05
1.786721e-05
1.6968459e-05
3.6490711e-05
3.6489738e-05
3.6486338e-05
3.6476321e-05
3.6448171e-05
3.6372563e-05
3.6178336e-05
3.5701433e-05
3.458336e-05
3.2103134e-05
2.7185145e-05
2.0266398e-05
1.6708561e-05
1.8823777e-05
1.6868922e-05
3.6348869e-05
3.6347546e-05
3.6343063e-05
3.6330312e-05
3.62957e-05
3.6205706e-05
3.5981587e-05
3.5447046e-05
3.4225914e-05
3.1580129e-05
2.6504571e-05
1.9914969e-05
1.7338099e-05
1.9805967e-05
1.6783376e-05
3.6213165e-05
3.6211415e-05
3.6205638e-05
3.6189726e-05
3.6147887e-05
3.6042373e-05
3.5787125e-05
3.5194368e-05
3.3871092e-05
3.1063631e-05
2.5860194e-05
1.9693245e-05
1.8097487e-05
2.0796033e-05
1.6711346e-05
3.6083093e-05
3.6080831e-05
3.6073537e-05
3.6054024e-05
3.6004223e-05
3.5882185e-05
3.5594869e-05
3.4943693e-05
3.3519118e-05
3.0553441e-05
2.5257605e-05
1.96082e-05
1.8974102e-05
2.1777346e-05
1.6651939e-05
3.5958194e-05
3.5955329e-05
3.5946284e-05
3.592273e-05
3.5864274e-05
3.5724854e-05
3.5404824e-05
3.4695304e-05
3.3170007e-05
3.0049498e-05
2.4704419e-05
1.9665646e-05
1.9952579e-05
2.2735414e-05
1.660395e-05
3.5838054e-05
3.5834489e-05
3.582345e-05
3.5795422e-05
3.5727676e-05
3.5570179e-05
3.521706e-05
3.444945e-05
3.2823581e-05
2.9552162e-05
2.4210265e-05
1.9869402e-05
2.1015193e-05
2.3658589e-05
1.6565971e-05
3.5722292e-05
3.5717927e-05
3.5704651e-05
3.5671733e-05
3.5594133e-05
3.5418031e-05
3.50317e-05
3.4206321e-05
3.2479493e-05
2.9062524e-05
2.3786503e-05
2.022057e-05
2.2142641e-05
2.4538397e-05
1.6536511e-05
3.5610563e-05
3.5605296e-05
3.558954e-05
3.5551342e-05
3.5463408e-05
3.5268352e-05
3.48489e-05
3.3966035e-05
3.2137286e-05
2.858275e-05
2.3445668e-05
2.0717024e-05
2.3315071e-05
2.5369467e-05
1.6514097e-05
3.5502551e-05
3.549628e-05
3.5477808e-05
3.5433974e-05
3.5335321e-05
3.5121137e-05
3.466884e-05
3.3728621e-05
3.1796463e-05
2.8116417e-05
2.3200675e-05
2.1353141e-05
2.4513224e-05
2.6149157e-05
1.6497357e-05
3.5397967e-05
3.539059e-05
3.536918e-05
3.5319398e-05
3.5209747e-05
3.4976437e-05
3.4491706e-05
3.3494016e-05
3.14566e-05
2.7668794e-05
2.3063903e-05
2.2119832e-05
2.5719464e-05
2.6877011e-05
1.6485071e-05
3.5296546e-05
3.5287966e-05
3.5263414e-05
3.5207424e-05
3.5086609e-05
3.4834344e-05
3.4317681e-05
3.3262058e-05
3.1117487e-05
2.7247026e-05
2.3046253e-05
2.3004861e-05
2.6918581e-05
2.7554165e-05
1.6476201e-05
3.5198047e-05
3.5188175e-05
3.5160297e-05
3.5097901e-05
3.4965875e-05
3.4694991e-05
3.4146934e-05
3.3032492e-05
3.0779305e-05
2.6860148e-05
2.3156314e-05
2.3993437e-05
2.8098247e-05
2.8182808e-05
1.6469894e-05
3.5102251e-05
3.5091004e-05
3.5059649e-05
3.4990715e-05
3.4847558e-05
3.4558539e-05
3.3979609e-05
3.2804987e-05
3.0442844e-05
2.6518901e-05
2.3399716e-05
2.5069007e-05
2.9249138e-05
2.8765761e-05
1.6465472e-05
3.5008959e-05
3.4996268e-05
3.4961317e-05
3.488579e-05
3.4731711e-05
3.4425177e-05
3.3815813e-05
3.2579164e-05
3.0109732e-05
2.6235323e-05
2.3778716e-05
2.6214168e-05
3.0364755e-05
2.9306158e-05
1.646241e-05
3.4917993e-05
3.4903801e-05
3.4865175e-05
3.4783085e-05
3.4618425e-05
3.4295113e-05
3.3655609e-05
3.235464e-05
2.9782687e-05
2.6022142e-05
2.4292059e-05
2.7411591e-05
3.1441033e-05
2.9807247e-05
1.6460314e-05
3.4829195e-05
3.4813462e-05
3.4771128e-05
3.4682592e-05
3.4507829e-05
3.416857e-05
3.3499011e-05
3.2131095e-05
2.9465731e-05
2.589204e-05
2.4935073e-05
2.8644858e-05
3.2475855e-05
3.0272255e-05
1.6458891e-05
3.4742423e-05
3.4725129e-05
3.4679107e-05
3.4584339e-05
3.4400083e-05
3.4045774e-05
3.3345975e-05
3.1908364e-05
2.9164362e-05
2.5856856e-05
2.5699991e-05
2.9899124e-05
3.3468557e-05
3.0704313e-05
1.6457936e-05
3.465756e-05
3.4638706e-05
3.4589068e-05
3.4488387e-05
3.4295378e-05
3.3926957e-05
3.3196403e-05
3.1686556e-05
2.8885627e-05
2.5926837e-05
2.6576456e-05
3.1161548e-05
3.4419484e-05
3.1106401e-05
1.6457305e-05
3.4574503e-05
3.4554114e-05
3.4500999e-05
3.4394828e-05
3.4193938e-05
3.381234e-05
3.3050148e-05
3.1466195e-05
2.8638063e-05
2.6110008e-05
2.7552147e-05
3.2421502e-05
3.5329635e-05
3.1481314e-05
1.6456902e-05
3.4493171e-05
3.4471301e-05
3.4414911e-05
3.4303789e-05
3.409601e-05
3.3702133e-05
3.2907027e-05
3.1248389e-05
2.8431492e-05
2.6411716e-05
2.8613482e-05
3.3670554e-05
3.6200409e-05
3.1831643e-05
1.6456669e-05
3.4413502e-05
3.4390234e-05
3.4330848e-05
3.4215429e-05
3.4001867e-05
3.3596524e-05
3.2766849e-05
3.1035013e-05
2.8276656e-05
2.6834391e-05
2.9746331e-05
3.4902297e-05
3.703343e-05
3.2159762e-05
1.6456572e-05
3.4335456e-05
3.4310905e-05
3.4248878e-05
3.4129939e-05
3.3911801e-05
3.3495676e-05
3.2629453e-05
3.0828885e-05
2.818473e-05
2.73775e-05
3.0936679e-05
3.6112068e-05
3.7830438e-05
3.2467823e-05
1.6456596e-05
3.4259011e-05
3.423333e-05
3.4169102e-05
3.4047543e-05
3.3826124e-05
3.3399718e-05
3.2494766e-05
3.0633922e-05
2.8166732e-05
2.8037692e-05
3.2171192e-05
3.7296636e-05
3.8593222e-05
3.2757762e-05
1.6456739e-05
3.4184168e-05
3.4157548e-05
3.409165e-05
3.3968498e-05
3.3745158e-05
3.3308744e-05
3.236288e-05
3.0455255e-05
2.8232926e-05
2.8809106e-05
3.3437648e-05
3.8453879e-05
3.9323576e-05
3.3031311e-05
1.6457005e-05
3.4110952e-05
3.4083626e-05
3.4016682e-05
3.3893092e-05
3.3669236e-05
3.3222814e-05
3.2234152e-05
3.0299253e-05
2.8392246e-05
2.9683789e-05
3.4725212e-05
3.9582513e-05
4.0023269e-05
3.3290008e-05
1.6457402e-05
3.4039411e-05
3.4011657e-05
3.3944392e-05
3.3821645e-05
3.3598692e-05
3.3141955e-05
3.210932e-05
3.0173466e-05
2.8651821e-05
3.0652195e-05
3.6024571e-05
4.0681867e-05
4.0694026e-05
3.3535219e-05
1.6457942e-05
3.3969616e-05
3.3941763e-05
3.3875008e-05
3.3754507e-05
3.3533859e-05
3.306618e-05
3.1989642e-05
3.0086446e-05
2.9016626e-05
3.1703718e-05
3.7327934e-05
4.1751711e-05
4.1337507e-05
3.3768155e-05
1.6458635e-05
3.3901667e-05
3.3874095e-05
3.3808792e-05
3.369206e-05
3.3475059e-05
3.2995507e-05
3.187704e-05
3.0047454e-05
2.9489292e-05
3.2827218e-05
3.8628937e-05
4.2792133e-05
4.1955298e-05
3.3989887e-05
1.6459492e-05
3.3835691e-05
3.3808835e-05
3.3746042e-05
3.3634709e-05
3.3422602e-05
3.2929991e-05
3.1774238e-05
3.0066081e-05
3.007006e-05
3.4011504e-05
3.9922488e-05
4.3803457e-05
4.2548901e-05
3.4201364e-05
1.6460521e-05
3.3771846e-05
3.3746203e-05
3.3687095e-05
3.358289e-05
3.3376778e-05
3.2869781e-05
3.1684886e-05
3.0151793e-05
3.0756886e-05
3.5245743e-05
4.1204583e-05
4.4786178e-05
4.3119728e-05
3.4403428e-05
1.6461728e-05
3.3710322e-05
3.3686449e-05
3.3632325e-05
3.3537056e-05
3.3337853e-05
3.281518e-05
3.1613639e-05
3.0313468e-05
3.154566e-05
3.6519779e-05
4.2472112e-05
4.5740919e-05
4.3669102e-05
3.4596827e-05
1.6463121e-05
3.3651343e-05
3.3629867e-05
3.3582146e-05
3.3497683e-05
3.3306071e-05
3.2766736e-05
3.1566177e-05
3.0558945e-05
3.2430519e-05
3.782435e-05
4.3722695e-05
4.6668397e-05
4.4198255e-05
3.4782225e-05
1.6464701e-05
3.359517e-05
3.3576787e-05
3.3537014e-05
3.3465257e-05
3.328166e-05
3.2725339e-05
3.1549148e-05
3.0894638e-05
3.3404215e-05
3.9151206e-05
4.4954529e-05
4.7569394e-05
4.4708338e-05
3.4960217e-05
1.6466471e-05
3.3542106e-05
3.3527584e-05
3.3497423e-05
3.3440275e-05
3.3264838e-05
3.2692337e-05
3.1570024e-05
3.1325252e-05
3.4458517e-05
4.0493151e-05
4.6166274e-05
4.8444732e-05
4.5200419e-05
3.5131333e-05
1.6468431e-05
3.3492497e-05
3.3482682e-05
3.346391e-05
3.3423238e-05
3.3255838e-05
3.2669662e-05
3.163687e-05
3.1853602e-05
3.5584607e-05
4.1844008e-05
4.7356958e-05
4.9295261e-05
4.5675492e-05
3.5296047e-05
1.647058e-05
3.3446735e-05
3.3442548e-05
3.3437051e-05
3.3414644e-05
3.3254937e-05
3.2659939e-05
3.1758037e-05
3.2480556e-05
3.6773448e-05
4.3198545e-05
4.8525908e-05
5.0121832e-05
4.6134479e-05
3.5454787e-05
1.6472917e-05
3.3405264e-05
3.3407707e-05
3.3417461e-05
3.3414983e-05
3.3262501e-05
3.2666593e-05
3.1941803e-05
3.3205088e-05
3.8016104e-05
4.4552374e-05
4.9672691e-05
5.0925297e-05
4.6578238e-05
3.5607938e-05
1.6475438e-05
3.3368581e-05
3.3378733e-05
3.3405791e-05
3.3424736e-05
3.3279045e-05
3.2693911e-05
3.2195996e-05
3.4024423e-05
3.9303999e-05
4.5901845e-05
5.0797073e-05
5.1706492e-05
4.7007565e-05
3.575585e-05
1.6478139e-05
3.3337244e-05
3.3356261e-05
3.3402726e-05
3.3444374e-05
3.3305313e-05
3.2747055e-05
3.2527621e-05
3.4934264e-05
4.06291e-05
4.724393e-05
5.1898977e-05
5.2466234e-05
4.7423201e-05
3.5898837e-05
1.6481016e-05
3.3311875e-05
3.3340983e-05
3.3408981e-05
3.347436e-05
3.3342362e-05
3.2832015e-05
3.2942544e-05
3.5929072e-05
4.1984043e-05
4.8576137e-05
5.2978461e-05
5.3205316e-05
4.7825835e-05
3.6037186e-05
1.6484065e-05
3.3293163e-05
3.3333652e-05
3.3425294e-05
3.3515163e-05
3.3391668e-05
3.2955486e-05
3.3445236e-05
3.7002364e-05
4.3362193e-05
4.9896417e-05
5.4035683e-05
5.3924506e-05
4.8216107e-05
3.6171161e-05
1.6487281e-05
3.3281869e-05
3.3335085e-05
3.3452425e-05
3.3567273e-05
3.3455237e-05
3.3124676e-05
3.4038605e-05
3.8147029e-05
4.475765e-05
5.12031e-05
5.5070884e-05
5.4624542e-05
4.8594614e-05
3.6301e-05
1.6490657e-05
3.3278836e-05
3.3346162e-05
3.3491148e-05
3.3631233e-05
3.3535696e-05
3.3347047e-05
3.4723925e-05
3.9355619e-05
4.6165228e-05
5.2494832e-05
5.6084369e-05
5.5306137e-05
4.8961914e-05
3.6426925e-05
1.6494188e-05
3.3284986e-05
3.3367825e-05
3.3542247e-05
3.3707683e-05
3.3636391e-05
3.3630019e-05
3.5500854e-05
4.0620609e-05
4.7580407e-05
5.3770531e-05
5.7076491e-05
5.5969971e-05
4.9318529e-05
3.6549143e-05
1.649787e-05
3.3301328e-05
3.3401078e-05
3.3606513e-05
3.3797414e-05
3.3761431e-05
3.3980644e-05
3.6367529e-05
4.193462e-05
4.8999267e-05
5.5029344e-05
5.8047635e-05
5.6616678e-05
4.9664839e-05
3.6667084e-05
1.6501693e-05
3.3328964e-05
3.3446985e-05
3.3684745e-05
3.3901443e-05
3.3915701e-05
3.4405293e-05
3.7320736e-05
4.3290581e-05
5.0418425e-05
5.627061e-05
5.8998204e-05
5.7246851e-05
5.0001244e-05
3.6781085e-05
1.6505652e-05
3.3369088e-05
3.3506668e-05
3.3777753e-05
3.4021099e-05
3.410481e-05
3.4909377e-05
3.8356118e-05
4.4681853e-05
5.183497e-05
5.7493828e-05
5.9928616e-05
5.7861061e-05
5.0328147e-05
3.689145e-05
1.6509737e-05
3.3422991e-05
3.3581299e-05
3.3886372e-05
3.4158113e-05
3.4334986e-05
3.5497115e-05
3.946842e-05
4.6102299e-05
5.3246402e-05
5.8698636e-05
6.0839302e-05
5.8459862e-05
5.0645959e-05
3.6998448e-05
1.6513939e-05
3.3492061e-05
3.3672101e-05
3.4011478e-05
3.4314722e-05
3.4612896e-05
3.6171384e-05
4.0651733e-05
4.7546323e-05
5.4650584e-05
5.9884785e-05
6.1730689e-05
5.9043732e-05
5.0954641e-05
3.7102365e-05
1.6518251e-05
3.3577784e-05
3.3780338e-05
3.4154027e-05
3.4493755e-05
3.494542e-05
3.6933637e-05
4.1899745e-05
4.9008868e-05
5.6045689e-05
6.1052122e-05
6.2603202e-05
5.9613114e-05
5.1254409e-05
3.7203362e-05
1.6522664e-05
3.3681742e-05
3.3907316e-05
3.4315092e-05
3.4698709e-05
3.533938e-05
3.7783898e-05
4.3205953e-05
5.0485402e-05
5.7430168e-05
6.2200567e-05
6.3457259e-05
6.0168466e-05
5.1545763e-05
3.7301527e-05
1.6527174e-05
3.3805608e-05
3.4054378e-05
3.4495929e-05
3.493379e-05
3.5801258e-05
3.8720839e-05
4.4563857e-05
5.1971889e-05
5.8802705e-05
6.3330109e-05
6.429328e-05
6.0710252e-05
5.1829143e-05
3.7396968e-05
1.6531776e-05
3.3951147e-05
3.4222911e-05
3.4698049e-05
3.5203903e-05
3.6336915e-05
3.97419e-05
4.5967114e-05
5.3464745e-05
6.0162193e-05
6.4440788e-05
6.5111673e-05
6.1238802e-05
5.2104951e-05
3.7489812e-05
1.6536466e-05
3.4120204e-05
3.4414352e-05
3.4923305e-05
3.5514601e-05
3.6951333e-05
4.0843463e-05
4.7409649e-05
5.4960802e-05
6.1507705e-05
6.5532686e-05
6.5912786e-05
6.1754105e-05
5.2373577e-05
3.7580207e-05
1.6541242e-05
3.4314705e-05
3.4630208e-05
3.5173979e-05
3.5871965e-05
3.7648419e-05
4.2021053e-05
4.8885735e-05
5.6457264e-05
6.2838467e-05
6.6605909e-05
6.6696984e-05
6.2256729e-05
5.2635226e-05
3.7668256e-05
1.65461e-05
3.4536648e-05
3.4872085e-05
3.5452883e-05
3.6282427e-05
3.8430853e-05
4.3269545e-05
5.0390044e-05
5.7951671e-05
6.4153835e-05
6.7660594e-05
6.746465e-05
6.2747189e-05
5.2890119e-05
3.7754045e-05
1.6551039e-05
3.4788109e-05
3.5141732e-05
3.5763428e-05
3.675255e-05
3.9300021e-05
4.4583373e-05
5.191766e-05
5.9441857e-05
6.5453279e-05
6.8696906e-05
6.8216184e-05
6.3225944e-05
5.3138485e-05
3.7837654e-05
1.6556054e-05
3.5071241e-05
3.5441097e-05
3.6109684e-05
3.7288771e-05
4.0256002e-05
4.595672e-05
5.3464091e-05
6.0925926e-05
6.6736372e-05
6.971499e-05
6.8951483e-05
6.3693456e-05
5.3380575e-05
3.7919178e-05
1.6561141e-05
3.538829e-05
3.5772402e-05
3.6496394e-05
3.7897132e-05
4.129763e-05
4.738369e-05
5.5025248e-05
6.2402218e-05
6.8002758e-05
7.0714997e-05
6.9671027e-05
6.4150036e-05
5.3616598e-05
3.7998704e-05
1.6566298e-05
3.5741623e-05
3.6138227e-05
3.692894e-05
3.858302e-05
4.2422602e-05
4.8858439e-05
5.659743e-05
6.3869273e-05
6.9252145e-05
7.1697118e-05
7.0375289e-05
6.4595982e-05
5.3846739e-05
3.8076308e-05
1.6571522e-05
3.6133765e-05
3.65416e-05
3.7413253e-05
3.9350938e-05
4.3627627e-05
5.0375293e-05
5.8177294e-05
6.5325815e-05
7.0484308e-05
7.2661577e-05
7.1064705e-05
6.5031592e-05
5.4071179e-05
3.8152054e-05
1.6576808e-05
3.6567453e-05
3.6986083e-05
3.7955665e-05
4.0204325e-05
4.49086e-05
5.1928817e-05
5.9761835e-05
6.6770738e-05
7.169906e-05
7.3608223e-05
7.1739656e-05
6.5457164e-05
5.4290106e-05
3.8226004e-05
1.6582153e-05
3.7045708e-05
3.7475845e-05
3.8562704e-05
4.1145432e-05
4.6260792e-05
5.3513876e-05
6.1348349e-05
6.8203061e-05
7.2896229e-05
7.4537356e-05
7.2400492e-05
6.5872961e-05
5.4503697e-05
3.8298218e-05
1.6587554e-05
3.7571917e-05
3.8015701e-05
3.9240856e-05
4.2175261e-05
4.7679026e-05
5.5125659e-05
6.2934402e-05
6.9621917e-05
7.4075702e-05
7.5449302e-05
7.3047533e-05
6.6279231e-05
5.4712113e-05
3.8368751e-05
1.6593007e-05
3.8149911e-05
3.861111e-05
3.9996297e-05
4.329358e-05
4.9157855e-05
5.6759691e-05
6.4517814e-05
7.1026551e-05
7.5237337e-05
7.6344343e-05
7.3681074e-05
6.6676217e-05
5.4915499e-05
3.8437654e-05
1.659851e-05
3.8784048e-05
3.9268114e-05
4.0834629e-05
4.4498975e-05
5.0691707e-05
5.8411839e-05
6.6096631e-05
7.2416295e-05
7.6380924e-05
7.7222726e-05
7.4301394e-05
6.706416e-05
5.5113998e-05
3.8504971e-05
1.6604058e-05
3.9479253e-05
3.9993214e-05
4.1760638e-05
4.578897e-05
5.2275011e-05
6.0078293e-05
6.7669083e-05
7.3790524e-05
7.7506485e-05
7.8084755e-05
7.4908756e-05
6.7443285e-05
5.5307742e-05
3.8570745e-05
1.6609648e-05
4.0241032e-05
4.079318e-05
4.2778088e-05
4.7160169e-05
5.39023e-05
6.175555e-05
6.9233567e-05
7.5148707e-05
7.8614108e-05
7.8930688e-05
7.5503411e-05
6.7813798e-05
5.5496856e-05
3.8635015e-05
1.6615277e-05
4.1075416e-05
4.1674808e-05
4.3889573e-05
4.8608417e-05
5.5568283e-05
6.3440417e-05
7.0788678e-05
7.6490241e-05
7.9703724e-05
7.9760728e-05
7.6085613e-05
6.8175897e-05
5.5681453e-05
3.8697816e-05
1.6620943e-05
4.1988832e-05
4.2644633e-05
4.5096431e-05
5.0128977e-05
5.7267899e-05
6.5129951e-05
7.233307e-05
7.7814662e-05
8.0775524e-05
8.0575077e-05
7.6655596e-05
6.8529769e-05
5.5861643e-05
3.875918e-05
1.662664e-05
4.2987904e-05
4.370862e-05
4.6398722e-05
5.1716692e-05
5.8996334e-05
6.682144e-05
7.3865521e-05
7.9121659e-05
8.1829642e-05
8.1373939e-05
7.7213579e-05
6.8875587e-05
5.6037524e-05
3.8819137e-05
1.6632367e-05
4.4079169e-05
4.4871868e-05
4.7795262e-05
5.3366145e-05
6.0749073e-05
6.8512444e-05
7.5384891e-05
8.0410759e-05
8.2866126e-05
8.2157509e-05
7.7759768e-05
6.9213513e-05
5.6209189e-05
3.8877713e-05
1.663812e-05
4.5268747e-05
4.6138335e-05
4.928371e-05
5.5071782e-05
6.2521858e-05
7.0200644e-05
7.6890079e-05
8.1681869e-05
8.3885038e-05
8.2925971e-05
7.8294356e-05
6.9543699e-05
5.6376723e-05
3.8934933e-05
1.6643896e-05
4.6561963e-05
4.7510614e-05
5.086069e-05
5.6828021e-05
6.4310693e-05
7.1883891e-05
7.8380142e-05
8.293486e-05
8.4886444e-05
8.3679492e-05
7.8817524e-05
6.9866283e-05
5.6540203e-05
3.8990817e-05
1.6649692e-05
4.7962983e-05
4.8989769e-05
5.2521935e-05
5.8629359e-05
6.6111889e-05
7.3560211e-05
7.9854056e-05
8.4169511e-05
8.5870409e-05
8.4418228e-05
7.9329435e-05
7.0181394e-05
5.6699701e-05
3.9045385e-05
1.6655505e-05
4.9474475e-05
5.0575254e-05
5.4262438e-05
6.0470386e-05
6.7921894e-05
7.5227645e-05
8.1311333e-05
8.5385639e-05
8.6836982e-05
8.5142319e-05
7.9830242e-05
7.0489148e-05
5.685528e-05
3.9098653e-05
1.6661331e-05
5.1097336e-05
5.2264894e-05
5.6076615e-05
6.2345893e-05
6.9737443e-05
7.6884239e-05
8.2751347e-05
8.6583068e-05
8.7786204e-05
8.5851891e-05
8.032008e-05
7.0789652e-05
5.7006998e-05
3.9150634e-05
1.6667168e-05
5.2830519e-05
5.4054933e-05
5.7958414e-05
6.4250777e-05
7.1555305e-05
7.8528597e-05
8.4173488e-05
8.7761621e-05
8.8718103e-05
8.6547055e-05
8.0799072e-05
7.1082999e-05
5.7154906e-05
3.920134e-05
1.6673012e-05
5.4670965e-05
5.5940158e-05
5.9901476e-05
6.6180148e-05
7.3372244e-05
8.0159427e-05
8.557718e-05
8.8921119e-05
8.963269e-05
8.7227902e-05
8.1267325e-05
7.1369275e-05
5.7299048e-05
3.925078e-05
1.6678861e-05
5.6613644e-05
5.7914033e-05
6.1899139e-05
6.8129074e-05
7.5185685e-05
8.1775466e-05
8.6961864e-05
9.0061373e-05
9.0529962e-05
8.7894508e-05
8.172493e-05
7.1648551e-05
5.7439464e-05
3.9298961e-05
1.6684711e-05
5.8651711e-05
5.9968889e-05
6.3944522e-05
7.0092758e-05
7.6993252e-05
8.3375516e-05
8.8326993e-05
9.1182184e-05
9.1409897e-05
8.8546929e-05
8.2171966e-05
7.1920891e-05
5.7576184e-05
3.9345889e-05
1.669056e-05
6.0776688e-05
6.2096001e-05
6.6030473e-05
7.206703e-05
7.8792688e-05
8.4958426e-05
8.9672028e-05
9.2283338e-05
9.2272453e-05
8.9185203e-05
8.2608491e-05
7.2186344e-05
5.7709236e-05
3.9391564e-05
1.6696403e-05
6.2978667e-05
6.4285955e-05
6.815015e-05
7.4047874e-05
8.058184e-05
8.652309e-05
9.0996429e-05
9.3364609e-05
9.3117567e-05
8.9809348e-05
8.3034552e-05
7.2444952e-05
5.7838637e-05
3.9435987e-05
1.6702239e-05
6.5246775e-05
6.6528943e-05
7.0296762e-05
7.6031413e-05
8.2358645e-05
8.8068434e-05
9.2299659e-05
9.4425751e-05
9.3945156e-05
9.0419361e-05
8.3450177e-05
7.2696741e-05
5.7964401e-05
3.9479156e-05
1.6708063e-05
6.7569559e-05
6.881494e-05
7.2463602e-05
7.8013901e-05
8.4121119e-05
8.9593411e-05
9.3581172e-05
9.54665e-05
9.4755113e-05
9.101522e-05
8.3855378e-05
7.2941729e-05
5.8086535e-05
3.9521066e-05
1.6713873e-05
6.9935336e-05
7.1133906e-05
7.4644088e-05
7.9991705e-05
8.5867345e-05
9.1096998e-05
9.484042e-05
9.6486573e-05
9.554731e-05
9.1596881e-05
8.4250151e-05
7.3179922e-05
5.8205038e-05
3.956171e-05
1.6719665e-05
7.2332507e-05
7.3475969e-05
7.6831801e-05
8.1961303e-05
8.7595466e-05
9.2578189e-05
9.6076847e-05
9.7485669e-05
9.6321595e-05
9.2164278e-05
8.4634474e-05
7.3411312e-05
5.8319905e-05
3.9601078e-05
1.6725435e-05
7.474982e-05
7.583158e-05
7.9020519e-05
8.3919278e-05
8.9303676e-05
9.4035998e-05
9.7289891e-05
9.8463469e-05
9.7077794e-05
9.2717326e-05
8.5008309e-05
7.3635883e-05
5.8431121e-05
3.9639159e-05
1.673118e-05
7.7176578e-05
7.8191641e-05
8.1204258e-05
8.5862317e-05
9.0990216e-05
9.5469452e-05
9.8478987e-05
9.9419635e-05
9.7815715e-05
9.3255921e-05
8.5371603e-05
7.3853604e-05
5.8538667e-05
3.9675938e-05
1.6736897e-05
7.9602784e-05
8.0547605e-05
8.3377309e-05
8.7787221e-05
9.2653377e-05
9.6877596e-05
9.9643565e-05
0.00010035382
9.8535146e-05
9.3779937e-05
8.5724284e-05
7.4064436e-05
5.8642516e-05
3.9711397e-05
1.6742581e-05
8.2019251e-05
8.2891551e-05
8.5534272e-05
8.969091e-05
9.4291498e-05
9.8259496e-05
0.00010078306
0.00010126566
9.9235856e-05
9.4289235e-05
8.6066269e-05
7.4268326e-05
5.8742637e-05
3.9745518e-05
1.6748228e-05
8.441765e-05
8.5216229e-05
8.7670086e-05
9.1570432e-05
9.5902969e-05
9.9614238e-05
0.00010189691
0.0001021548
9.9917606e-05
9.4783658e-05
8.6397459e-05
7.4465213e-05
5.883899e-05
3.9778278e-05
1.6753834e-05
8.6790534e-05
8.7515082e-05
8.9780053e-05
9.3422983e-05
9.7486238e-05
0.00010094094
0.00010298455
0.00010302086
0.00010058014
9.5263036e-05
8.6717744e-05
7.4655026e-05
5.893153e-05
3.9809654e-05
1.6759395e-05
8.9131328e-05
8.9782253e-05
9.1859857e-05
9.5245913e-05
9.9039819e-05
0.00010223873
0.00010404547
0.00010386347
0.00010122321
9.5727193e-05
8.7027002e-05
7.4837687e-05
5.902021e-05
3.983962e-05
1.6764905e-05
9.1434295e-05
9.2012572e-05
9.3905573e-05
9.7036743e-05
0.0001005623
0.00010350681
0.00010507912
0.00010468228
0.00010184655
9.6175944e-05
8.7325106e-05
7.5013108e-05
5.9104975e-05
3.9868148e-05
1.6770361e-05
9.3694494e-05
9.4201527e-05
9.5913675e-05
9.8793176e-05
0.00010205233
0.0001047444
0.00010608503
0.00010547695
0.00010244991
9.66091e-05
8.7611923e-05
7.51812e-05
5.9185768e-05
3.9895209e-05
1.6775757e-05
9.5907726e-05
9.6345235e-05
9.788103e-05
0.00010051311
0.00010350869
0.00010595077
0.00010706273
0.00010624714
0.00010303305
9.7026476e-05
8.7887314e-05
7.5341866e-05
5.9262529e-05
3.9920772e-05
1.6781089e-05
9.8070467e-05
9.8440401e-05
9.9804895e-05
0.00010219463
0.00010493021
0.00010712524
0.00010801181
0.00010699256
0.00010359572
9.7427892e-05
8.8151145e-05
7.5495012e-05
5.9335197e-05
3.9944808e-05
1.678635e-05
0.00010017981
0.00010048427
0.0001016829
0.00010383604
0.00010631585
0.00010826722
0.00010893186
0.00010771293
0.00010413772
9.7813174e-05
8.8403282e-05
7.564054e-05
5.940371e-05
3.9967285e-05
1.6791535e-05
0.00010223342
0.00010247458
0.00010351303
0.00010543583
0.00010766466
0.00010937614
0.00010982256
0.00010840801
0.00010465885
9.8182165e-05
8.8643599e-05
7.5778358e-05
5.9468007e-05
3.9988173e-05
1.679664e-05
0.00010422944
0.00010440954
0.00010529361
0.00010699272
0.00010897583
0.00011045154
0.00011068363
0.00010907759
0.00010515894
9.8534723e-05
8.887198e-05
7.5908377e-05
5.9528031e-05
4.0007444e-05
1.6801657e-05
0.00010616645
0.00010628774
0.00010702329
0.0001085056
0.00011024863
0.000111493
0.00011151481
0.00010972152
0.00010563787
9.8870727e-05
8.9088319e-05
7.6030515e-05
5.9583725e-05
4.0025068e-05
1.6806582e-05
0.00010804346
0.00010810814
0.00010870101
0.00010997358
0.00011148248
0.00011250019
0.00011231593
0.00011033967
0.00010609553
9.919008e-05
8.929253e-05
7.6144699e-05
5.9635039e-05
4.0041021e-05
1.6811408e-05
0.00010985977
0.00010987005
0.00011032596
0.00011139595
0.00011267689
0.00011347286
0.00011308688
0.00011093198
0.00010653184
9.9492711e-05
8.948454e-05
7.6250868e-05
5.968193e-05
4.0055281e-05
1.6816131e-05
0.00011161503
0.00011157303
0.00011189761
0.00011277216
0.0001138315
0.00011441082
0.00011382757
0.00011149841
0.0001069468
9.977858e-05
8.96643e-05
7.6348975e-05
5.9724362e-05
4.0067827e-05
1.6820744e-05
0.00011330911
0.00011321691
0.00011341563
0.00011410185
0.00011494605
0.00011531398
0.00011453801
0.00011203899
0.0001073404
0.00010004768
8.9831783e-05
7.6438985e-05
5.9762306e-05
4.0078645e-05
1.6825241e-05
0.00011494214
0.00011480174
0.0001148799
0.00011538481
0.0001160204
0.0001161823
0.00011521825
0.00011255378
0.00010771271
0.00010030003
8.9986987e-05
7.6520883e-05
5.9795746e-05
4.0087724e-05
1.6829618e-05
0.00011651444
0.00011632778
0.00011629048
0.00011662099
0.0001170545
0.00011701584
0.00011586838
0.00011304291
0.00010806381
0.00010053568
9.0129934e-05
7.6594669e-05
5.9824673e-05
4.0095058e-05
1.683387e-05
0.00011802647
0.00011779543
0.0001176476
0.00011781044
0.00011804842
0.0001178147
0.00011648858
0.00011350655
0.00010839385
0.00010075474
9.0260675e-05
7.6660366e-05
5.9849095e-05
4.0100647e-05
1.6837991e-05
0.00011947888
0.00011920525
0.00011895163
0.00011895337
0.00011900231
0.00011857907
0.00011707907
0.00011394491
0.00010870299
0.00010095733
9.0379288e-05
7.6718012e-05
5.9869027e-05
4.0104496e-05
1.6841977e-05
0.00012087242
0.00012055793
0.00012020306
0.00012005009
0.00011991641
0.00011930921
0.00011764011
0.00011435825
0.00010899147
0.0001011436
9.0485879e-05
7.6767669e-05
5.98845e-05
4.0106616e-05
1.6845824e-05
0.00012220794
0.00012185426
0.00012140248
0.000121101
0.00012079104
0.00012000543
0.00011817202
0.00011474687
0.00010925954
0.00010131376
9.058058e-05
7.6809418e-05
5.9895558e-05
4.0107024e-05
1.6849527e-05
0.00012348641
0.00012309513
0.00012255061
0.00012210662
0.00012162659
0.0001206681
0.00011867517
0.00011511112
0.00010950748
0.00010146804
9.0663553e-05
7.6843362e-05
5.9902256e-05
4.0105745e-05
1.6853085e-05
0.00012470885
0.00012428149
0.00012364824
0.00012306752
0.00012242354
0.00012129764
0.00011914998
0.00011545137
0.00010973564
0.00010160668
9.0734986e-05
7.6869622e-05
5.9904665e-05
4.0102806e-05
1.6856493e-05
0.00012587634
0.0001254144
0.00012469621
0.00012398437
0.00012318241
0.00012189454
0.00011959689
0.00011576805
0.00010994436
0.00010172999
9.0795089e-05
7.688834e-05
5.9902867e-05
4.0098244e-05
1.6859749e-05
0.00012699005
0.00012649492
0.00012569546
0.00012485788
0.00012390378
0.00012245931
0.00012001639
0.0001160616
0.00011013405
0.00010183828
9.0844102e-05
7.6899678e-05
5.9896957e-05
4.0092099e-05
1.6862851e-05
0.00012805116
0.00012752421
0.00012664697
0.00012568886
0.00012458831
0.00012299253
0.00012040902
0.00011633251
0.00011030512
0.00010193189
9.0882284e-05
7.6903813e-05
5.9887041e-05
4.0084418e-05
1.6865797e-05
0.0001290609
0.00012850344
0.00012755176
0.00012647812
0.00012523668
0.00012349479
0.00012077532
0.00011658129
0.00011045802
0.00010201119
9.0909917e-05
7.6900943e-05
5.9873237e-05
4.0075252e-05
1.6868588e-05
0.00013002055
0.00012943381
0.0001284109
0.00012722655
0.00012584961
0.00012396674
0.00012111588
0.00011680847
0.00011059323
0.00010207658
9.0927301e-05
7.6891278e-05
5.9855675e-05
4.0064657e-05
1.6871221e-05
0.00013093137
0.00013031657
0.0001292255
0.00012793508
0.00012642788
0.00012440905
0.00012143133
0.00011701462
0.00011071123
0.00010212846
9.0934758e-05
7.6875046e-05
5.9834492e-05
4.0052695e-05
1.6873698e-05
0.0001317947
0.00013115299
0.00012999668
0.00012860464
0.00012697228
0.00012482243
0.00012172229
0.0001172003
0.00011081254
0.00010216726
9.0932624e-05
7.6852487e-05
5.9809836e-05
4.0039428e-05
1.6876018e-05
0.00013261185
0.00013194433
0.0001307256
0.00012923623
0.00012748365
0.0001252076
0.00012198942
0.00011736614
0.00011089768
0.00010219344
9.092125e-05
7.6823853e-05
5.9781862e-05
4.0024926e-05
1.6878183e-05
0.00013338416
0.00013269191
0.00013141343
0.00012983085
0.00012796285
0.00012556531
0.00012223341
0.00011751273
0.00011096721
0.00010220744
9.0901001e-05
7.6789408e-05
5.9750732e-05
4.000926e-05
1.6880195e-05
0.00013411298
0.000133397
0.00013206136
0.00013038954
0.00012841074
0.00012589634
0.00012245495
0.0001176407
0.00011102168
0.00010220975
9.0872254e-05
7.6749424e-05
5.9716617e-05
3.9992502e-05
1.6882054e-05
0.00013479965
0.00013406093
0.00013267058
0.00013091333
0.00012882824
0.00012620146
0.00012265474
0.00011775071
0.00011106165
0.00010220084
9.0835394e-05
7.6704183e-05
5.967969e-05
3.9974729e-05
1.6883763e-05
0.00013544551
0.000134685
0.00013324231
0.00013140328
0.00012921625
0.00012648149
0.00012283351
0.00011784339
0.00011108771
0.00010218121
9.0790816e-05
7.6653972e-05
5.9640129e-05
3.9956019e-05
1.6885325e-05
0.00013605192
0.00013527052
0.00013377775
0.00013186045
0.00012957569
0.00012673722
0.00012299198
0.0001179194
0.00011110043
0.00010215136
9.073892e-05
7.6599085e-05
5.9598118e-05
3.993645e-05
1.6886744e-05
0.00013662018
0.00013581876
0.00013427809
0.00013228591
0.00012990749
0.00012696948
0.00012313088
0.00011797941
0.00011110041
0.00010211179
9.068011e-05
7.6539816e-05
5.955384e-05
3.9916102e-05
1.6888022e-05
0.00013715162
0.00013633102
0.00013474453
0.00013268071
0.00013021257
0.00012717908
0.00012325095
0.00011802407
0.00011108823
0.00010206299
9.0614791e-05
7.6476464e-05
5.9507479e-05
3.9895054e-05
1.6889163e-05
0.00013764753
0.00013680856
0.00013517824
0.00013304592
0.00013049186
0.00012736684
0.00012335292
0.00011805405
0.00011106447
0.00010200548
9.0543369e-05
7.6409328e-05
5.9459223e-05
3.9873385e-05
1.6890171e-05
0.00013810918
0.00013725261
0.00013558039
0.00013338257
0.00013074629
0.00012753357
0.00012343751
0.00011806999
0.00011102971
0.00010193974
9.0466248e-05
7.6338703e-05
5.9409253e-05
3.9851175e-05
1.6891052e-05
0.00013853781
0.00013766439
0.00013595213
0.00013369171
0.00013097676
0.00012768009
0.00012350545
0.00011807255
0.00011098454
0.00010186628
9.0383826e-05
7.6264883e-05
5.9357752e-05
3.9828498e-05
1.6891808e-05
0.00013893463
0.0001380451
0.00013629457
0.00013397434
0.00013118416
0.00012780717
0.00012355746
0.00011806237
0.00011092951
0.00010178558
9.0296495e-05
7.6188156e-05
5.9304897e-05
3.9805431e-05
1.6892445e-05
0.00013930083
0.00013839589
0.00013660881
0.00013423146
0.0001313694
0.00012791561
0.00012359422
0.00011804007
0.00011086519
0.00010169811
9.0204642e-05
7.6108804e-05
5.9250861e-05
3.9782045e-05
1.6892967e-05
0.00013963757
0.00013871791
0.00013689592
0.00013446404
0.00013153332
0.00012800618
0.00012361642
0.00011800626
0.00011079211
0.00010160435
9.0108641e-05
7.60271e-05
5.9195811e-05
3.975841e-05
1.689338e-05
0.00013994597
0.00013901224
0.00013715695
0.00013467304
0.00013167678
0.00012807963
0.00012362475
0.00011796156
0.00011071082
0.00010150474
9.0008857e-05
7.5943311e-05
5.913991e-05
3.9734592e-05
1.6893688e-05
0.00014022713
0.00013927998
0.00013739292
0.0001348594
0.00013180062
0.00012813669
0.00012361985
0.00011790654
0.00011062181
0.00010139972
8.9905643e-05
7.5857693e-05
5.9083311e-05
3.9710653e-05
1.6893896e-05
0.00014048213
0.00013952218
0.00013760483
0.00013502401
0.00013190563
0.00012817809
0.00012360236
0.00011784178
0.00011052561
0.00010128972
8.9799342e-05
7.5770491e-05
5.9026162e-05
3.9686653e-05
1.6894008e-05
0.00014071201
0.00013973985
0.00013779364
0.00013516778
0.00013199263
0.00012820453
0.00012357292
0.00011776783
0.00011042268
0.00010117516
8.9690281e-05
7.5681941e-05
5.8968602e-05
3.9662646e-05
1.689403e-05
0.00014091779
0.000139934
0.00013796032
0.00013529157
0.00013206238
0.0001282167
0.00012353213
0.00011768523
0.00011031351
0.00010105643
8.9578777e-05
7.5592271e-05
5.8910765e-05
3.9638683e-05
1.6893966e-05
0.0001411005
0.00014010563
0.00013810579
0.00013539623
0.00013211566
0.00012821527
0.00012348059
0.00011759451
0.00011019856
0.00010093392
8.9465136e-05
7.5501694e-05
5.8852775e-05
3.9614814e-05
1.6893821e-05
0.00014126112
0.00014025571
0.00013823098
0.00013548262
0.0001321532
0.00012820092
0.00012341889
0.00011749619
0.00011007826
0.000100808
8.9349652e-05
7.5410418e-05
5.8794752e-05
3.9591082e-05
1.6893599e-05
0.00014140063
0.00014038518
0.00013833678
0.00013555156
0.00013217576
0.00012817428
0.00012334759
0.00011739076
0.00010995306
0.00010067904
8.9232608e-05
7.5318641e-05
5.8736808e-05
3.9567528e-05
1.6893304e-05
0.00014152001
0.000140495
0.0001384241
0.00013560386
0.00013218406
0.00012813602
0.00012326727
0.00011727872
0.00010982338
0.00010054739
8.9114277e-05
7.5226552e-05
5.8679049e-05
3.9544192e-05
1.6892941e-05
0.0001416202
0.00014058611
0.00013849382
0.00013564034
0.00013217883
0.00012808675
0.00012317848
0.00011716057
0.00010968964
0.00010041338
8.8994925e-05
7.5134333e-05
5.8621578e-05
3.952111e-05
1.6892514e-05
0.00014170215
0.00014065941
0.0001385468
0.00013566179
0.00013216076
0.0001280271
0.00012308176
0.00011703676
0.00010955224
0.00010027736
8.8874807e-05
7.5042159e-05
5.856449e-05
3.9498315e-05
1.6892027e-05
0.00014176679
0.00014071581
0.00013858391
0.00013566899
0.00013213058
0.0001279577
0.00012297767
0.00011690777
0.00010941158
0.00010013965
8.8754172e-05
7.4950199e-05
5.8507877e-05
3.9475839e-05
1.6891483e-05
0.00014181504
0.00014075622
0.00013860599
0.00013566273
0.00013208896
0.00012787916
0.00012286672
0.00011677406
0.00010926804
0.00010000057
8.8633261e-05
7.4858614e-05
5.8451827e-05
3.9453712e-05
1.6890888e-05
0.00014184779
0.00014078151
0.00013861388
0.00013564377
0.0001320366
0.00012779207
0.00012274945
0.00011663608
0.00010912201
9.9860426e-05
8.8512307e-05
7.476756e-05
5.8396425e-05
3.9431964e-05
1.6890245e-05
0.00014186592
0.00014079253
0.00013860838
0.00013561285
0.00013197417
0.00012769703
0.00012262637
0.00011649428
0.00010897387
9.9719514e-05
8.8391535e-05
7.4677188e-05
5.834175e-05
3.941062e-05
1.6889557e-05
0.00014187029
0.00014079012
0.00013859028
0.00013557072
0.00013190232
0.00012759462
0.00012249798
0.00011634907
0.00010882396
9.9578127e-05
8.8271162e-05
7.4587639e-05
5.8287872e-05
3.9389675e-05
1.6888829e-05
0.0001418617
0.00014077508
0.00013856037
0.00013551807
0.00013182169
0.00012748539
0.00012236477
0.00011620089
0.00010867264
9.9436544e-05
8.8151392e-05
7.4499042e-05
5.8234841e-05
3.9369029e-05
1.6888064e-05
0.00014184095
0.00014074819
0.00013851937
0.00013545559
0.0001317329
0.0001273699
0.00012222721
0.00011605013
0.00010852025
9.9295031e-05
8.803242e-05
7.441152e-05
5.8182713e-05
3.9348739e-05
1.6887265e-05
0.0001418088
0.00014071019
0.000138468
0.00013538395
0.00013163655
0.00012724867
0.00012208577
0.0001158972
0.00010836711
9.9153841e-05
8.791443e-05
7.4325188e-05
5.8131548e-05
3.9328859e-05
1.6886436e-05
0.00014176595
0.00014066178
0.00013840694
0.00013530378
0.0001315332
0.00012712221
0.00012194088
0.00011574244
0.00010821352
9.9013212e-05
8.7797587e-05
7.4240132e-05
5.8081273e-05
3.9309454e-05
1.6885577e-05
0.00014171309
0.00014060365
0.00013833683
0.00013521568
0.00013142341
0.000126991
0.00012179295
0.00011558623
0.00010805978
9.8873365e-05
8.7682046e-05
7.415644e-05
5.8031965e-05
3.929054e-05
1.6884694e-05
0.00014165086
0.00014053641
0.00013825828
0.00013512022
0.00013130769
0.0001268555
0.00012164239
0.00011542889
0.00010790614
9.8734504e-05
8.7567948e-05
7.4074202e-05
5.7983712e-05
3.9272129e-05
1.6883789e-05
0.00014157986
0.00014046066
0.00013817187
0.00013501793
0.00013118653
0.00012671613
0.00012148955
0.00011527073
0.00010775286
9.8596815e-05
8.7455408e-05
7.3993407e-05
5.7936604e-05
3.925424e-05
1.6882865e-05
0.00014150064
0.00014037697
0.00013807813
0.00013490932
0.00013106039
0.0001265733
0.0001213348
0.00011511205
0.00010760017
9.8460465e-05
8.7344527e-05
7.3914119e-05
5.7890685e-05
3.9236888e-05
1.6881926e-05
0.00014141374
0.00014028585
0.00013797757
0.00013479487
0.00013092969
0.0001264274
0.00012117846
0.0001149531
0.00010744828
9.8325606e-05
8.7235411e-05
7.3836445e-05
5.7845972e-05
3.9220081e-05
1.6880974e-05
0.00014131964
0.00014018779
0.00013787066
0.00013467502
0.00013079485
0.00012627877
0.00012102081
0.00011479413
0.00010729737
9.8192358e-05
8.712807e-05
7.3760494e-05
5.7802483e-05
3.9203823e-05
1.6880012e-05
0.00014121883
0.00014008325
0.00013775786
0.0001345502
0.00013065623
0.00012612775
0.00012086216
0.00011463538
0.00010714761
9.8060835e-05
8.7022584e-05
7.3686318e-05
5.7760232e-05
3.9188118e-05
1.6879043e-05
0.00014111173
0.00013997269
0.00013763958
0.00013442078
0.00013051421
0.00012597464
0.00012070275
0.00011447704
0.00010699917
9.7931148e-05
8.6919066e-05
7.3613938e-05
5.7719224e-05
3.9172965e-05
1.6878069e-05
0.00014099879
0.0001398565
0.00013751623
0.00013428716
0.00013036911
0.00012581975
0.00012054282
0.0001143193
0.00010685215
9.7803296e-05
8.6817641e-05
7.3543378e-05
5.7679461e-05
3.9158362e-05
1.6877092e-05
0.0001408804
0.00013973511
0.0001373882
0.00013414969
0.00013022125
0.00012566333
0.0001203826
0.00011416234
0.00010670668
9.7677413e-05
8.6718348e-05
7.347465e-05
5.7640939e-05
3.9144301e-05
1.6876114e-05
0.00014075697
0.00013960889
0.00013725585
0.00013400871
0.00013007095
0.00012550567
0.00012022231
0.0001140063
0.00010656285
9.7553631e-05
8.6621221e-05
7.340776e-05
5.7603652e-05
3.9130777e-05
1.6875136e-05
0.00014062889
0.00013947823
0.00013711955
0.00013386455
0.00012991849
0.00012534699
0.00012006213
0.00011385134
0.00010642073
9.7432048e-05
8.6526292e-05
7.3342713e-05
5.7567591e-05
3.9117781e-05
1.687416e-05
0.00014049653
0.00013934351
0.00013697966
0.00013371755
0.00012976416
0.00012518755
0.00011990225
0.00011369757
0.00010628049
9.731272e-05
8.6433586e-05
7.327951e-05
5.7532747e-05
3.9105304e-05
1.6873187e-05
0.0001403603
0.00013920509
0.00013683652
0.00013356802
0.00012960824
0.00012502757
0.00011974286
0.00011354509
0.00010614227
9.7195706e-05
8.6343126e-05
7.3218151e-05
5.7499108e-05
3.9093337e-05
1.6872219e-05
0.00014022055
0.00013906335
0.00013669048
0.00013341627
0.00012945101
0.00012486726
0.00011958409
0.0001133941
0.00010600615
9.708106e-05
8.6254932e-05
7.3158632e-05
5.7466663e-05
3.9081871e-05
1.6871255e-05
0.00014007768
0.00013891865
0.00013654189
0.00013326262
0.00012929272
0.00012470686
0.00011942611
0.00011324476
0.00010587224
9.6968833e-05
8.6169025e-05
7.3100954e-05
5.7435401e-05
3.9070897e-05
1.6870298e-05
0.00013993206
0.00013877135
0.00013639109
0.00013310738
0.00012913364
0.00012454653
0.00011926914
0.00011309721
0.00010574062
9.6859077e-05
8.6085423e-05
7.3045115e-05
5.7405313e-05
3.9060408e-05
1.6869349e-05
0.00013978406
0.00013862182
0.0001362384
0.00013295083
0.00012897401
0.00012438652
0.00011911338
0.00011295159
0.00010561139
9.6751842e-05
8.6004146e-05
7.2991114e-05
5.7376391e-05
3.9050398e-05
1.6868408e-05
0.00013963404
0.00013847041
0.00013608417
0.00013279327
0.00012881406
0.00012422706
0.00011895901
0.00011280803
0.00010548462
9.6647176e-05
8.5925213e-05
7.2938953e-05
5.7348625e-05
3.9040859e-05
1.6867476e-05
0.00013948237
0.00013831746
0.0001359287
0.00013263496
0.0001286541
0.0001240684
0.00011880621
0.00011266665
0.00010536042
9.6545127e-05
8.5848644e-05
7.2888631e-05
5.7322011e-05
3.9031788e-05
1.6866555e-05
0.00013932939
0.0001381633
0.0001357723
0.00013247621
0.00012849438
0.00012391075
0.00011865515
0.00011252759
0.00010523885
9.6445741e-05
8.5774456e-05
7.284015e-05
5.7296541e-05
3.9023179e-05
1.6865646e-05
0.00013917541
0.00013800825
0.00013561527
0.00013231733
0.00012833516
0.00012375432
0.000118506
0.00011239097
0.00010512
9.6349061e-05
8.5702666e-05
7.279351e-05
5.7272209e-05
3.9015027e-05
1.6864749e-05
0.00013902077
0.00013785262
0.00013545793
0.00013215858
0.00012817669
0.00012359933
0.00011835892
0.0001122569
0.00010500394
9.6255126e-05
8.5633288e-05
7.2748708e-05
5.7249007e-05
3.9007328e-05
1.6863866e-05
0.00013886576
0.00013769671
0.00013530057
0.00013200024
0.00012801921
0.00012344597
0.00011821407
0.0001121255
0.00010489074
9.6163971e-05
8.5566331e-05
7.270574e-05
5.7226928e-05
3.9000077e-05
1.6862998e-05
0.00013871067
0.00013754082
0.00013514346
0.00013184257
0.00012786295
0.00012329443
0.00011807158
0.00011199685
0.00010478047
9.6075624e-05
8.5501801e-05
7.2664599e-05
5.7205961e-05
3.8993267e-05
1.6862145e-05
0.00013855577
0.00013738521
0.00013498687
0.0001316858
0.0001277081
0.00012314487
0.00011793159
0.00011187105
0.00010467316
9.5990106e-05
8.5439697e-05
7.2625275e-05
5.7186094e-05
3.8986892e-05
1.6861309e-05
0.00013840132
0.00013723013
0.00013483103
0.00013153016
0.00012755487
0.00012299746
0.00011779421
0.00011174817
0.00010456887
9.590743e-05
8.5380014e-05
7.2587752e-05
5.7167312e-05
3.8980945e-05
1.6860491e-05
0.00013824754
0.00013707581
0.00013467617
0.00013137585
0.00012740344
0.00012285233
0.00011765955
0.00011162829
0.00010446762
9.5827602e-05
8.5322739e-05
7.2552009e-05
5.7149598e-05
3.8975416e-05
1.6859691e-05
0.00013809465
0.00013692245
0.00013452249
0.00013122305
0.00012725395
0.00012270961
0.00011752769
0.00011151145
0.00010436944
9.5750616e-05
8.5267852e-05
7.2518021e-05
5.713293e-05
3.8970295e-05
1.685891e-05
0.00013794283
0.00013677026
0.00013437016
0.00013107193
0.00012710655
0.00012256941
0.00011739871
0.00011139769
0.00010427433
9.5676461e-05
8.5215327e-05
7.2485759e-05
5.7117284e-05
3.8965569e-05
1.6858149e-05
0.00013779225
0.00013661938
0.00013421935
0.00013092264
0.00012696136
0.00012243183
0.00011727267
0.00011128705
0.0001041823
9.5605114e-05
8.5165129e-05
7.2455188e-05
5.7102634e-05
3.8961227e-05
1.6857407e-05
0.00013764305
0.00013646997
0.0001340702
0.00013077529
0.00012681849
0.00012229693
0.00011714961
0.00011117953
0.00010409333
9.5536547e-05
8.5117221e-05
7.2426269e-05
5.7088951e-05
3.8957254e-05
1.6856686e-05
0.00013749536
0.00013632216
0.00013392282
0.00013063
0.00012667802
0.00012216478
0.00011702957
0.00011107514
0.00010400741
9.5470722e-05
8.5071556e-05
7.2398959e-05
5.7076203e-05
3.8953634e-05
1.6855985e-05
0.00013734931
0.00013617605
0.00013377733
0.00013048686
0.00012654002
0.00012203543
0.00011691257
0.00011097388
0.00010392451
9.5407595e-05
8.5028086e-05
7.2373213e-05
5.7064356e-05
3.8950353e-05
1.6855304e-05
0.00013720497
0.00013603175
0.00013363381
0.00013034596
0.00012640457
0.00012190892
0.00011679862
0.00011087574
0.00010384458
9.534712e-05
8.4986758e-05
7.2348982e-05
5.7053378e-05
3.8947394e-05
1.6854643e-05
0.00013706246
0.00013588934
0.00013349235
0.00013020735
0.00012627171
0.00012178527
0.00011668772
0.00011078068
0.0001037676
9.5289243e-05
8.4947517e-05
7.2326218e-05
5.7043232e-05
3.8944742e-05
1.6854002e-05
0.00013692183
0.00013574889
0.00013335302
0.00013007111
0.00012614149
0.00012166451
0.00011657987
0.00011068869
0.00010369352
9.523391e-05
8.4910305e-05
7.2304872e-05
5.7033885e-05
3.894238e-05
1.6853381e-05
0.00013678317
0.00013561049
0.00013321588
0.00012993728
0.00012601393
0.00012154666
0.00011647507
0.00011059974
0.0001036223
9.5181065e-05
8.4875067e-05
7.2284893e-05
5.7025303e-05
3.8940293e-05
1.6852779e-05
0.00013664654
0.00013547419
0.00013308099
0.00012980591
0.00012588907
0.00012143171
0.00011637329
0.00011051379
0.00010355387
9.5130651e-05
8.4841744e-05
7.2266235e-05
5.7017453e-05
3.8938467e-05
1.6852196e-05
0.00013651201
0.00013534005
0.00013294841
0.00012967705
0.00012576694
0.00012131967
0.00011627453
0.00011043081
0.0001034882
9.5082613e-05
8.4810284e-05
7.2248851e-05
5.7010303e-05
3.8936888e-05
1.6851632e-05
0.00013637964
0.00013520814
0.00013281818
0.00012955073
0.00012564755
0.00012121056
0.00011617876
0.00011035076
0.00010342524
9.5036896e-05
8.4780631e-05
7.2232697e-05
5.7003826e-05
3.8935543e-05
1.6851087e-05
0.00013624949
0.00013507851
0.00013269037
0.00012942699
0.00012553094
0.00012110438
0.00011608598
0.00011027362
0.00010336494
9.4993448e-05
8.4752737e-05
7.2217731e-05
5.6997992e-05
3.8934421e-05
1.6850559e-05
0.00013612162
0.00013495122
0.00013256501
0.00012930588
0.00012541713
0.00012100112
0.00011599616
0.00011019934
0.00010330726
9.4952219e-05
8.4726552e-05
7.2203914e-05
5.6992777e-05
3.8933511e-05
1.6850049e-05
0.0001359961
0.00013482633
0.00013244216
0.00012918743
0.00012530614
0.00012090079
0.00011590929
0.0001101279
0.00010325215
9.491316e-05
8.4702031e-05
7.219121e-05
5.6988158e-05
3.8932805e-05
1.6849556e-05
0.00013587298
0.0001347039
0.00013232187
0.00012907167
0.00012519798
0.0001208034
0.00011582536
0.00011005926
0.00010319957
9.4876226e-05
8.4679131e-05
7.2179584e-05
5.6984112e-05
3.8932293e-05
1.6849081e-05
0.00013575233
0.00013458397
0.00013220419
0.00012895865
0.00012509269
0.00012070895
0.00011574435
0.0001099934
0.00010314948
9.4841373e-05
8.4657811e-05
7.2169004e-05
5.6980621e-05
3.8931968e-05
1.6848623e-05
0.00013563421
0.00013446662
0.00013208916
0.00012884841
0.00012499028
0.00012061744
0.00011566625
0.00010993029
0.00010310184
9.4808559e-05
8.4638032e-05
7.2159439e-05
5.6977665e-05
3.8931823e-05
1.6848182e-05
0.00013551867
0.00013435189
0.00013197684
0.00012874097
0.00012489077
0.00012052887
0.00011559104
0.00010986989
0.00010305662
9.4777741e-05
8.4619755e-05
7.215086e-05
5.6975228e-05
3.8931852e-05
1.6847758e-05
0.00013540578
0.00013423983
0.00013186726
0.00012863637
0.00012479418
0.00012044324
0.0001155187
0.00010981218
0.00010301378
9.4748878e-05
8.4602942e-05
7.2143238e-05
5.697329e-05
3.8932048e-05
1.684735e-05
0.00013529557
0.00013413049
0.00013176047
0.00012853463
0.00012470052
0.00012036056
0.00011544921
0.00010975712
0.00010297326
9.4721929e-05
8.4587557e-05
7.2136545e-05
5.6971837e-05
3.8932406e-05
1.6846959e-05
0.0001351881
0.00013402392
0.00013165651
0.00012843579
0.0001246098
0.00012028081
0.00011538256
0.00010970469
0.00010293504
9.4696851e-05
8.4573561e-05
7.2130751e-05
5.697085e-05
3.8932918e-05
1.6846585e-05
0.00013508341
0.00013392015
0.0001315554
0.00012833987
0.00012452204
0.00012020399
0.00011531872
0.00010965483
0.00010289907
9.4673599e-05
8.4560914e-05
7.2125827e-05
5.6970313e-05
3.893358e-05
1.6846227e-05
0.00013498154
0.00013381922
0.00013145716
0.00012824687
0.00012443722
0.00012013007
0.00011525766
0.00010960753
0.00010286531
9.4652128e-05
8.4549577e-05
7.2121744e-05
5.6970208e-05
3.8934384e-05
1.6845886e-05
0.0001348825
0.00013372115
0.00013136183
0.00012815681
0.00012435535
0.00012005905
0.00011519935
0.00010956272
0.0001028337
9.463239e-05
8.4539508e-05
7.211847e-05
5.6970515e-05
3.8935323e-05
1.6845561e-05
0.00013478634
0.00013362596
0.00013126941
0.00012806968
0.00012427641
0.00011999089
0.00011514374
0.00010952036
0.00010280419
9.4614335e-05
8.4530664e-05
7.2115973e-05
5.6971217e-05
3.8936389e-05
1.6845252e-05
0.00013469306
0.00013353367
0.00013117992
0.0001279855
0.0001242004
0.00011992557
0.00011509081
0.00010948042
0.00010277674
9.4597912e-05
8.4523e-05
7.211422e-05
5.6972292e-05
3.8937576e-05
1.6844959e-05
0.00013460267
0.00013344429
0.00013109335
0.00012790426
0.00012412728
0.00011986306
0.0001150405
0.00010944282
0.00010275128
9.4583067e-05
8.4516472e-05
7.2113177e-05
5.6973721e-05
3.8938874e-05
1.6844681e-05
0.00013451519
0.00013335781
0.0001310097
0.00012782593
0.00012405705
0.00011980332
0.00011499277
0.00010940752
0.00010272776
9.4569746e-05
8.4511032e-05
7.211281e-05
5.6975483e-05
3.8940277e-05
1.6844419e-05
0.00013443061
0.00013327424
0.00013092896
0.0001277505
0.00012398966
0.00011974631
0.00011494756
0.00010937446
0.00010270612
9.4557893e-05
8.4506634e-05
7.2113084e-05
5.6977557e-05
3.8941774e-05
1.6844171e-05
0.00013434892
0.00013319358
0.00013085113
0.00012767795
0.00012392509
0.00011969198
0.00011490483
0.00010934358
0.0001026863
9.4547453e-05
8.450323e-05
7.2113964e-05
5.6979924e-05
3.894336e-05
1.6843938e-05
0.00013427012
0.0001331158
0.00013077617
0.00012760826
0.0001238633
0.00011964029
0.00011486451
0.00010931482
0.00010266824
9.4538369e-05
8.4500775e-05
7.2115418e-05
5.6982561e-05
3.8945024e-05
1.6843719e-05
0.0001341942
0.00013304089
0.00013070409
0.0001275414
0.00012380426
0.00011959119
0.00011482656
0.00010928812
0.00010265187
9.4530587e-05
8.4499223e-05
7.2117411e-05
5.6985451e-05
3.8946761e-05
1.6843514e-05
0.00013412113
0.00013296884
0.00013063484
0.00012747734
0.00012374792
0.00011954463
0.00011479092
0.00010926342
0.00010263715
9.4524053e-05
8.449853e-05
7.2119912e-05
5.6988575e-05
3.8948562e-05
1.6843322e-05
0.00013405091
0.00013289963
0.00013056842
0.00012741604
0.00012369424
0.00011950057
0.00011475752
0.00010924066
0.000102624
9.4518714e-05
8.4498652e-05
7.2122891e-05
5.6991914e-05
3.8950421e-05
1.6843143e-05
0.0001339835
0.00013283323
0.00013050478
0.00012735748
0.00012364318
0.00011945895
0.00011472632
0.00010921978
0.00010261238
9.451452e-05
8.4499549e-05
7.2126318e-05
5.6995452e-05
3.8952332e-05
1.6842977e-05
0.00013391889
0.00013276961
0.0001304439
0.00012730161
0.0001235947
0.00011941972
0.00011469726
0.00010920073
0.00010260222
9.4511421e-05
8.4501182e-05
7.2130166e-05
5.6999174e-05
3.8954289e-05
1.6842822e-05
0.00013385704
0.00013270875
0.00013038574
0.00012724839
0.00012354875
0.00011938283
0.00011467028
0.00010918344
0.00010259348
9.450937e-05
8.4503512e-05
7.213441e-05
5.7003067e-05
3.8956288e-05
1.6842679e-05
0.00013379793
0.00013265061
0.00013033027
0.00012719779
0.00012350529
0.00011934824
0.00011464532
0.00010916787
0.00010258611
9.4508323e-05
8.4506506e-05
7.2139026e-05
5.7007116e-05
3.8958323e-05
1.6842547e-05
0.00013374151
0.00013259516
0.00013027745
0.00012714977
0.00012346427
0.00011931588
0.00011462235
0.00010915395
0.00010258004
9.4508235e-05
8.4510128e-05
7.214399e-05
5.7011311e-05
3.8960392e-05
1.6842427e-05
0.00013368775
0.00013254235
0.00013022725
0.00012710428
0.00012342564
0.00011928571
0.00011460129
0.00010914164
0.00010257524
9.4509064e-05
8.4514347e-05
7.2149281e-05
5.7015639e-05
3.8962491e-05
1.6842317e-05
0.00013363661
0.00013249215
0.00013017961
0.00012706127
0.00012338935
0.00011925767
0.00011458209
0.00010913089
0.00010257165
9.4510768e-05
8.451913e-05
7.2154878e-05
5.702009e-05
3.8964616e-05
1.6842217e-05
0.00013358803
0.0001324445
0.00013013448
0.00012702069
0.00012335535
0.00011923171
0.00011456471
0.00010912162
0.00010256923
9.4513308e-05
8.4524447e-05
7.2160762e-05
5.7024654e-05
3.8966764e-05
1.6842128e-05
0.00013354196
0.00013239935
0.00013009182
0.00012698249
0.00012332357
0.00011920776
0.00011454907
0.00010911381
0.00010256792
9.4516641e-05
8.4530267e-05
7.2166912e-05
5.7029321e-05
3.8968932e-05
1.6842048e-05
0.00013349834
0.00013235664
0.00013005156
0.0001269466
0.00012329397
0.00011918578
0.00011453513
0.00010910738
0.00010256768
9.4520728e-05
8.453656e-05
7.2173309e-05
5.703408e-05
3.8971117e-05
1.6841978e-05
0.00013345711
0.00013231632
0.00013001365
0.00012691298
0.00012326648
0.0001191657
0.00011452283
0.00010910228
0.00010256845
9.4525527e-05
8.4543293e-05
7.2179931e-05
5.7038921e-05
3.8973315e-05
1.6841917e-05
0.00013341821
0.00013227831
0.00012997801
0.00012688155
0.00012324104
0.00011914745
0.00011451209
0.00010909845
0.00010257019
9.4530995e-05
8.4550437e-05
7.2186758e-05
5.7043832e-05
3.8975522e-05
1.6841865e-05
0.00013338156
0.00013224255
0.00012994459
0.00012685224
0.00012321757
0.00011913096
0.00011450286
0.00010909584
0.00010257284
9.4537091e-05
8.4557958e-05
7.2193769e-05
5.7048803e-05
3.8977736e-05
1.6841822e-05
0.00013334709
0.00013220896
0.0001299133
0.00012682499
0.00012319601
0.00011911618
0.00011449507
0.00010909438
0.00010257636
9.4543771e-05
8.4565823e-05
7.2200942e-05
5.7053821e-05
3.897995e-05
1.6841787e-05
0.00013331472
0.00013217747
0.00012988408
0.00012679971
0.00012317628
0.00011910302
0.00011448866
0.00010909402
0.00010258068
9.4550991e-05
8.4574001e-05
7.2208255e-05
5.7058875e-05
3.8982161e-05
1.684176e-05
0.00013328439
0.000132148
0.00012985684
0.00012677634
0.00012315831
0.00011909142
0.00011448355
0.00010909469
0.00010258575
9.4558707e-05
8.4582457e-05
7.2215686e-05
5.7063952e-05
3.8984364e-05
1.684174e-05
0.00013325601
0.00013212048
0.00012983153
0.00012675481
0.00012314204
0.00011908131
0.00011447968
0.00010909633
0.00010259153
9.4566876e-05
8.4591159e-05
7.2223212e-05
5.7069039e-05
3.8986555e-05
1.6841727e-05
0.00013322951
0.00013209485
0.00012980805
0.00012673503
0.00012312737
0.00011907261
0.00011447698
0.00010909887
0.00010259795
9.4575455e-05
8.4600075e-05
7.2230811e-05
5.7074124e-05
3.8988728e-05
1.6841721e-05
0.00013320482
0.00013207101
0.00012978635
0.00012671694
0.00012311425
0.00011906526
0.00011447539
0.00010910227
0.00010260498
9.4584403e-05
8.4609173e-05
7.2238464e-05
5.7079195e-05
3.8990878e-05
1.6841722e-05
0.00013318189
0.00013204892
0.00012976635
0.00012670047
0.00012310261
0.00011905919
0.00011447485
0.00010910647
0.00010261255
9.459368e-05
8.4618425e-05
7.2246149e-05
5.7084242e-05
3.8993002e-05
1.6841728e-05
0.00013316065
0.00013202851
0.00012974799
0.00012668555
0.00012309238
0.00011905433
0.0001144753
0.0001091114
0.00010262062
9.4603251e-05
8.4627803e-05
7.2253851e-05
5.7089254e-05
3.8995096e-05
1.6841739e-05
0.00013314104
0.00013200973
0.00012973121
0.00012667213
0.0001230835
0.00011905064
0.00011447667
0.00010911703
0.00010262916
9.4613081e-05
8.4637283e-05
7.2261551e-05
5.7094223e-05
3.8997158e-05
1.6841755e-05
0.00013312303
0.00013199252
0.00012971597
0.00012666015
0.00012307592
0.00011904805
0.00011447893
0.0001091233
0.00010263812
9.462314e-05
8.4646843e-05
7.2269237e-05
5.7099143e-05
3.8999183e-05
1.6841776e-05
0.00013310657
0.00013197685
0.00012970221
0.00012664957
0.00012306959
0.00011904651
0.00011448202
0.00010913018
0.00010264746
9.4633402e-05
8.4656464e-05
7.2276898e-05
5.7104007e-05
3.9001171e-05
1.6841801e-05
0.00013309162
0.00013196267
0.0001296899
0.00012664033
0.00012306446
0.00011904599
0.00011448591
0.00010913762
0.00010265717
9.4643843e-05
8.4666131e-05
7.2284524e-05
5.7108811e-05
3.9003122e-05
1.6841829e-05
0.00013307816
0.00013194995
0.000129679
0.00012663241
0.0001230605
0.00011904645
0.00011449055
0.00010914561
0.00010266721
9.4654444e-05
8.4675832e-05
7.229211e-05
5.7113555e-05
3.9005034e-05
1.6841861e-05
0.00013306615
0.00013193867
0.00012966947
0.00012662577
0.00012305767
0.00011904784
0.00011449592
0.0001091541
0.00010267755
9.4665189e-05
8.4685556e-05
7.2299651e-05
5.7118237e-05
3.9006909e-05
1.6841897e-05
0.00013305559
0.00013192881
0.0001296613
0.00012662037
0.00012305593
0.00011905014
0.00011450198
0.00010916307
0.00010268819
9.4676065e-05
8.4695296e-05
7.2307144e-05
5.7122857e-05
3.9008749e-05
1.6841936e-05
0.00013304644
0.00013192033
0.00012965446
0.0001266162
0.00012305527
0.00011905332
0.00011450871
0.00010917251
0.0001026991
9.468706e-05
8.4705047e-05
7.2314588e-05
5.7127417e-05
3.9010554e-05
1.6841978e-05
0.00013303869
0.00013191322
0.00012964893
0.00012661323
0.00012305565
0.00011905735
0.0001145161
0.00010918239
0.00010271027
9.4698166e-05
8.4714804e-05
7.2321983e-05
5.7131919e-05
3.9012326e-05
1.6842023e-05
0.00013303232
0.00013190746
0.00012964467
0.00012661143
0.00012305705
0.00011906222
0.0001145241
0.00010919269
0.00010272168
9.4709373e-05
8.4724564e-05
7.2329329e-05
5.7136366e-05
3.9014068e-05
1.6842072e-05
0.00013302729
0.00013190301
0.00012964167
0.00012661077
0.00012305944
0.00011906788
0.00011453271
0.0001092034
0.00010273333
9.4720673e-05
8.4734322e-05
7.2336627e-05
5.7140759e-05
3.9015782e-05
1.6842123e-05
0.00013302359
0.00013189986
0.00012963989
0.00012661123
0.00012306279
0.00011907433
0.00011454189
0.00010921449
0.00010274519
9.4732056e-05
8.4744075e-05
7.2343876e-05
5.7145101e-05
3.901747e-05
1.6842178e-05
0.00013302117
0.00013189797
0.00012963931
0.00012661278
0.00012306707
0.00011908152
0.00011455163
0.00010922594
0.00010275725
9.4743512e-05
8.4753817e-05
7.2351074e-05
5.714939e-05
3.9019125e-05
1.6842235e-05
0.00013301999
0.00013189729
0.00012963988
0.00012661536
0.00012307225
0.00011908942
0.00011456189
0.00010923774
0.00010276949
9.4755028e-05
8.4763539e-05
7.2358216e-05
5.7153624e-05
3.9020742e-05
1.6842296e-05
0.00013302002
0.00013189778
0.00012964156
0.00012661896
0.00012307828
0.00011909801
0.00011457264
0.00010924985
0.00010278189
9.4766588e-05
8.4773233e-05
7.2365299e-05
5.7157803e-05
3.9022324e-05
1.6842359e-05
0.00013302118
0.0001318994
0.0001296443
0.00012662351
0.00012308513
0.00011910723
0.00011458384
0.00010926224
0.00010279443
9.4778176e-05
8.4782886e-05
7.2372313e-05
5.7161915e-05
3.9023875e-05
1.6842426e-05
0.00013302343
0.00013190208
0.00012964804
0.00012662896
0.00012309274
0.00011911706
0.00011459547
0.00010927489
0.00010280708
9.4789772e-05
8.4792484e-05
7.2379249e-05
5.7165953e-05
3.9025393e-05
1.6842495e-05
0.00013302671
0.00013190576
0.00012965274
0.00012663527
0.00012310107
0.00011912743
0.00011460747
0.00010928775
0.00010281981
9.4801355e-05
8.4802012e-05
7.2386097e-05
5.7169916e-05
3.9026877e-05
1.6842566e-05
0.00013303093
0.00013191037
0.00012965831
0.00012664236
0.00012311005
0.00011913829
0.00011461981
0.00010930079
0.0001028326
9.4812901e-05
8.4811453e-05
7.2392843e-05
5.7173801e-05
3.9028323e-05
1.6842639e-05
0.00013303604
0.00013191585
0.0001296647
0.00012665018
0.00012311963
0.00011914961
0.00011463244
0.00010931398
0.00010284542
9.4824385e-05
8.4820786e-05
7.2399469e-05
5.7177604e-05
3.9029732e-05
1.6842714e-05
0.00013304195
0.00013192213
0.00012967184
0.00012665866
0.00012312975
0.00011916132
0.0001146453
0.00010932726
0.00010285822
9.4835781e-05
8.4829993e-05
7.2405965e-05
5.7181316e-05
3.9031101e-05
1.684279e-05
0.0001330486
0.00013192912
0.00012967966
0.00012666774
0.00012314035
0.00011917337
0.00011465837
0.00010934061
0.00010287097
9.4847065e-05
8.4839055e-05
7.2412323e-05
5.7184933e-05
3.9032427e-05
1.6842867e-05
0.00013305591
0.00013193677
0.00012968808
0.00012667735
0.00012315137
0.0001191857
0.00011467158
0.00010935399
0.00010288366
9.4858209e-05
8.4847945e-05
7.2418536e-05
5.7188447e-05
3.9033709e-05
1.6842946e-05
0.00013306381
0.00013194499
0.00012969705
0.00012668744
0.00012316275
0.00011919828
0.00011468489
0.00010936735
0.00010289624
9.4869192e-05
8.4856652e-05
7.2424592e-05
5.7191855e-05
3.9034945e-05
1.6843025e-05
0.00013307224
0.00013195374
0.0001297065
0.00012669793
0.00012317444
0.00011921103
0.00011469827
0.00010938066
0.00010290868
9.4879991e-05
8.4865165e-05
7.2430484e-05
5.7195151e-05
3.9036134e-05
1.6843104e-05
0.00013308113
0.00013196294
0.00012971637
0.00012670877
0.00012318639
0.00011922393
0.00011471167
0.00010939389
0.00010292097
9.4890584e-05
8.4873474e-05
7.2436205e-05
5.7198334e-05
3.9037274e-05
1.6843184e-05
0.00013309044
0.00013197254
0.00012972662
0.00012671992
0.00012319855
0.00011923694
0.00011472507
0.00010940702
0.00010293308
9.4900958e-05
8.4881573e-05
7.2441751e-05
5.7201399e-05
3.9038366e-05
1.6843263e-05
0.00013310012
0.00013198251
0.00012973718
0.00012673134
0.00012321088
0.00011925
0.00011473842
0.00010942001
0.000102945
9.4911104e-05
8.4889457e-05
7.244712e-05
5.7204349e-05
3.9039408e-05
1.6843341e-05
0.00013311013
0.00013199278
0.00012974803
0.00012674297
0.00012322335
0.00011926311
0.00011475171
0.00010943286
0.0001029567
9.492102e-05
8.4897122e-05
7.2452309e-05
5.7207181e-05
3.9040402e-05
1.6843419e-05
0.00013312042
0.00013200334
0.00012975912
0.00012675479
0.00012323593
0.00011927622
0.00011476491
0.00010944554
0.00010296818
9.4930703e-05
8.4904567e-05
7.2457321e-05
5.7209898e-05
3.9041348e-05
1.6843496e-05
0.00013313098
0.00013201415
0.00012977043
0.00012676677
0.00012324858
0.00011928932
0.00011477801
0.00010945804
0.00010297943
9.4940151e-05
8.4911793e-05
7.2462158e-05
5.7212503e-05
3.9042248e-05
1.6843572e-05
0.00013314178
0.00013202519
0.00012978194
0.00012677889
0.0001232613
0.0001193024
0.000114791
0.00010947035
0.00010299046
9.4949365e-05
8.4918804e-05
7.2466823e-05
5.7214999e-05
3.9043103e-05
1.6843646e-05
0.00013315281
0.00013203643
0.00012979362
0.00012679114
0.00012327406
0.00011931543
0.00011480386
0.00010948247
0.00010300127
9.4958348e-05
8.4925603e-05
7.2471322e-05
5.721739e-05
3.9043916e-05
1.684372e-05
0.00013316405
0.00013204788
0.00012980547
0.00012680348
0.00012328686
0.00011932841
0.00011481659
0.00010949441
0.00010301186
9.4967104e-05
8.4932196e-05
7.247566e-05
5.721968e-05
3.9044688e-05
1.6843793e-05
0.00013317549
0.0001320595
0.00012981746
0.00012681593
0.00012329967
0.00011934134
0.00011482919
0.00010950616
0.00010302224
9.4975637e-05
8.4938588e-05
7.2479843e-05
5.7221873e-05
3.9045422e-05
1.6843864e-05
0.00013318712
0.0001320713
0.00012982959
0.00012682845
0.0001233125
0.00011935419
0.00011484165
0.00010951773
0.00010303239
9.4983952e-05
8.4944787e-05
7.2483877e-05
5.7223975e-05
3.9046121e-05
1.6843935e-05
0.00013319893
0.00013208327
0.00012984185
0.00012684105
0.00012332533
0.00011936698
0.00011485399
0.00010952912
0.00010304234
9.4992056e-05
8.4950798e-05
7.2487768e-05
5.722599e-05
3.9046785e-05
1.6844004e-05
0.00013321091
0.00013209539
0.00012985424
0.00012685372
0.00012333816
0.0001193797
0.00011486619
0.00010954032
0.00010305208
9.4999953e-05
8.4956627e-05
7.2491521e-05
5.7227923e-05
3.9047419e-05
1.6844073e-05
0.00013322306
0.00013210765
0.00012986673
0.00012686644
0.00012335099
0.00011939235
0.00011487825
0.00010955134
0.00010306161
9.5007646e-05
8.4962279e-05
7.2495141e-05
5.7229775e-05
3.9048022e-05
1.6844141e-05
0.00013323535
0.00013212005
0.00012987932
0.00012687922
0.0001233638
0.00011940491
0.00011489017
0.00010956218
0.00010307095
9.501514e-05
8.4967758e-05
7.2498633e-05
5.7231552e-05
3.9048597e-05
1.6844207e-05
0.00013324779
0.00013213257
0.000129892
0.00012689203
0.00012337659
0.00011941739
0.00011490195
0.00010957283
0.00010308007
9.5022437e-05
8.4973067e-05
7.2502e-05
5.7233255e-05
3.9049145e-05
1.6844274e-05
0.00013326034
0.0001321452
0.00012990475
0.00012690487
0.00012338935
0.00011942977
0.00011491358
0.0001095833
0.000103089
9.5029537e-05
8.497821e-05
7.2505244e-05
5.7234887e-05
3.9049668e-05
1.6844339e-05
0.000133273
0.00013215791
0.00012991756
0.00012691772
0.00012340206
0.00011944206
0.00011492506
0.00010959357
0.00010309772
9.5036443e-05
8.4983186e-05
7.2508367e-05
5.7236449e-05
3.9050164e-05
1.6844403e-05
0.00013328574
0.0001321707
0.00012993042
0.00012693057
0.00012341472
0.00011945422
0.00011493637
0.00010960365
0.00010310623
9.5043152e-05
8.4987997e-05
7.251137e-05
5.7237941e-05
3.9050636e-05
1.6844467e-05
0.00013329855
0.00013218354
0.00012994329
0.0001269434
0.0001234273
0.00011946626
0.00011494751
0.00010961353
0.00010311454
9.5049664e-05
8.4992644e-05
7.2514255e-05
5.7239366e-05
3.9051083e-05
1.684453e-05
0.00013331139
0.0001321964
0.00012995617
0.00012695619
0.0001234398
0.00011947817
0.00011495847
0.00010962321
0.00010312263
9.5055977e-05
8.4997125e-05
7.2517021e-05
5.7240723e-05
3.9051506e-05
1.6844592e-05
0.00013332425
0.00013220927
0.00012996903
0.00012696893
0.00012345219
0.00011948992
0.00011496925
0.00010963266
0.0001031305
9.506209e-05
8.5001441e-05
7.2519668e-05
5.7242012e-05
3.9051905e-05
1.6844653e-05
0.0001333371
0.00013222212
0.00012998185
0.00012698158
0.00012346447
0.00011950151
0.00011497982
0.0001096419
0.00010313815
9.5067999e-05
8.500559e-05
7.2522197e-05
5.7243233e-05
3.9052279e-05
1.6844714e-05
0.00013334991
0.00013223493
0.0001299946
0.00012699415
0.0001234766
0.00011951292
0.00011499018
0.00010965091
0.00010314558
9.5073705e-05
8.5009572e-05
7.2524608e-05
5.7244388e-05
3.9052628e-05
1.6844773e-05
0.00013336266
0.00013224767
0.00013000727
0.00012700659
0.00012348859
0.00011952414
0.00011500032
0.00010965969
0.00010315277
9.5079204e-05
8.5013386e-05
7.25269e-05
5.7245475e-05
3.9052954e-05
1.6844831e-05
0.00013337533
0.00013226032
0.00013001983
0.0001270189
0.0001235004
0.00011953516
0.00011501023
0.00010966823
0.00010315974
9.5084496e-05
8.5017034e-05
7.2529074e-05
5.7246495e-05
3.9053255e-05
1.6844888e-05
0.00013338788
0.00013227285
0.00013003226
0.00012703106
0.00012351203
0.00011954596
0.00011501991
0.00010967653
0.00010316647
9.508958e-05
8.5020514e-05
7.2531132e-05
5.724745e-05
3.9053532e-05
1.6844943e-05
0.00013340031
0.00013228524
0.00013004453
0.00012704304
0.00012352345
0.00011955653
0.00011502934
0.00010968457
0.00010317296
9.5094455e-05
8.5023827e-05
7.2533073e-05
5.7248339e-05
3.9053786e-05
1.6844997e-05
0.00013341257
0.00013229748
0.00013005664
0.00012705483
0.00012353467
0.00011956687
0.00011503853
0.00010969237
0.00010317922
9.5099123e-05
8.5026976e-05
7.2534899e-05
5.7249164e-05
3.9054016e-05
1.684505e-05
0.00013342467
0.00013230954
0.00013006856
0.00012706642
0.00012354566
0.00011957697
0.00011504745
0.00010969991
0.00010318523
9.5103583e-05
8.5029961e-05
7.2536613e-05
5.7249926e-05
3.9054224e-05
1.6845102e-05
0.00013343656
0.0001323214
0.00013008028
0.00012707779
0.00012355641
0.00011958681
0.00011505612
0.00010970719
0.00010319101
9.5107839e-05
8.5032785e-05
7.2538215e-05
5.7250626e-05
3.9054409e-05
1.6845151e-05
0.00013344825
0.00013233306
0.00013009178
0.00012708892
0.00012356691
0.00011959639
0.00011506452
0.00010971421
0.00010319655
9.511189e-05
8.503545e-05
7.2539709e-05
5.7251266e-05
3.9054573e-05
1.68452e-05
0.00013345972
0.00013234448
0.00013010305
0.00012709982
0.00012357716
0.00011960571
0.00011507265
0.00010972098
0.00010320186
9.5115741e-05
8.503796e-05
7.2541097e-05
5.7251847e-05
3.9054716e-05
1.6845247e-05
0.00013347095
0.00013235567
0.00013011407
0.00012711046
0.00012358714
0.00011961475
0.00011508051
0.00010972748
0.00010320693
9.5119394e-05
8.5040316e-05
7.2542381e-05
5.7252372e-05
3.9054839e-05
1.6845292e-05
0.00013348193
0.00013236661
0.00013012484
0.00012712084
0.00012359686
0.00011962352
0.0001150881
0.00010973373
0.00010321177
9.5122852e-05
8.5042522e-05
7.2543564e-05
5.7252842e-05
3.9054943e-05
1.6845336e-05
0.00013349265
0.00013237729
0.00013013534
0.00012713095
0.0001236063
0.00011963201
0.00011509542
0.00010973973
0.00010321638
9.5126119e-05
8.5044583e-05
7.2544649e-05
5.7253258e-05
3.9055028e-05
1.6845378e-05
0.00013350312
0.00013238771
0.00013014559
0.00012714079
0.00012361547
0.00011964023
0.00011510246
0.00010974546
0.00010322076
9.5129198e-05
8.5046501e-05
7.2545639e-05
5.7253624e-05
3.9055095e-05
1.6845419e-05
0.00013351332
0.00013239787
0.00013015556
0.00012715036
0.00012362435
0.00011964817
0.00011510924
0.00010975095
0.00010322492
9.5132093e-05
8.504828e-05
7.2546537e-05
5.7253939e-05
3.9055145e-05
1.6845458e-05
0.00013352326
0.00013240776
0.00013016526
0.00012715965
0.00012363296
0.00011965583
0.00011511575
0.00010975619
0.00010322887
9.5134809e-05
8.5049924e-05
7.2547345e-05
5.7254207e-05
3.9055178e-05
1.6845495e-05
0.00013353293
0.00013241738
0.00013017469
0.00012716866
0.00012364129
0.00011966321
0.00011512199
0.00010976119
0.0001032326
9.5137349e-05
8.5051437e-05
7.2548067e-05
5.7254429e-05
3.9055195e-05
1.6845531e-05
0.00013354233
0.00013242673
0.00013018385
0.0001271774
0.00012364934
0.00011967032
0.00011512798
0.00010976594
0.00010323612
9.513972e-05
8.5052823e-05
7.2548707e-05
5.7254608e-05
3.9055197e-05
1.6845566e-05
0.00013355148
0.00013243582
0.00013019274
0.00012718587
0.00012365712
0.00011967717
0.0001151337
0.00010977046
0.00010323944
9.5141926e-05
8.5054086e-05
7.2549266e-05
5.7254744e-05
3.9055185e-05
1.6845598e-05
0.00013356038
0.00013244466
0.00013020137
0.00012719407
0.00012366463
0.00011968375
0.00011513918
0.00010977476
0.00010324256
9.5143972e-05
8.5055232e-05
7.2549749e-05
5.725484e-05
3.9055159e-05
1.684563e-05
0.00013356903
0.00013245324
0.00013020974
0.00012720201
0.00012367187
0.00011969007
0.00011514441
0.00010977883
0.00010324549
9.5145864e-05
8.5056265e-05
7.2550159e-05
5.7254898e-05
3.9055121e-05
1.684566e-05
0.00013357744
0.00013246158
0.00013021786
0.00012720969
0.00012367887
0.00011969614
0.00011514941
0.00010978269
0.00010324823
9.5147609e-05
8.505719e-05
7.25505e-05
5.725492e-05
3.905507e-05
1.6845689e-05
0.00013358562
0.00013246969
0.00013022574
0.00012721713
0.00012368561
0.00011970197
0.00011515418
0.00010978633
0.0001032508
9.5149212e-05
8.5058011e-05
7.2550775e-05
5.7254909e-05
3.9055008e-05
1.6845716e-05
0.00013359358
0.00013247756
0.00013023339
0.00012722433
0.00012369211
0.00011970756
0.00011515872
0.00010978978
0.0001032532
9.5150679e-05
8.5058736e-05
7.2550989e-05
5.7254867e-05
3.9054936e-05
1.6845742e-05
0.00013360132
0.00013248522
0.00013024081
0.00012723129
0.00012369838
0.00011971292
0.00011516305
0.00010979304
0.00010325543
9.5152019e-05
8.5059367e-05
7.2551145e-05
5.7254796e-05
3.9054855e-05
1.6845766e-05
0.00013360885
0.00013249266
0.00013024801
0.00012723803
0.00012370442
0.00011971807
0.00011516717
0.00010979611
0.00010325751
9.5153236e-05
8.5059912e-05
7.2551247e-05
5.7254698e-05
3.9054766e-05
1.6845789e-05
0.00013361618
0.0001324999
0.00013025499
0.00012724455
0.00012371025
0.000119723
0.0001151711
0.00010979901
0.00010325944
9.5154337e-05
8.5060375e-05
7.25513e-05
5.7254576e-05
3.9054669e-05
1.6845812e-05
0.00013362331
0.00013250693
0.00013026177
0.00012725086
0.00012371586
0.00011972773
0.00011517484
0.00010980174
0.00010326123
9.5155329e-05
8.5060761e-05
7.2551306e-05
5.7254432e-05
3.9054565e-05
1.6845833e-05
0.00013363025
0.00013251376
0.00013026834
0.00012725696
0.00012372127
0.00011973226
0.00011517839
0.0001098043
0.00010326289
9.5156217e-05
8.5061076e-05
7.2551269e-05
5.7254269e-05
3.9054457e-05
1.6845852e-05
0.00013363698
0.00013252039
0.00013027471
0.00012726286
0.00012372647
0.0001197366
0.00011518176
0.00010980671
0.00010326442
9.5157007e-05
8.5061323e-05
7.2551192e-05
5.7254088e-05
3.9054343e-05
1.6845871e-05
0.00013364353
0.00013252683
0.00013028088
0.00012726856
0.00012373148
0.00011974074
0.00011518496
0.00010980897
0.00010326582
9.5157704e-05
8.5061506e-05
7.2551079e-05
5.7253891e-05
3.9054226e-05
1.6845889e-05
0.00013364987
0.00013253306
0.00013028684
0.00012727405
0.00012373629
0.00011974471
0.000115188
0.00010981109
0.0001032671
9.515831e-05
8.5061628e-05
7.2550932e-05
5.7253679e-05
3.9054105e-05
1.6845906e-05
0.000133656
0.00013253909
0.00013029261
0.00012727935
0.0001237409
0.00011974848
0.00011519086
0.00010981306
0.00010326827
9.5158831e-05
8.5061694e-05
7.2550752e-05
5.7253454e-05
3.9053981e-05
1.6845923e-05
0.00013366193
0.00013254492
0.00013029816
0.00012728444
0.00012374532
0.00011975208
0.00011519357
0.00010981489
0.00010326933
9.5159269e-05
8.5061704e-05
7.2550541e-05
5.7253216e-05
3.9053855e-05
1.6845938e-05
0.00013366764
0.00013255052
0.00013030351
0.00012728932
0.00012374955
0.0001197555
0.00011519611
0.00010981659
0.00010327028
9.5159626e-05
8.5061661e-05
7.2550301e-05
5.7252966e-05
3.9053726e-05
1.6845953e-05
0.00013367312
0.00013255591
0.00013030864
0.000127294
0.00012375357
0.00011975873
0.00011519849
0.00010981814
0.00010327112
9.5159903e-05
8.5061565e-05
7.2550032e-05
5.7252705e-05
3.9053595e-05
1.6845966e-05
0.00013367837
0.00013256106
0.00013031354
0.00012729846
0.0001237574
0.00011976178
0.00011520071
0.00010981957
0.00010327185
9.5160102e-05
8.5061418e-05
7.2549735e-05
5.7252432e-05
3.9053462e-05
1.6845979e-05
0.00013368338
0.00013256599
0.00013031822
0.0001273027
0.00012376102
0.00011976465
0.00011520277
0.00010982086
0.00010327248
9.5160223e-05
8.506122e-05
7.254941e-05
5.7252148e-05
3.9053326e-05
1.6845991e-05
0.00013368815
0.00013257067
0.00013032267
0.00012730672
0.00012376443
0.00011976733
0.00011520467
0.00010982201
0.000103273
9.5160266e-05
8.5060971e-05
7.2549056e-05
5.7251852e-05
3.9053187e-05
1.6846003e-05
0.00013369267
0.00013257511
0.00013032687
0.00012731052
0.00012376764
0.00011976982
0.00011520641
0.00010982303
0.00010327341
9.5160233e-05
8.5060672e-05
7.2548674e-05
5.7251543e-05
3.9053045e-05
1.6846013e-05
0.00013369694
0.0001325793
0.00013033084
0.00012731409
0.00012377064
0.00011977212
0.00011520798
0.00010982392
0.00010327372
9.5160124e-05
8.5060322e-05
7.2548263e-05
5.7251222e-05
3.9052899e-05
1.6846023e-05
0.00013370096
0.00013258324
0.00013033457
0.00012731743
0.00012377342
0.00011977424
0.00011520939
0.00010982467
0.00010327393
9.5159939e-05
8.5059923e-05
7.2547824e-05
5.7250889e-05
3.905275e-05
1.6846032e-05
0.00013370473
0.00013258693
0.00013033806
0.00012732054
0.000123776
0.00011977617
0.00011521064
0.00010982529
0.00010327403
9.515968e-05
8.5059475e-05
7.2547358e-05
5.7250543e-05
3.9052598e-05
1.684604e-05
0.00013370825
0.00013259039
0.00013034131
0.00012732343
0.00012377837
0.00011977791
0.00011521174
0.00010982579
0.00010327404
9.5159349e-05
8.505898e-05
7.2546864e-05
5.7250185e-05
3.9052441e-05
1.6846047e-05
0.00013371153
0.0001325936
0.00013034434
0.0001273261
0.00012378054
0.00011977948
0.00011521268
0.00010982615
0.00010327395
9.5158949e-05
8.5058438e-05
7.2546344e-05
5.7249814e-05
3.9052281e-05
1.6846053e-05
0.00013371458
0.00013259659
0.00013034714
0.00012732857
0.00012378251
0.00011978087
0.00011521347
0.0001098264
0.00010327376
9.5158481e-05
8.5057854e-05
7.2545799e-05
5.7249432e-05
3.9052117e-05
1.6846058e-05
0.00013371742
0.00013259937
0.00013034973
0.00012733082
0.0001237843
0.0001197821
0.00011521412
0.00010982653
0.00010327349
9.5157952e-05
8.5057229e-05
7.2545232e-05
5.724904e-05
3.905195e-05
1.6846062e-05
0.00013372005
0.00013260193
0.00013035212
0.00012733289
0.00012378591
0.00011978317
0.00011521464
0.00010982656
0.00010327313
9.5157364e-05
8.5056567e-05
7.2544644e-05
5.7248639e-05
3.905178e-05
1.6846065e-05
0.00013372249
0.00013260431
0.00013035431
0.00012733477
0.00012378736
0.00011978409
0.00011521503
0.00010982648
0.0001032727
9.5156724e-05
8.5055873e-05
7.2544039e-05
5.724823e-05
3.9051608e-05
1.6846068e-05
0.00013372476
0.00013260651
0.00013035634
0.00012733649
0.00012378864
0.00011978488
0.00011521531
0.00010982632
0.0001032722
9.5156037e-05
8.505515e-05
7.2543419e-05
5.7247816e-05
3.9051435e-05
1.6846069e-05
0.00013372687
0.00013260855
0.0001303582
0.00012733805
0.00012378979
0.00011978554
0.00011521548
0.00010982607
0.00010327164
9.515531e-05
8.5054404e-05
7.2542789e-05
5.7247399e-05
3.9051261e-05
1.684607e-05
0.00013372883
0.00013261044
0.00013035992
0.00012733948
0.0001237908
0.00011978608
0.00011521556
0.00010982574
0.00010327103
9.5154549e-05
8.5053639e-05
7.2542151e-05
5.724698e-05
3.9051087e-05
1.6846071e-05
0.00013373066
0.0001326122
0.00013036151
0.00012734077
0.0001237917
0.00011978652
0.00011521555
0.00010982535
0.00010327037
9.515376e-05
8.5052861e-05
7.2541509e-05
5.7246561e-05
3.9050914e-05
1.684607e-05
0.00013373238
0.00013261384
0.00013036297
0.00012734195
0.00012379249
0.00011978687
0.00011521547
0.00010982491
0.00010326968
9.5152949e-05
8.5052073e-05
7.2540866e-05
5.7246146e-05
3.9050744e-05
1.6846069e-05
0.00013373398
0.00013261537
0.00013036433
0.00012734302
0.00012379318
0.00011978714
0.00011521532
0.00010982441
0.00010326895
9.5152123e-05
8.5051282e-05
7.2540226e-05
5.7245735e-05
3.9050576e-05
1.6846068e-05
0.00013373549
0.0001326168
0.00013036558
0.000127344
0.00012379379
0.00011978733
0.00011521511
0.00010982388
0.0001032682
9.5151287e-05
8.5050491e-05
7.2539592e-05
5.7245331e-05
3.9050413e-05
1.6846066e-05
0.0001337369
0.00013261814
0.00013036675
0.00012734489
0.00012379432
0.00011978746
0.00011521486
0.00010982331
0.00010326743
9.5150445e-05
8.5049703e-05
7.2538967e-05
5.7244936e-05
3.9050254e-05
1.6846064e-05
0.00013373822
0.00013261938
0.00013036782
0.00012734569
0.00012379477
0.00011978752
0.00011521455
0.00010982271
0.00010326665
9.5149601e-05
8.5048922e-05
7.2538352e-05
5.724455e-05
3.90501e-05
1.6846062e-05
0.00013373944
0.00013262053
0.00013036881
0.00012734642
0.00012379516
0.00011978753
0.00011521421
0.00010982209
0.00010326585
9.5148758e-05
8.5048149e-05
7.2537748e-05
5.7244174e-05
3.9049951e-05
1.6846059e-05
0.00013374058
0.00013262159
0.00013036971
0.00012734706
0.00012379548
0.00011978749
0.00011521383
0.00010982145
0.00010326505
9.5147917e-05
8.5047386e-05
7.2537157e-05
5.724381e-05
3.9049808e-05
1.6846057e-05
0.00013374161
0.00013262256
0.00013037052
0.00012734763
0.00012379572
0.00011978739
0.00011521342
0.00010982078
0.00010326424
9.5147078e-05
8.5046633e-05
7.2536579e-05
5.7243456e-05
3.9049671e-05
1.6846054e-05
0.00013374254
0.00013262342
0.00013037124
0.00012734811
0.0001237959
0.00011978724
0.00011521296
0.00010982009
0.00010326342
9.5146243e-05
8.5045889e-05
7.2536012e-05
5.7243113e-05
3.9049539e-05
1.6846051e-05
0.00013374335
0.00013262418
0.00013037185
0.00012734851
0.00012379601
0.00011978703
0.00011521246
0.00010981938
0.00010326259
9.5145408e-05
8.5045153e-05
7.2535457e-05
5.7242779e-05
3.9049413e-05
1.6846048e-05
0.00013374405
0.00013262483
0.00013037237
0.00012734881
0.00012379604
0.00011978677
0.00011521193
0.00010981864
0.00010326175
9.5144573e-05
8.5044424e-05
7.253491e-05
5.7242454e-05
3.904929e-05
1.6846046e-05
0.00013374462
0.00013262535
0.00013037277
0.00012734901
0.00012379598
0.00011978643
0.00011521134
0.00010981788
0.0001032609
9.5143734e-05
8.5043698e-05
7.2534372e-05
5.7242135e-05
3.9049172e-05
1.6846043e-05
0.00013374506
0.00013262575
0.00013037306
0.00012734911
0.00012379584
0.00011978603
0.00011521071
0.00010981708
0.00010326003
9.5142889e-05
8.5042974e-05
7.2533838e-05
5.7241822e-05
3.9049056e-05
1.684604e-05
0.00013374537
0.00013262602
0.00013037323
0.00012734911
0.00012379561
0.00011978556
0.00011521002
0.00010981624
0.00010325913
9.5142035e-05
8.5042248e-05
7.2533306e-05
5.7241512e-05
3.9048943e-05
1.6846036e-05
0.00013374554
0.00013262616
0.00013037328
0.000127349
0.00012379529
0.00011978501
0.00011520928
0.00010981537
0.00010325821
9.5141168e-05
8.5041518e-05
7.2532776e-05
5.7241204e-05
3.904883e-05
1.6846033e-05
0.00013374558
0.00013262617
0.0001303732
0.00012734877
0.00012379487
0.00011978438
0.00011520847
0.00010981445
0.00010325727
9.5140288e-05
8.5040782e-05
7.2532243e-05
5.7240896e-05
3.9048716e-05
1.6846029e-05
0.00013374549
0.00013262605
0.000130373
0.00012734844
0.00012379436
0.00011978368
0.00011520761
0.0001098135
0.0001032563
9.5139391e-05
8.5040039e-05
7.2531707e-05
5.7240587e-05
3.9048602e-05
1.6846025e-05
0.00013374527
0.00013262581
0.00013037269
0.000127348
0.00012379375
0.00011978291
0.0001152067
0.0001098125
0.0001032553
9.5138479e-05
8.5039286e-05
7.2531167e-05
5.7240274e-05
3.9048485e-05
1.6846021e-05
0.00013374494
0.00013262546
0.00013037227
0.00012734746
0.00012379306
0.00011978206
0.00011520573
0.00010981146
0.00010325428
9.5137551e-05
8.5038526e-05
7.2530623e-05
5.7239958e-05
3.9048366e-05
1.6846016e-05
0.00013374451
0.00013262501
0.00013037175
0.00012734684
0.0001237923
0.00011978115
0.0001152047
0.00010981039
0.00010325323
9.513661e-05
8.5037758e-05
7.2530073e-05
5.7239639e-05
3.9048244e-05
1.6846011e-05
0.00013374399
0.00013262447
0.00013037115
0.00012734613
0.00012379146
0.00011978019
0.00011520364
0.00010980929
0.00010325217
9.5135658e-05
8.5036985e-05
7.2529521e-05
5.7239318e-05
3.9048121e-05
1.6846005e-05
0.0001337434
0.00013262386
0.00013037048
0.00012734536
0.00012379056
0.00011977917
0.00011520254
0.00010980816
0.00010325109
9.51347e-05
8.503621e-05
7.2528968e-05
5.7238996e-05
3.9047997e-05
1.6845999e-05
0.00013374276
0.00013262319
0.00013036975
0.00012734453
0.00012378962
0.00011977812
0.00011520141
0.00010980702
0.00010325
9.5133741e-05
8.5035436e-05
7.2528417e-05
5.7238675e-05
3.9047872e-05
1.6845992e-05
0.00013374208
0.00013262248
0.00013036897
0.00012734366
0.00012378864
0.00011977704
0.00011520027
0.00010980587
0.00010324892
9.5132786e-05
8.5034669e-05
7.2527871e-05
5.7238358e-05
3.9047749e-05
1.6845985e-05
0.00013374138
0.00013262175
0.00013036817
0.00012734277
0.00012378764
0.00011977595
0.00011519912
0.00010980472
0.00010324784
9.5131842e-05
8.5033913e-05
7.2527336e-05
5.7238047e-05
3.9047629e-05
1.6845978e-05
0.00013374067
0.000132621
0.00013036736
0.00012734186
0.00012378664
0.00011977485
0.00011519797
0.00010980358
0.00010324677
9.5130915e-05
8.5033173e-05
7.2526816e-05
5.7237747e-05
3.9047513e-05
1.684597e-05
0.00013373996
0.00013262025
0.00013036654
0.00012734096
0.00012378563
0.00011977376
0.00011519684
0.00010980246
0.00010324573
9.5130011e-05
8.5032456e-05
7.2526314e-05
5.7237459e-05
3.9047403e-05
1.6845962e-05
0.00013373926
0.00013261951
0.00013036573
0.00012734006
0.00012378463
0.00011977269
0.00011519573
0.00010980137
0.00010324472
9.5129135e-05
8.5031765e-05
7.2525835e-05
5.7237187e-05
3.90473e-05
1.6845955e-05
0.00013373857
0.00013261878
0.00013036494
0.00012733917
0.00012378365
0.00011977163
0.00011519464
0.0001098003
0.00010324374
9.5128292e-05
8.5031105e-05
7.2525381e-05
5.7236933e-05
3.9047207e-05
1.6845948e-05
0.0001337379
0.00013261807
0.00013036415
0.0001273383
0.0001237827
0.00011977061
0.00011519359
0.00010979928
0.00010324279
9.5127486e-05
8.503048e-05
7.2524956e-05
5.7236698e-05
3.9047122e-05
1.6845941e-05
0.00013373723
0.00013261737
0.00013036339
0.00012733745
0.00012378176
0.00011976961
0.00011519257
0.00010979828
0.00010324189
9.5126718e-05
8.5029889e-05
7.2524559e-05
5.7236484e-05
3.9047047e-05
1.6845934e-05
0.00013373658
0.00013261668
0.00013036263
0.00012733662
0.00012378085
0.00011976864
0.00011519158
0.00010979733
0.00010324102
9.512599e-05
8.5029335e-05
7.2524191e-05
5.7236288e-05
3.9046981e-05
1.6845928e-05
0.00013373592
0.00013261599
0.00013036188
0.0001273358
0.00012377996
0.0001197677
0.00011519062
0.00010979641
0.00010324019
9.5125298e-05
8.5028813e-05
7.252385e-05
5.7236112e-05
3.9046924e-05
1.6845922e-05
0.00013373524
0.00013261529
0.00013036113
0.00012733498
0.00012377908
0.00011976677
0.00011518969
0.00010979552
0.0001032394
9.512464e-05
8.5028321e-05
7.2523533e-05
5.7235951e-05
3.9046875e-05
1.6845917e-05
0.00013373455
0.00013261457
0.00013036037
0.00012733416
0.0001237782
0.00011976586
0.00011518878
0.00010979466
0.00010323863
9.512401e-05
8.5027855e-05
7.2523237e-05
5.7235805e-05
3.9046832e-05
1.6845912e-05
0.00013373382
0.00013261382
0.00013035958
0.00012733332
0.00012377732
0.00011976495
0.00011518789
0.00010979382
0.00010323788
9.5123402e-05
8.5027408e-05
7.2522955e-05
5.7235668e-05
3.9046794e-05
1.6845907e-05
0.00013373304
0.00013261303
0.00013035877
0.00012733247
0.00012377643
0.00011976404
0.00011518699
0.00010979299
0.00010323715
9.5122809e-05
8.5026974e-05
7.2522684e-05
5.7235537e-05
3.9046757e-05
1.6845903e-05
0.00013373221
0.00013261219
0.00013035791
0.00012733158
0.00012377551
0.00011976312
0.0001151861
0.00010979216
0.00010323643
9.5122223e-05
8.5026547e-05
7.2522417e-05
5.7235409e-05
3.9046721e-05
1.6845899e-05
0.00013373132
0.0001326113
0.000130357
0.00012733065
0.00012377457
0.00011976218
0.00011518519
0.00010979132
0.00010323571
9.512164e-05
8.5026122e-05
7.252215e-05
5.7235279e-05
3.9046684e-05
1.6845895e-05
0.00013373036
0.00013261035
0.00013035604
0.00012732968
0.00012377359
0.00011976122
0.00011518427
0.00010979048
0.00010323497
9.5121051e-05
8.5025693e-05
7.252188e-05
5.7235145e-05
3.9046643e-05
1.6845891e-05
0.00013372936
0.00013260935
0.00013035504
0.00012732867
0.00012377259
0.00011976024
0.00011518334
0.00010978963
0.00010323424
9.5120465e-05
8.5025266e-05
7.2521611e-05
5.7235012e-05
3.9046603e-05
1.6845887e-05
)
;

boundaryField
{
    water_inlet
    {
        type            calculated;
        value           uniform 4.1926275e-05;
    }
    water_outlet
    {
        type            calculated;
        value           nonuniform List<scalar> 
15
(
0.00013372936
0.00013260935
0.00013035504
0.00012732867
0.00012377259
0.00011976024
0.00011518334
0.00010978963
0.00010323424
9.5120465e-05
8.5025266e-05
7.2521611e-05
5.7235012e-05
3.9046603e-05
1.6845887e-05
)
;
    }
    water_wedge1
    {
        type            wedge;
    }
    water_wedge2
    {
        type            wedge;
    }
    water_to_rock
    {
        type            nutkWallFunction;
        blending        stepwise;
        value           nonuniform List<scalar> 
400
(
1.3343477e-06
1.5729405e-06
1.7440907e-06
1.8605416e-06
1.9346768e-06
1.9772327e-06
1.9969594e-06
2.0006898e-06
1.9935919e-06
1.9794802e-06
1.9611207e-06
1.9404947e-06
1.9190097e-06
1.8976591e-06
1.8771394e-06
1.8579313e-06
1.8403553e-06
1.8246079e-06
1.8107845e-06
1.7988953e-06
1.7888783e-06
1.7806126e-06
1.7739325e-06
1.768644e-06
1.7645406e-06
1.7614181e-06
1.7590856e-06
1.7573734e-06
1.7561372e-06
1.7552582e-06
1.7546419e-06
1.7542151e-06
1.7539229e-06
1.7537247e-06
1.7535915e-06
1.7535035e-06
1.7534473e-06
1.7534148e-06
1.7534013e-06
1.7534047e-06
1.7534246e-06
1.7534617e-06
1.7535171e-06
1.7535923e-06
1.753689e-06
1.7538084e-06
1.7539517e-06
1.7541201e-06
1.7543142e-06
1.7545344e-06
1.7547811e-06
1.7550543e-06
1.7553539e-06
1.7556795e-06
1.7560309e-06
1.7564073e-06
1.7568084e-06
1.7572333e-06
1.7576814e-06
1.7581519e-06
1.758644e-06
1.759157e-06
1.7596898e-06
1.7602414e-06
1.7608105e-06
1.761396e-06
1.7619967e-06
1.7626116e-06
1.7632399e-06
1.763881e-06
1.7645343e-06
1.7651996e-06
1.7658764e-06
1.7665643e-06
1.7672628e-06
1.7679714e-06
1.7686896e-06
1.769417e-06
1.7701531e-06
1.7708975e-06
1.7716495e-06
1.7724089e-06
1.773175e-06
1.7739475e-06
1.7747258e-06
1.7755095e-06
1.7762981e-06
1.7770913e-06
1.7778884e-06
1.7786892e-06
1.7794931e-06
1.7802998e-06
1.7811088e-06
1.7819196e-06
1.7827318e-06
1.7835451e-06
1.7843589e-06
1.7851729e-06
1.7859866e-06
1.7867996e-06
1.7876115e-06
1.7884217e-06
1.7892299e-06
1.7900355e-06
1.7908382e-06
1.7916373e-06
1.7924323e-06
1.7932228e-06
1.7940081e-06
1.7947877e-06
1.795561e-06
1.7963272e-06
1.7970858e-06
1.7978361e-06
1.7985773e-06
1.7993087e-06
1.8000296e-06
1.8007392e-06
1.8014366e-06
1.8021212e-06
1.8027921e-06
1.8034485e-06
1.8040896e-06
1.8047148e-06
1.8053231e-06
1.805914e-06
1.8064867e-06
1.8070407e-06
1.8075752e-06
1.8080899e-06
1.8085842e-06
1.8090577e-06
1.8095101e-06
1.8099411e-06
1.8103505e-06
1.8107381e-06
1.8111039e-06
1.8114479e-06
1.8117701e-06
1.8120708e-06
1.8123501e-06
1.8126083e-06
1.8128457e-06
1.8130627e-06
1.8132598e-06
1.8134374e-06
1.813596e-06
1.8137363e-06
1.8138587e-06
1.813964e-06
1.8140527e-06
1.8141255e-06
1.8141831e-06
1.814226e-06
1.814255e-06
1.8142707e-06
1.8142737e-06
1.8142647e-06
1.8142443e-06
1.8142132e-06
1.8141719e-06
1.8141211e-06
1.8140613e-06
1.8139932e-06
1.8139174e-06
1.8138344e-06
1.8137449e-06
1.8136492e-06
1.8135481e-06
1.8134419e-06
1.8133312e-06
1.8132162e-06
1.8130975e-06
1.8129753e-06
1.81285e-06
1.8127222e-06
1.8125922e-06
1.8124604e-06
1.8123272e-06
1.8121928e-06
1.8120577e-06
1.8119219e-06
1.8117859e-06
1.8116497e-06
1.8115137e-06
1.8113781e-06
1.8112429e-06
1.8111085e-06
1.810975e-06
1.8108425e-06
1.8107113e-06
1.8105815e-06
1.8104532e-06
1.8103268e-06
1.8102022e-06
1.8100796e-06
1.8099592e-06
1.8098412e-06
1.8097255e-06
1.8096123e-06
1.8095017e-06
1.8093937e-06
1.8092884e-06
1.8091859e-06
1.809086e-06
1.8089888e-06
1.8088944e-06
1.8088026e-06
1.8087135e-06
1.8086271e-06
1.8085432e-06
1.808462e-06
1.8083833e-06
1.8083071e-06
1.8082334e-06
1.8081621e-06
1.8080934e-06
1.8080271e-06
1.8079632e-06
1.8079017e-06
1.8078426e-06
1.807786e-06
1.8077317e-06
1.8076797e-06
1.8076301e-06
1.8075828e-06
1.8075378e-06
1.807495e-06
1.8074545e-06
1.807416e-06
1.8073797e-06
1.8073454e-06
1.8073131e-06
1.8072827e-06
1.8072543e-06
1.8072276e-06
1.8072027e-06
1.8071796e-06
1.8071581e-06
1.8071383e-06
1.8071201e-06
1.8071034e-06
1.8070882e-06
1.8070744e-06
1.8070621e-06
1.8070511e-06
1.8070414e-06
1.8070331e-06
1.8070259e-06
1.8070199e-06
1.807015e-06
1.8070111e-06
1.8070083e-06
1.8070064e-06
1.8070053e-06
1.8070051e-06
1.8070057e-06
1.807007e-06
1.807009e-06
1.8070116e-06
1.8070148e-06
1.8070186e-06
1.807023e-06
1.8070279e-06
1.8070333e-06
1.8070393e-06
1.8070457e-06
1.8070527e-06
1.8070601e-06
1.807068e-06
1.8070763e-06
1.8070851e-06
1.8070943e-06
1.8071038e-06
1.8071136e-06
1.8071236e-06
1.8071339e-06
1.8071444e-06
1.807155e-06
1.8071657e-06
1.8071765e-06
1.8071873e-06
1.8071981e-06
1.8072088e-06
1.8072196e-06
1.8072302e-06
1.8072408e-06
1.8072512e-06
1.8072616e-06
1.8072718e-06
1.8072819e-06
1.8072919e-06
1.8073019e-06
1.8073117e-06
1.8073214e-06
1.807331e-06
1.8073405e-06
1.80735e-06
1.8073593e-06
1.8073685e-06
1.8073776e-06
1.8073866e-06
1.8073955e-06
1.8074042e-06
1.8074128e-06
1.8074212e-06
1.8074295e-06
1.8074375e-06
1.8074454e-06
1.8074532e-06
1.8074607e-06
1.807468e-06
1.8074751e-06
1.8074819e-06
1.8074886e-06
1.8074951e-06
1.8075013e-06
1.8075073e-06
1.8075131e-06
1.8075187e-06
1.8075241e-06
1.8075292e-06
1.8075342e-06
1.8075389e-06
1.8075435e-06
1.8075478e-06
1.807552e-06
1.807556e-06
1.8075598e-06
1.8075634e-06
1.8075668e-06
1.8075701e-06
1.8075732e-06
1.8075762e-06
1.8075791e-06
1.8075818e-06
1.8075843e-06
1.8075868e-06
1.8075891e-06
1.8075913e-06
1.8075933e-06
1.8075952e-06
1.807597e-06
1.8075987e-06
1.8076003e-06
1.8076017e-06
1.807603e-06
1.8076041e-06
1.8076051e-06
1.807606e-06
1.8076068e-06
1.8076074e-06
1.8076079e-06
1.8076083e-06
1.8076086e-06
1.8076089e-06
1.807609e-06
1.807609e-06
1.807609e-06
1.8076089e-06
1.8076088e-06
1.8076087e-06
1.8076085e-06
1.8076082e-06
1.807608e-06
1.8076077e-06
1.8076074e-06
1.8076071e-06
1.8076067e-06
1.8076063e-06
1.8076059e-06
1.8076054e-06
1.8076049e-06
1.8076043e-06
1.8076037e-06
1.8076031e-06
1.8076023e-06
1.8076016e-06
1.8076007e-06
1.8075999e-06
1.8075989e-06
1.807598e-06
1.807597e-06
1.8075961e-06
1.8075951e-06
1.8075942e-06
1.8075932e-06
1.8075924e-06
1.8075915e-06
1.8075907e-06
1.80759e-06
1.8075892e-06
1.8075886e-06
1.8075879e-06
1.8075872e-06
1.8075866e-06
1.8075859e-06
1.8075852e-06
1.8075845e-06
1.8075837e-06
)
;
    }
}


// ************************************************************************* //
