/*--------------------------------*- C++ -*----------------------------------*\
| =========                 |                                                 |
| \\      /  F ield         | OpenFOAM: The Open Source CFD Toolbox           |
|  \\    /   O peration     | Version:  2506                                  |
|   \\  /    A nd           | Website:  www.openfoam.com                      |
|    \\/     M anipulation  |                                                 |
\*---------------------------------------------------------------------------*/
FoamFile
{
    version     2.0;
    format      ascii;
    arch        "LSB;label=32;scalar=64";
    class       surfaceScalarField;
    location    "4000/water";
    object      phi;
}
// * * * * * * * * * * * * * * * * * * * * * * * * * * * * * * * * * * * * * //

dimensions      [1 0 -1 0 0 0 0];

oriented        oriented;

internalField   nonuniform List<scalar> 
1890
(
-4.1736246e-05
0.0022168351
-0.00015753622
0.0059586937
-0.00032930669
0.0087985477
-0.00054203243
0.010900937
-0.00078239503
0.012402155
-0.0010351826
0.013412336
-0.0012746193
0.014013996
-0.0014359745
0.014245356
-0.001284859
0.0140006
0.012745539
-3.1455821e-05
0.0022482909
-0.00011269722
0.0060399351
-0.00023219387
0.0089180443
-0.00037999425
0.011048737
-0.0005459426
0.012568103
-0.00071649908
0.013582893
-0.00086674522
0.014164242
-0.00093361971
0.01431223
-0.00073394527
0.013800926
0.012011594
-2.9138827e-05
0.0022774298
-0.00010672996
0.0061175262
-0.00022105544
0.0090323698
-0.00036160333
0.011189285
-0.00051700151
0.012723501
-0.00067116246
0.013737054
-0.00079396198
0.014287042
-0.00081139801
0.014329666
-0.0005672995
0.013556827
0.011444294
-2.7339934e-05
0.0023047697
-0.00010102597
0.0061912122
-0.00020924237
0.0091405862
-0.00034097897
0.011321022
-0.00048374668
0.012866269
-0.00061911486
0.013872422
-0.00071088176
0.014378809
-0.00067659919
0.014295384
-0.00042026124
0.013300489
0.011024033
-2.5625224e-05
0.0023303949
-9.4386121e-05
0.0062599731
-0.00019506686
0.0092412669
-0.00031669853
0.011442653
-0.00044589486
0.012995465
-0.00056132383
0.013987851
-0.00061882773
0.014436313
-0.00053651365
0.01421307
-0.00029565597
0.013059632
0.010728377
-2.4159473e-05
0.0023545544
-8.8799429e-05
0.0063246131
-0.00018306034
0.0093355279
-0.00029574151
0.011555335
-0.00041210872
0.013111833
-0.00050662344
0.014082366
-0.00052703785
0.014456727
-0.00040878676
0.014094819
-0.00020043446
0.01285128
0.010527943
-2.2965462e-05
0.0023775199
-8.4333394e-05
0.0063859811
-0.00017335327
0.0094245478
-0.00027826845
0.01166025
-0.00038232688
0.013215891
-0.00045437915
0.014154418
-0.00043820617
0.014440554
-0.00030321711
0.01395983
-0.00013378873
0.012681851
0.010394154
-2.2023833e-05
0.0023995437
-8.0769751e-05
0.006444727
-0.0001654057
0.0095091837
-0.00026327194
0.011758116
-0.0003547269
0.013307346
-0.00040244371
0.014202135
-0.0003554588
0.014393569
-0.00022236881
0.01382674
-8.9855057e-05
0.012549338
0.010304299
-2.1260566e-05
0.0024208043
-7.7812603e-05
0.006501279
-0.00015855234
0.0095899235
-0.00024948537
0.011849049
-0.0003271225
0.013384983
-0.00034954613
0.014224559
-0.00028212918
0.014326152
-0.0001630022
0.013707613
-6.1426016e-05
0.012447761
0.010242873
-2.0607157e-05
0.0024414115
-7.5216673e-05
0.0065558886
-0.00015223239
0.0096669392
-0.00023577775
0.011932595
-0.00029784644
0.013447052
-0.00029644809
0.01422316
-0.00022023923
0.014249944
-0.00011980528
0.013607179
-4.2689417e-05
0.012370646
0.010200183
-2.001828e-05
0.0024614297
-7.2804685e-05
0.006608675
-0.00014600128
0.0097401358
-0.00022120563
0.012007799
-0.00026613504
0.013491981
-0.00024531956
0.014202345
-0.00016974782
0.014174372
-8.7951116e-05
0.013525382
-2.9805683e-05
0.0123125
0.010170378
-1.9463542e-05
0.0024808933
-7.0441408e-05
0.0066596528
-0.00013947744
0.0098091718
-0.00020502173
0.012073343
-0.00023228061
0.01351924
-0.00019838438
0.014168448
-0.00012919664
0.014105184
-6.3917679e-05
0.013460103
-2.0485399e-05
0.012269068
0.010149892
-1.8918759e-05
0.002499812
-6.8008145e-05
0.0067087422
-0.0001322987
0.0098734623
-0.0001867555
0.0121278
-0.00019748131
0.013529966
-0.00015697957
0.014127947
-9.6699604e-05
0.014044904
-4.5354181e-05
0.013408758
-1.3426166e-05
0.01223714
0.010136466
-1.8360423e-05
0.0025181724
-6.5381895e-05
0.0067557637
-0.00012410703
0.0099321874
-0.00016633454
0.012170027
-0.00016333298
0.013526964
-0.00012140683
0.014086021
-7.0530293e-05
0.013994027
-3.0719807e-05
0.013368947
-7.8894836e-06
0.012214309
0.010128577
-1.7761457e-05
0.0025359339
-6.2419765e-05
0.006800422
-0.00011457713
0.0099843448
-0.00014416295
0.012199613
-0.00013124071
0.013514042
-9.1274113e-05
0.014046054
-4.9296959e-05
0.01395205
-1.8986844e-05
0.013338637
-3.4329051e-06
0.012198755
0.010125144
-1.7087946e-05
0.0025530218
-5.8952632e-05
0.0068422866
-0.00010349067
0.010028883
-0.00012105337
0.012217176
-0.0001020844
0.013495073
-6.5900455e-05
0.01400987
-3.1933252e-05
0.013918083
-9.4517446e-06
0.013316155
2.863326e-07
0.012189017
0.01012543
-1.6296485e-05
0.0025693183
-5.4793356e-05
0.0068807835
-9.0832596e-05
0.010064922
-9.7999434e-05
0.012224343
-7.6210797e-05
0.013473284
-4.4572745e-05
0.013978232
-1.7627656e-05
0.013891138
-1.5575141e-06
0.013300085
3.3715962e-06
0.012184088
0.010128802
-1.5331777e-05
0.0025846501
-4.9762065e-05
0.0069152138
-7.685288e-05
0.010092013
-7.5898906e-05
0.012223389
-5.3589198e-05
0.013450975
-2.6634604e-05
0.013951277
-5.7252483e-06
0.013870229
4.9982118e-06
0.013289362
5.849701e-06
0.012183237
0.010134651
-1.4126756e-05
0.0025987768
-4.3732804e-05
0.0069448198
-6.2044386e-05
0.010110324
-5.537965e-05
0.012216724
-3.3985842e-05
0.013429581
-1.1511511e-05
0.013928803
4.2381913e-06
0.013854479
1.0368873e-05
0.013283231
7.867468e-06
0.012185738
0.010142519
-1.2609162e-05
0.002611386
-3.669481e-05
0.0069689055
-4.7031433e-05
0.010120661
-3.6775312e-05
0.012206468
-1.7080435e-05
0.013409886
1.3285777e-06
0.013910394
1.2527436e-05
0.01384328
1.4774372e-05
0.013280984
9.5160507e-06
0.012190996
0.010152035
-1.0718628e-05
0.0026221046
-2.8800883e-05
0.0069869877
-3.2420256e-05
0.01012428
-2.0181568e-05
0.012194229
-2.4813758e-06
0.013392186
1.2171255e-05
0.013895741
1.9376006e-05
0.013836075
1.8389011e-05
0.013281971
1.0861129e-05
0.012198524
0.010162896
-8.4362553e-06
0.0026305409
-2.0369254e-05
0.0069989207
-1.868464e-05
0.010122596
-5.5179968e-06
0.012181063
1.0030654e-05
0.013376637
2.1196265e-05
0.013884576
2.5022643e-05
0.013832249
2.1343909e-05
0.01328565
1.1950508e-05
0.012207918
0.010174846
-5.818893e-06
0.0026363598
-1.1825276e-05
0.0070049271
-6.1104288e-06
0.010116881
7.2768175e-06
0.012167675
2.0570406e-05
0.013363344
2.8683942e-05
0.013876462
2.965341e-05
0.013831279
2.3737121e-05
0.013291566
1.2818506e-05
0.012218836
0.010187665
-3.0141952e-06
0.002639374
-3.5959442e-06
0.0070055089
5.1027336e-06
0.010108182
1.8190738e-05
0.012154587
2.9354077e-05
0.01335218
3.4839343e-05
0.013870977
3.3406071e-05
0.013832713
2.5640065e-05
0.013299332
1.3489558e-05
0.012230987
0.010201155
-2.341465e-07
0.0026396081
3.9069357e-06
0.0070013678
1.4740007e-05
0.010097349
2.7284765e-05
0.012142043
3.6559199e-05
0.013342906
3.981157e-05
0.013867725
3.6376691e-05
0.013836148
2.71003e-05
0.013308609
1.3978664e-05
0.012244108
0.010215133
2.2769833e-06
0.0026373311
1.030862e-05
0.0069933361
2.2681552e-05
0.010084976
3.4655676e-05
0.012130068
4.2308559e-05
0.013335253
4.3696927e-05
0.013866336
3.8621979e-05
0.013841223
2.8141787e-05
0.013319089
1.4290909e-05
0.012257959
0.010229424
4.3217433e-06
0.0026330094
1.5395186e-05
0.0069822627
2.8920747e-05
0.010071451
4.0373704e-05
0.012118616
4.6678094e-05
0.013328949
4.6546682e-05
0.013866468
4.0164553e-05
0.013847605
2.8767477e-05
0.013330486
1.4422247e-05
0.012272305
0.010243846
5.8172324e-06
0.0026271922
1.9123782e-05
0.0069689562
3.3493328e-05
0.010057081
4.4499906e-05
0.012107609
4.9716043e-05
0.013323732
4.8383426e-05
0.0138678
4.1004921e-05
0.013854983
2.8966842e-05
0.013342524
1.4363e-05
0.012286908
0.010258209
6.775567e-06
0.0026204166
2.1562127e-05
0.0069541696
3.648661e-05
0.010042157
4.7107816e-05
0.012096988
5.1466452e-05
0.013319374
4.9221631e-05
0.013870045
4.1137246e-05
0.013863068
2.8726356e-05
0.013354935
1.4103037e-05
0.012301532
0.010272312
7.2690395e-06
0.0026131476
2.2856852e-05
0.0069385818
3.804082e-05
0.010026973
4.8300385e-05
0.012086728
5.1990248e-05
0.013315684
4.9087406e-05
0.013872948
4.0565266e-05
0.01387159
2.8040393e-05
0.01336746
1.3637128e-05
0.012315935
0.01028595
7.3943436e-06
0.0026057532
2.3198219e-05
0.0069227779
3.8340141e-05
0.010011831
4.82174e-05
0.012076851
5.137918e-05
0.013312522
4.8033397e-05
0.013876294
3.9315155e-05
0.013880308
2.6920406e-05
0.013379855
1.296959e-05
0.012329886
0.010298919
7.2475277e-06
0.0025985057
2.2788585e-05
0.0069072369
3.7595908e-05
0.0099970235
4.7032077e-05
0.012067415
4.9759708e-05
0.013309795
4.6145425e-05
0.013879908
3.7442093e-05
0.013889011
2.5399736e-05
0.013391897
1.2116562e-05
0.012343169
0.010311036
6.9115073e-06
0.0025915942
2.1819688e-05
0.0068923287
3.6027553e-05
0.0099828156
4.4939951e-05
0.012058502
4.7287926e-05
0.013307447
4.3540821e-05
0.013883655
3.5030059e-05
0.013897522
2.3533652e-05
0.013403393
1.1105935e-05
0.012355597
0.010322142
6.4523952e-06
0.0025851418
2.0459658e-05
0.0068783214
3.3845986e-05
0.0099694293
4.2144544e-05
0.012050204
4.4138695e-05
0.013305452
4.0360408e-05
0.013887433
3.2185883e-05
0.013905697
2.1395078e-05
0.013414184
9.9748133e-06
0.012367017
0.010332116
5.9204687e-06
0.0025792213
1.8848065e-05
0.0068653938
3.1242058e-05
0.0099570353
3.8843914e-05
0.012042602
4.0492951e-05
0.013303803
3.6757473e-05
0.013891169
2.9030232e-05
0.013913424
1.9067964e-05
0.013424146
8.7660311e-06
0.012377319
0.010340882
5.35278e-06
0.0025738685
1.7096041e-05
0.0068536505
2.838012e-05
0.0099457512
3.5220067e-05
0.012035762
3.6525717e-05
0.013302498
3.2886079e-05
0.013894808
2.5687344e-05
0.013920623
1.6639489e-05
0.013433194
7.523725e-06
0.012386435
0.010348406
4.7760323e-06
0.0025690925
1.528921e-05
0.0068431374
2.5396002e-05
0.0099356444
3.1432317e-05
0.012029726
3.2396946e-05
0.013301533
2.8891211e-05
0.013898314
2.2275987e-05
0.013927238
1.4193148e-05
0.013441277
6.2897773e-06
0.012394338
0.010354696
4.2090442e-06
0.0025648835
1.3491556e-05
0.0068338548
2.2397786e-05
0.0099267381
2.7613983e-05
0.012024509
2.8245357e-05
0.013300902
2.4901349e-05
0.013901658
1.8902233e-05
0.013933237
1.18031e-05
0.013448376
5.100762e-06
0.01240104
0.010359797
3.6647153e-06
0.0025612187
1.174939e-05
0.0068257702
1.9468291e-05
0.0099190192
2.3871856e-05
0.012020106
2.4185309e-05
0.013300588
2.1023901e-05
0.01390482
1.5654741e-05
0.013938606
9.5304424e-06
0.0134545
3.9859488e-06
0.012406585
0.010363783
3.1515625e-06
0.0025580672
1.009497e-05
0.0068188267
1.6668449e-05
0.0099124457
2.0287661e-05
0.012016487
2.0306346e-05
0.013300569
1.734352e-05
0.013907782
1.2602733e-05
0.013943347
7.4216885e-06
0.013459681
2.9668092e-06
0.01241104
0.010366749
2.6748335e-06
0.0025553923
8.5495379e-06
0.006812952
1.4040762e-05
0.0099069545
1.6920561e-05
0.012013607
1.667433e-05
0.013300816
1.3922244e-05
0.013910534
9.7957229e-06
0.013947473
5.5085233e-06
0.013463969
2.0567735e-06
0.012414491
0.010368806
2.2374061e-06
0.0025531549
7.125921e-06
0.0068080635
1.1612821e-05
0.0099024676
1.3810455e-05
0.012011409
1.3334126e-05
0.013301292
1.0801605e-05
0.013913067
7.2652825e-06
0.01395101
3.809348e-06
0.013467425
1.2624594e-06
0.012417038
0.010370069
1.8404301e-06
0.0025513145
5.8306204e-06
0.0068040733
9.4004649e-06
0.0098988978
1.0981441e-05
0.012009828
1.0312871e-05
0.013301961
8.0056321e-06
0.013915374
5.0277805e-06
0.013953987
2.3315928e-06
0.013470121
5.8505379e-07
0.012418785
0.010370654
1.483824e-06
0.0025498307
4.6654511e-06
0.0068008917
7.4104524e-06
0.0098961528
8.4449454e-06
0.012008794
7.6231509e-06
0.013302782
5.5438311e-06
0.013917454
3.0871121e-06
0.013956444
1.0749013e-06
0.013472133
3.2195547e-08
0.012419827
0.010370686
1.1665796e-06
0.0025486641
3.6285945e-06
0.0067984297
5.642212e-06
0.0098941392
6.201794e-06
0.012008234
5.2650724e-06
0.013303719
3.4133914e-06
0.013919305
1.4381236e-06
0.013958419
4.0493213e-08
0.013473531
-4.1106255e-07
0.012420279
0.010370275
8.8706033e-07
0.002547777
2.7156976e-06
0.0067966011
4.0899184e-06
0.009892765
4.2451701e-06
0.012008079
3.2301546e-06
0.013304734
1.6045582e-06
0.013920931
7.5436375e-08
0.013959949
-7.9514303e-07
0.013474401
-7.6979003e-07
0.012420254
0.010369505
6.4324819e-07
0.0025471338
1.9208379e-06
0.0067953235
2.7444534e-06
0.0098919413
2.5636847e-06
0.01200826
1.5057323e-06
0.013305792
1.0719603e-07
0.013922329
-1.0290984e-06
0.013961085
-1.4647716e-06
0.013474837
-1.0485887e-06
0.012419837
0.010368457
4.3290299e-07
0.0025467009
1.2371052e-06
0.0067945193
1.5946539e-06
0.0098915838
1.143598e-06
0.012008711
7.8505711e-08
0.013306857
-1.1087722e-06
0.013923517
-1.9123046e-06
0.013961888
-1.9816397e-06
0.013474906
-1.2536265e-06
0.012419109
0.010367203
2.5368629e-07
0.0025464472
6.5722099e-07
0.0067941157
6.291118e-07
0.0098916119
-2.9295395e-08
0.012009369
-1.0811541e-06
0.013307909
-2.0810183e-06
0.013924516
-2.594375e-06
0.013962402
-2.360852e-06
0.013474673
-1.393066e-06
0.012418142
0.01036581
1.0334535e-07
0.0025463439
1.741617e-07
0.0067940449
-1.6565499e-07
0.0098919517
-9.8159546e-07
0.012010185
-2.0084542e-06
0.013308936
-2.8332542e-06
0.013925341
-3.0963883e-06
0.013962665
-2.6187869e-06
0.013474195
-1.4756921e-06
0.012416999
0.010364334
-2.060663e-08
0.0025463645
-2.213331e-07
0.0067942457
-8.0962121e-07
0.00989254
-1.7423444e-06
0.012011118
-2.7267214e-06
0.01330992
-3.389242e-06
0.013926004
-3.4403103e-06
0.013962716
-2.7722195e-06
0.013473527
-1.5104086e-06
0.012415737
0.010362824
-1.2119218e-07
0.0025464857
-5.4010463e-07
0.0067946646
-1.3215669e-06
0.0098933215
-2.3307098e-06
0.012012127
-3.2589241e-06
0.013310849
-3.7731103e-06
0.013926518
-3.6480406e-06
0.013962591
-2.8375435e-06
0.013472717
-1.5057081e-06
0.012414405
0.010361318
-2.0120179e-07
0.0025466869
-7.9090676e-07
0.0067952543
-1.7152092e-06
0.0098942458
-2.7660162e-06
0.012013178
-3.6279599e-06
0.013311711
-4.0084804e-06
0.013926899
-3.7406254e-06
0.013962323
-2.8301681e-06
0.013471806
-1.4693982e-06
0.012413044
0.010359849
-2.6289851e-07
0.0025469498
-9.8118004e-07
0.0067959726
-2.0041061e-06
0.0098952687
-3.0671788e-06
0.012014241
-3.855992e-06
0.013312499
-4.1178506e-06
0.01392716
-3.7377309e-06
0.013961943
-2.7642032e-06
0.013470833
-1.4084903e-06
0.012411689
0.01035844
-3.0841499e-07
0.0025472582
-1.1181089e-06
0.0067967823
-2.2013594e-06
0.009896352
-3.252334e-06
0.012015292
-3.9640131e-06
0.013313211
-4.1221889e-06
0.013927319
-3.6573314e-06
0.013961478
-2.6522658e-06
0.013469828
-1.3290919e-06
0.012410365
0.010357111
-3.3977175e-07
0.002547598
-1.2085511e-06
0.006797651
-2.3194495e-06
0.0098974629
-3.3386135e-06
0.012016311
-3.9716119e-06
0.013313844
-4.0407412e-06
0.013927388
-3.515619e-06
0.013960953
-2.5054879e-06
0.013468817
-1.236498e-06
0.012409096
0.010355875
-3.588704e-07
0.0025479568
-1.2589752e-06
0.0067985511
-2.3701013e-06
0.009898574
-3.3419677e-06
0.012017283
-3.8967773e-06
0.013314399
-3.8908879e-06
0.013927382
-3.3269267e-06
0.013960389
-2.3335066e-06
0.013467824
-1.1351806e-06
0.012407898
0.010354739
-3.67493e-07
0.0025483243
-1.2754305e-06
0.0067994591
-2.3642184e-06
0.0098996628
-3.2770798e-06
0.012018196
-3.7558418e-06
0.013314878
-3.6881365e-06
0.013927314
-3.1037935e-06
0.013959805
-2.1445743e-06
0.013466865
-1.0288852e-06
0.012406782
0.01035371
-3.6729905e-07
0.0025486916
-1.2635298e-06
0.0068003553
-2.3118434e-06
0.0099007111
-3.1573287e-06
0.012019041
-3.5634709e-06
0.013315284
-3.4461675e-06
0.013927197
-2.857053e-06
0.013959216
-1.9456687e-06
0.013465953
-9.2069633e-07
0.012405757
0.01035279
-3.5982277e-07
0.0025490514
-1.2284402e-06
0.0068012239
-2.2221531e-06
0.0099017048
-2.9947929e-06
0.012019814
-3.332708e-06
0.013315622
-3.176936e-06
0.013927041
-2.5959864e-06
0.013958635
-1.7426149e-06
0.0134651
-8.1313223e-07
0.012404828
0.010351977
-3.4647189e-07
0.0025493979
-1.174882e-06
0.0068020524
-2.1034543e-06
0.0099026334
-2.8002834e-06
0.012020511
-3.0750535e-06
0.013315896
-2.8907982e-06
0.013926857
-2.328479e-06
0.013958072
-1.5402694e-06
0.013464312
-7.0821816e-07
0.012403996
0.010351268
-3.2853189e-07
0.0025497264
-1.1071388e-06
0.006802831
-1.9632249e-06
0.0099034895
-2.5834099e-06
0.012021131
-2.8005897e-06
0.013316114
-2.5966953e-06
0.013926653
-2.0612251e-06
0.013957537
-1.3426807e-06
0.013463593
-6.0764361e-07
0.012403261
0.010350661
-3.0715335e-07
0.0025500336
-1.0290379e-06
0.0068035528
-1.8080818e-06
0.0099042685
-2.3525728e-06
0.012021675
-2.5179868e-06
0.013316279
-2.3021747e-06
0.013926437
-1.79976e-06
0.013957034
-1.1531196e-06
0.013462947
-5.1269618e-07
0.01240262
0.010350148
-2.8336511e-07
0.002550317
-9.4397172e-07
0.0068042135
-1.6438293e-06
0.0099049684
-2.1150305e-06
0.012022147
-2.2346148e-06
0.013316399
-2.0135353e-06
0.013926216
-1.5486137e-06
0.01395657
-9.7421746e-07
0.013462372
-4.2444821e-07
0.012402071
0.010349724
-2.5805714e-07
0.002550575
-8.5486502e-07
0.0068048103
-1.4754055e-06
0.0099055889
-1.8768442e-06
0.012022548
-1.9564691e-06
0.013316478
-1.7357299e-06
0.013925995
-1.3111954e-06
0.013956145
-8.0783052e-07
0.013461869
-3.435545e-07
0.012401606
0.01034938
-2.3199486e-07
0.002550807
-7.6420351e-07
0.0068053425
-1.3069332e-06
0.0099061317
-1.6429498e-06
0.012022884
-1.688271e-06
0.013316524
-1.4724755e-06
0.013925779
-1.0898744e-06
0.013955762
-6.5510029e-07
0.013461434
-2.7036056e-07
0.012401222
0.01034911
-2.058207e-07
0.0025510128
-6.7404626e-07
0.0068058107
-1.1417536e-06
0.0099065994
-1.4172127e-06
0.01202316
-1.4335371e-06
0.01331654
-1.2263295e-06
0.013925572
-8.8606305e-07
0.013955422
-5.1650848e-07
0.013461065
-2.0487824e-07
0.01240091
0.010348905
-1.8006536e-07
0.0025511929
-5.8606833e-07
0.0068062167
-9.8251379e-07
0.0099069958
-1.2025817e-06
0.01202338
-1.1947863e-06
0.013316532
-9.9891808e-07
0.013925376
-7.0041828e-07
0.013955124
-3.9201949e-07
0.013460756
-1.4686034e-07
0.012400665
0.010348758
-1.5516665e-07
0.0025513481
-5.0162237e-07
0.0068065632
-8.3129459e-07
0.0099073255
-1.0012797e-06
0.01202355
-9.7379243e-07
0.013316505
-7.9122902e-07
0.013925194
-5.3315102e-07
0.013954866
-2.8135562e-07
0.013460504
-9.5971554e-08
0.01240048
0.010348662
-1.3147742e-07
0.0025514795
-4.217819e-07
0.0068068535
-6.8970597e-07
0.0099075934
-8.1496236e-07
0.012023675
-7.7179422e-07
0.013316461
-6.0384771e-07
0.013925026
-3.842435e-07
0.013954646
-1.8417054e-07
0.013460304
-5.1899965e-08
0.012400347
0.01034861
-1.092708e-07
0.0025515888
-3.4737231e-07
0.0068070916
-5.5895271e-07
0.009907805
-6.4480971e-07
0.012023761
-5.8958367e-07
0.013316406
-4.3705035e-07
0.013924873
-2.535388e-07
0.013954462
-1.0006098e-07
0.013460151
-1.3842361e-08
0.012400261
0.010348596
-8.8758065e-08
0.0025516776
-2.7901425e-07
0.0068072818
-4.3991114e-07
0.0099079659
-4.9162666e-07
0.012023812
-4.2764617e-07
0.013316342
-2.9091098e-07
0.013924737
-1.40749e-07
0.013954312
-2.8286722e-08
0.013460038
1.8289663e-08
0.012400214
0.010348615
-7.0069877e-08
0.0025517476
-2.1709243e-07
0.0068074288
-3.330646e-07
0.0099080818
-3.557352e-07
0.012023835
-2.8594455e-07
0.013316272
-1.6497925e-07
0.013924616
-4.4953587e-08
0.013954192
3.1595349e-08
0.013459962
4.3920862e-08
0.012400202
0.010348658
-5.3276107e-08
0.0025518009
-1.6177695e-07
0.0068075373
-2.3852382e-07
0.0099081586
-2.3696056e-07
0.012023833
-1.6386835e-07
0.013316199
-5.8119055e-08
0.01392451
3.4805753e-08
0.013954099
7.9527055e-08
0.013459917
6.3363761e-08
0.012400218
0.010348722
-3.838121e-08
0.0025518393
-1.1302237e-07
0.006807612
-1.5601376e-07
0.0099082016
-1.345926e-07
0.012023812
-6.0112604e-08
0.013316125
3.1114719e-08
0.013924419
9.916038e-08
0.013954031
1.1645289e-07
0.0134599
7.7568707e-08
0.012400257
0.010348799
-2.5336325e-08
0.0025518646
-7.0603108e-08
0.0068076572
-8.4928095e-08
0.0099082159
-4.7421945e-08
0.012023775
2.6867083e-08
0.013316051
1.037406e-07
0.013924342
1.4943589e-07
0.013953986
1.4399308e-07
0.013459905
8.7463332e-08
0.012400314
0.010348887
-1.4064578e-08
0.0025518787
-3.4171857e-08
0.0068076773
-2.4406658e-08
0.0099082061
2.575938e-08
0.012023724
9.8038738e-08
0.013315978
1.6107759e-07
0.013924279
1.8755844e-07
0.013953959
1.6363598e-07
0.013459929
9.3796538e-08
0.012400383
0.010348981
-4.4483035e-09
0.0025518831
-3.2687683e-09
0.0068076762
2.6282118e-08
0.0099081766
8.5698639e-08
0.012023665
1.5455563e-07
0.013315909
2.0504649e-07
0.013924228
2.1529738e-07
0.013953949
1.7672176e-07
0.013459968
9.729421e-08
0.012400463
0.010349078
3.6013552e-09
0.0025518796
2.2374214e-08
0.0068076574
6.7560266e-08
0.0099081314
1.3324507e-07
0.012023599
1.9798934e-07
0.013315845
2.3725946e-07
0.013924189
2.3406844e-07
0.013953952
1.842588e-07
0.013460018
9.8450929e-08
0.012400549
0.010349176
1.0148175e-08
0.0025518694
4.2974335e-08
0.0068076246
1.0004977e-07
0.0099080743
1.6958176e-07
0.01202353
2.2969479e-07
0.013315785
2.590424e-07
0.01392416
2.4496175e-07
0.013953966
1.8697115e-07
0.013460076
9.7584485e-08
0.012400638
0.010349274
1.5296801e-08
0.0025518541
5.8946586e-08
0.0068075809
1.245719e-07
0.0099080087
1.9582038e-07
0.012023459
2.5091781e-07
0.013315729
2.7156498e-07
0.013924139
2.488972e-07
0.013953989
1.8543114e-07
0.013460139
9.4957357e-08
0.012400729
0.010349369
1.9173038e-08
0.0025518349
7.0730435e-08
0.0068075294
1.4192747e-07
0.0099079375
2.1303346e-07
0.012023387
2.6282632e-07
0.01331568
2.7589928e-07
0.013924126
2.4668577e-07
0.013954018
1.8011065e-07
0.013460206
9.0720966e-08
0.012400818
0.01034946
2.1921747e-08
0.002551813
7.8807363e-08
0.0068074725
1.529796e-07
0.0099078633
2.2237734e-07
0.012023318
2.6669632e-07
0.013315635
2.732371e-07
0.013924119
2.3926975e-07
0.013954052
1.716133e-07
0.013460273
8.5146482e-08
0.012400904
0.010349545
2.3691309e-08
0.0025517893
8.3674877e-08
0.0068074125
1.5862335e-07
0.0099077884
2.2505626e-07
0.012023252
2.6386895e-07
0.013315597
2.6485982e-07
0.013924118
2.2769978e-07
0.013954089
1.6063945e-07
0.01346034
7.8547643e-08
0.012400987
0.010349623
2.4632265e-08
0.0025517647
8.5844664e-08
0.0068073513
1.5978411e-07
0.0099077144
2.2232146e-07
0.012023189
2.5574795e-07
0.013315563
2.5212901e-07
0.013924122
2.1311961e-07
0.013954128
1.4798652e-07
0.013460405
7.129955e-08
0.012401063
0.010349695
2.4892978e-08
0.0025517398
8.5820156e-08
0.0068072903
1.5736757e-07
0.0099076429
2.1539443e-07
0.012023131
2.4370821e-07
0.013315535
2.3638678e-07
0.013924129
1.9667598e-07
0.013954168
1.3448629e-07
0.013460468
6.3841834e-08
0.012401134
0.010349759
2.4600591e-08
0.0025517152
8.4046848e-08
0.0068072309
1.5217816e-07
0.0099075748
2.0534751e-07
0.012023078
2.2893175e-07
0.013315511
2.1876583e-07
0.01392414
1.7931157e-07
0.013954207
1.2078545e-07
0.013460526
5.6475243e-08
0.012401198
0.010349815
2.3870992e-08
0.0025516913
8.0919397e-08
0.0068071739
1.4491033e-07
0.0099075108
1.9308319e-07
0.01202303
2.1238444e-07
0.013315492
2.0016097e-07
0.013924152
1.617533e-07
0.013954246
1.0739063e-07
0.013460581
4.9465802e-08
0.012401256
0.010349864
2.279613e-08
0.0025516685
7.6751698e-08
0.0068071199
1.361021e-07
0.0099074515
1.792709e-07
0.012022987
1.9474787e-07
0.013315476
1.811492e-07
0.013924165
1.4440882e-07
0.013954282
9.4534095e-08
0.01346063
4.2907273e-08
0.012401308
0.010349907
2.1451137e-08
0.0025516471
7.1790586e-08
0.0068070696
1.2616313e-07
0.0099073971
1.6439323e-07
0.012022948
1.7645999e-07
0.013315464
1.6205073e-07
0.01392418
1.2744563e-07
0.013954317
8.224684e-08
0.013460676
3.6763993e-08
0.012401353
0.010349944
1.9906005e-08
0.0025516272
6.6250721e-08
0.0068070232
1.1543165e-07
0.0099073479
1.4883104e-07
0.012022915
1.5785816e-07
0.013315455
1.4308076e-07
0.013924195
1.1094153e-07
0.013954349
7.0517737e-08
0.013460716
3.1020596e-08
0.012401393
0.010349975
1.821522e-08
0.002551609
6.0304172e-08
0.0068069811
1.0417598e-07
0.009907304
1.3287948e-07
0.012022886
1.3917832e-07
0.013315449
1.2437108e-07
0.013924209
9.4908531e-08
0.013954379
5.9258651e-08
0.013460752
2.5544551e-08
0.012401426
0.010350001
1.6442251e-08
0.0025515925
5.413556e-08
0.0068069434
9.2690546e-08
0.0099072655
1.1687969e-07
0.012022862
1.2074471e-07
0.013315445
1.0616688e-07
0.013924224
7.949422e-08
0.013954405
4.8539765e-08
0.013460783
2.0386829e-08
0.012401455
0.010350021
1.4638315e-08
0.0025515779
4.7910782e-08
0.0068069102
8.1247692e-08
0.0099072321
1.0116298e-07
0.012022842
1.0288272e-07
0.013315443
8.8741356e-08
0.013924238
6.4887435e-08
0.013954429
3.8457814e-08
0.013460809
1.5553641e-08
0.012401478
0.010350037
1.2857073e-08
0.002551565
4.1798817e-08
0.0068068812
7.0134198e-08
0.0099072038
8.6092516e-08
0.012022826
8.5977216e-08
0.013315444
7.2452283e-08
0.013924252
5.1384246e-08
0.01395445
2.9225369e-08
0.013460831
1.1157693e-08
0.012401496
0.010350048
1.1141611e-08
0.0025515539
3.5945252e-08
0.0068068564
5.9599898e-08
0.0099071801
7.1985075e-08
0.012022814
7.0364872e-08
0.013315445
5.7614816e-08
0.013924264
3.9251615e-08
0.013954469
2.1037291e-08
0.013460849
7.3043386e-09
0.012401509
0.010350055
9.5253874e-09
0.0025515443
3.046316e-08
0.0068068355
4.9839182e-08
0.0099071608
5.9087196e-08
0.012022804
5.6303851e-08
0.013315448
4.4470001e-08
0.013924276
2.8693826e-08
0.013954484
1.4046461e-08
0.013460864
4.0765352e-09
0.012401519
0.010350059
8.0225024e-09
0.0025515363
2.5412435e-08
0.0068068181
4.0952997e-08
0.0099071452
4.7514467e-08
0.012022798
4.3897768e-08
0.013315452
3.3094081e-08
0.013924287
1.9757833e-08
0.013954498
8.2756312e-09
0.013460876
1.480004e-09
0.012401526
0.010350061
6.6498104e-09
0.0025515297
2.0831883e-08
0.0068068039
3.3019711e-08
0.009907133
3.74018e-08
0.012022794
3.3344296e-08
0.013315456
2.373292e-08
0.013924297
1.2702698e-08
0.013954509
3.9546139e-09
0.013460884
-3.3095063e-10
0.01240153
0.01035006
3.0249535e-09
9.4497892e-09
1.4865787e-08
1.6634672e-08
1.4570984e-08
1.0054721e-08
5.0821188e-09
1.2938183e-09
-3.5409309e-10
)
;

boundaryField
{
    water_inlet
    {
        type            calculated;
        value           nonuniform List<scalar> 10(-0.0021750989 -0.0058428937 -0.0086267772 -0.010688211 -0.012161792 -0.013159549 -0.01377456 -0.014084001 -0.014151716 -0.014030398);
    }
    water_outlet
    {
        type            calculated;
        value           nonuniform List<scalar> 10(0.0025515267 0.0068067975 0.0099071276 0.012022792 0.013315458 0.013924301 0.013954514 0.013460888 0.012401532 0.01035006);
    }
    water_wedge1
    {
        type            wedge;
        value           nonuniform List<scalar> 
1000
(
-1.129638e-13
-1.4267828e-13
-1.1216046e-13
-1.0631275e-13
-9.9353925e-14
-9.338923e-14
-8.8692224e-14
-8.495699e-14
-8.1978542e-14
-7.9487393e-14
-7.7280464e-14
-7.5238838e-14
-7.3264097e-14
-7.1279541e-14
-6.9187002e-14
-6.6856106e-14
-6.4134094e-14
-6.0819285e-14
-5.6669644e-14
-5.1407499e-14
-4.4793388e-14
-3.6659177e-14
-2.708013e-14
-1.6558119e-14
-5.8610927e-15
4.0613674e-15
1.2372582e-14
1.8672311e-14
2.2895274e-14
2.5298538e-14
2.6223288e-14
2.6008966e-14
2.5028487e-14
2.3512117e-14
2.1687414e-14
1.970467e-14
1.7623982e-14
1.5586681e-14
1.3615621e-14
1.1728911e-14
9.9959784e-15
8.391437e-15
6.9277156e-15
5.6147626e-15
4.4398161e-15
3.4018863e-15
2.4995767e-15
1.7154219e-15
1.0421579e-15
4.8119018e-16
1.2570608e-17
-3.6627271e-16
-6.721576e-16
-9.0997214e-16
-1.0826159e-15
-1.2080567e-15
-1.2868114e-15
-1.3287257e-15
-1.3343007e-15
-1.3086828e-15
-1.2657693e-15
-1.2100487e-15
-1.1342265e-15
-1.0453096e-15
-9.5282208e-16
-8.6351088e-16
-7.6943803e-16
-6.7110017e-16
-5.8329286e-16
-5.0044408e-16
-4.1670144e-16
-3.3585859e-16
-2.704297e-16
-2.1054194e-16
-1.5259918e-16
-1.055144e-16
-6.363693e-17
-2.7209838e-17
1.2241719e-18
2.2583599e-17
4.4079616e-17
6.7084321e-17
7.5418684e-17
7.7174995e-17
8.2762393e-17
8.653408e-17
8.3690264e-17
8.2211002e-17
8.4598236e-17
7.821154e-17
6.9888237e-17
6.0237695e-17
5.4471523e-17
5.078886e-17
4.4077712e-17
3.5153511e-17
2.9453015e-17
3.1607299e-17
2.1069136e-17
4.5957579e-18
-6.8081262e-13
-1.033545e-12
-8.392899e-13
-7.9752849e-13
-7.4939914e-13
-7.031364e-13
-6.6536323e-13
-6.3522979e-13
-6.1093842e-13
-5.9052946e-13
-5.7244853e-13
-5.5560486e-13
-5.3912527e-13
-5.2219952e-13
-5.0397591e-13
-4.8343477e-13
-4.593457e-13
-4.3018934e-13
-3.9436707e-13
-3.5055444e-13
-2.9813815e-13
-2.3765334e-13
-1.7103522e-13
-1.0155483e-13
-3.3365467e-14
2.8950292e-14
8.1484732e-14
1.2214876e-13
1.5063372e-13
1.6797031e-13
1.7589184e-13
1.7635048e-13
1.7126878e-13
1.6227519e-13
1.5073381e-13
1.3769772e-13
1.2392946e-13
1.1003812e-13
9.644015e-14
8.3435798e-14
7.1221895e-14
5.9905203e-14
4.9554773e-14
4.0197882e-14
3.1833182e-14
2.4423334e-14
1.7935184e-14
1.2314222e-14
7.5075263e-15
3.4676439e-15
1.1330187e-16
-2.619083e-15
-4.8020653e-15
-6.503349e-15
-7.7698148e-15
-8.6575907e-15
-9.2153318e-15
-9.4966523e-15
-9.5367246e-15
-9.3782722e-15
-9.0661496e-15
-8.6209365e-15
-8.0819975e-15
-7.47749e-15
-6.83327e-15
-6.1653593e-15
-5.476614e-15
-4.8075705e-15
-4.1596031e-15
-3.538827e-15
-2.9591344e-15
-2.4115521e-15
-1.9179745e-15
-1.4748319e-15
-1.0824983e-15
-7.3740615e-16
-4.306849e-16
-1.7340927e-16
4.4130785e-17
2.2240251e-16
3.6231479e-16
4.7129999e-16
5.4713598e-16
5.9373311e-16
6.2167413e-16
6.3747728e-16
6.3550995e-16
6.1757802e-16
5.912709e-16
5.5866691e-16
5.1845124e-16
4.7450931e-16
4.3086807e-16
3.8076669e-16
3.3386075e-16
2.9110379e-16
2.4912087e-16
2.1263483e-16
1.7334663e-16
9.6461788e-17
3.1339117e-12
4.8023012e-12
3.9072341e-12
3.7113885e-12
3.4900561e-12
3.2689338e-12
3.0860173e-12
2.9387777e-12
2.817614e-12
2.7124759e-12
2.6152692e-12
2.5197154e-12
2.4205066e-12
2.3123582e-12
2.1894977e-12
2.0461184e-12
1.8774983e-12
1.6811033e-12
1.4574263e-12
1.2105491e-12
9.4809029e-13
6.8016672e-13
4.1759668e-13
1.7019621e-13
-5.3299291e-14
-2.4553679e-13
-4.0216454e-13
-5.2203916e-13
-6.0636258e-13
-6.5805943e-13
-6.8128536e-13
-6.8086661e-13
-6.6176513e-13
-6.2868531e-13
-5.8579651e-13
-5.3664418e-13
-4.8412332e-13
-4.3049004e-13
-3.7747883e-13
-3.2635825e-13
-2.7801063e-13
-2.3301781e-13
-1.9174629e-13
-1.5436601e-13
-1.2090293e-13
-9.1309284e-14
-6.5425985e-14
-4.3080588e-14
-2.4073091e-14
-8.1726239e-15
4.8949415e-15
1.5477816e-14
2.3849469e-14
3.0245864e-14
3.489282e-14
3.8021238e-14
3.9854076e-14
4.0550806e-14
4.0312563e-14
3.9307013e-14
3.7687572e-14
3.5611969e-14
3.3173277e-14
3.0495704e-14
2.7671192e-14
2.4790123e-14
2.1930464e-14
1.9112126e-14
1.6403685e-14
1.3834623e-14
1.1433755e-14
9.2395857e-15
7.2390099e-15
5.4468536e-15
3.8529362e-15
2.4649404e-15
1.2863215e-15
2.6787034e-16
-5.7979558e-16
-1.2647441e-15
-1.8007866e-15
-2.1882867e-15
-2.4647338e-15
-2.6392947e-15
-2.7190597e-15
-2.7278283e-15
-2.6770187e-15
-2.5886796e-15
-2.468418e-15
-2.3160109e-15
-2.1428436e-15
-1.9491281e-15
-1.7530758e-15
-1.5610946e-15
-1.365845e-15
-1.1768522e-15
-9.9856803e-16
-8.3983224e-16
-6.9762642e-16
-4.1126792e-16
-3.7211492e-12
-5.4869308e-12
-4.4854208e-12
-4.2512634e-12
-3.9873748e-12
-3.7244142e-12
-3.5031612e-12
-3.3195203e-12
-3.1610786e-12
-3.0149857e-12
-2.8702753e-12
-2.7174946e-12
-2.5486726e-12
-2.3580411e-12
-2.1427191e-12
-1.9031647e-12
-1.6434657e-12
-1.3711292e-12
-1.0958713e-12
-8.276843e-13
-5.7484825e-13
-3.4278593e-13
-1.3422692e-13
4.9293059e-14
2.0667108e-13
3.3755264e-13
4.4236887e-13
5.2195685e-13
5.7743651e-13
6.1043554e-13
6.2317629e-13
6.1837109e-13
5.9908271e-13
5.684389e-13
5.2945784e-13
4.848823e-13
4.3707355e-13
3.8802957e-13
3.3931685e-13
2.9213817e-13
2.4739193e-13
2.0568589e-13
1.6740164e-13
1.3275921e-13
1.0182707e-13
7.4550545e-14
5.0819769e-14
3.0481717e-14
1.3363197e-14
-7.9583259e-16
-1.2326668e-14
-2.152081e-14
-2.8631094e-14
-3.3891368e-14
-3.7533532e-14
-3.977249e-14
-4.0809257e-14
-4.084202e-14
-4.004637e-14
-3.8582885e-14
-3.6599225e-14
-3.4224228e-14
-3.1577587e-14
-2.8762767e-14
-2.5868813e-14
-2.2962857e-14
-2.0101971e-14
-1.733806e-14
-1.4708309e-14
-1.2243847e-14
-9.9624423e-15
-7.8833963e-15
-6.0141656e-15
-4.3542559e-15
-2.9065038e-15
-1.653272e-15
-5.7731539e-16
3.2387554e-16
1.061943e-15
1.6414132e-15
2.07894e-15
2.3953965e-15
2.5966814e-15
2.7054248e-15
2.7366886e-15
2.7054295e-15
2.628047e-15
2.5094212e-15
2.3614937e-15
2.1916944e-15
2.0091882e-15
1.8169154e-15
1.6173752e-15
1.4197921e-15
1.2269923e-15
1.0462414e-15
8.7985601e-16
7.2386504e-16
5.8679081e-16
3.3663985e-16
-1.0858281e-12
-1.523946e-12
-1.2530994e-12
-1.181926e-12
-1.1008314e-12
-1.0209645e-12
-9.519696e-13
-8.9178093e-13
-8.3605052e-13
-7.8041584e-13
-7.2162434e-13
-6.578729e-13
-5.8878492e-13
-5.1529711e-13
-4.3944633e-13
-3.6393783e-13
-2.9151281e-13
-2.2432042e-13
-1.6359124e-13
-1.0968232e-13
-6.2331837e-14
-2.1021021e-14
1.4667423e-14
4.5073318e-14
7.0536549e-14
9.139602e-14
1.0791087e-13
1.2027033e-13
1.2862746e-13
1.331763e-13
1.3420627e-13
1.3208928e-13
1.2729768e-13
1.2034e-13
1.117411e-13
1.0201423e-13
9.1616992e-14
8.0962051e-14
7.0379532e-14
6.012753e-14
5.0412964e-14
4.1372436e-14
3.3094511e-14
2.5634826e-14
1.9010198e-14
1.3211613e-14
8.2091889e-15
3.9728394e-15
4.5809285e-16
-2.4106633e-15
-4.7083758e-15
-6.4982954e-15
-7.8320915e-15
-8.764987e-15
-9.3571122e-15
-9.6530511e-15
-9.6979416e-15
-9.5364116e-15
-9.2101515e-15
-8.7584576e-15
-8.2079039e-15
-7.5876974e-15
-6.922419e-15
-6.2346694e-15
-5.5465457e-15
-4.8663406e-15
-4.2089267e-15
-3.582071e-15
-2.9910753e-15
-2.4464027e-15
-1.9456511e-15
-1.4962841e-15
-1.0948392e-15
-7.4094438e-16
-4.412712e-16
-1.8260444e-16
3.6358628e-17
2.1847379e-16
3.6522745e-16
4.7101638e-16
5.5201884e-16
6.0667326e-16
6.3289001e-16
6.4527406e-16
6.370934e-16
6.2078713e-16
5.9611439e-16
5.583833e-16
5.2239701e-16
4.7706241e-16
4.3238789e-16
3.8905339e-16
3.3894846e-16
2.9547839e-16
2.4855191e-16
2.0901437e-16
1.7448613e-16
1.3694459e-16
1.1074192e-16
6.1805351e-17
-1.5235295e-12
-2.0202538e-12
-1.6642509e-12
-1.5632229e-12
-1.4418434e-12
-1.3187428e-12
-1.2058545e-12
-1.0997879e-12
-9.9514918e-13
-8.883138e-13
-7.7850185e-13
-6.6750934e-13
-5.5886029e-13
-4.5649927e-13
-3.63471e-13
-2.8125544e-13
-2.0991916e-13
-1.4863892e-13
-9.6212571e-14
-5.1342398e-14
-1.2891065e-14
1.9896153e-14
4.7612587e-14
7.0813243e-14
8.9993755e-14
1.0552522e-13
1.1762893e-13
1.2643001e-13
1.3200841e-13
1.3446313e-13
1.3396397e-13
1.3076435e-13
1.2521515e-13
1.1772593e-13
1.0874606e-13
9.8734715e-14
8.8117829e-14
7.7287594e-14
6.6572836e-14
5.6233849e-14
4.6474365e-14
3.7436632e-14
2.9212467e-14
2.1851365e-14
1.5368504e-14
9.7552386e-15
4.9850025e-15
1.0091389e-15
-2.2430718e-15
-4.8533768e-15
-6.8925191e-15
-8.4188914e-15
-9.4952786e-15
-1.0181562e-14
-1.0533921e-14
-1.0609967e-14
-1.04549e-14
-1.0110737e-14
-9.6214307e-15
-9.0234714e-15
-8.3510216e-15
-7.6271962e-15
-6.8756106e-15
-6.1183303e-15
-5.3716191e-15
-4.6520327e-15
-3.9659953e-15
-3.3204335e-15
-2.7196769e-15
-2.1682378e-15
-1.6735556e-15
-1.232244e-15
-8.4288218e-16
-5.0608595e-16
-2.1901651e-16
2.0170441e-17
2.1780072e-16
3.7794448e-16
5.0300549e-16
5.9467852e-16
6.5652289e-16
6.9132738e-16
7.0313649e-16
6.9996611e-16
6.8098581e-16
6.5051212e-16
6.1454895e-16
5.7087996e-16
5.2490818e-16
4.770284e-16
4.2643658e-16
3.7712733e-16
3.2622771e-16
2.7887138e-16
2.333878e-16
1.9092702e-16
1.540132e-16
1.1836556e-16
9.1351156e-17
4.8877327e-17
9.8320255e-12
1.2244871e-11
9.7925855e-12
9.079366e-12
8.2358026e-12
7.320929e-12
6.4223793e-12
5.5553756e-12
4.7220558e-12
3.9327878e-12
3.2079137e-12
2.5665889e-12
2.0172177e-12
1.5563757e-12
1.1734239e-12
8.5561231e-13
5.9101099e-13
3.6946751e-13
1.8287324e-13
2.5090781e-14
-1.0820358e-13
-2.2007426e-13
-3.1335163e-13
-3.9063016e-13
-4.5386614e-13
-5.0433617e-13
-5.427184e-13
-5.6927973e-13
-5.841084e-13
-5.8735436e-13
-5.7942411e-13
-5.6110352e-13
-5.3358104e-13
-4.9839137e-13
-4.5729772e-13
-4.1214688e-13
-3.6474294e-13
-3.1673262e-13
-2.6952996e-13
-2.2428445e-13
-1.8186389e-13
-1.4287572e-13
-1.077021e-13
-7.6532221e-14
-4.9408393e-14
-2.6286807e-14
-6.9790684e-15
8.8577332e-15
2.1599997e-14
3.1577587e-14
3.9077413e-14
4.4389262e-14
4.7804054e-14
4.9601546e-14
5.004312e-14
4.9368545e-14
4.7797608e-14
4.552652e-14
4.2727753e-14
3.9553436e-14
3.6135561e-14
3.2590258e-14
2.9015945e-14
2.5493608e-14
2.2087045e-14
1.8842281e-14
1.5792226e-14
1.2960135e-14
1.0362e-14
8.0088935e-15
5.9070707e-15
4.0590438e-15
2.4591599e-15
1.0946799e-15
-5.0204594e-17
-9.9190601e-16
-1.7465056e-15
-2.3337464e-15
-2.7716696e-15
-3.0751846e-15
-3.2581845e-15
-3.3351713e-15
-3.3218626e-15
-3.2353188e-15
-3.0943507e-15
-2.9158937e-15
-2.7131573e-15
-2.4964915e-15
-2.2718983e-15
-2.042456e-15
-1.8105703e-15
-1.5786459e-15
-1.3523581e-15
-1.135137e-15
-9.3290601e-16
-7.4951027e-16
-5.8716024e-16
-4.4747825e-16
-3.3040626e-16
-1.6601597e-16
-2.1664299e-13
-2.7929051e-13
-2.0492003e-13
-1.7660057e-13
-1.5135411e-13
-1.2642842e-13
-1.0306179e-13
-8.2197122e-14
-6.4407083e-14
-4.9843605e-14
-3.8254902e-14
-2.9142194e-14
-2.1962861e-14
-1.625094e-14
-1.1648579e-14
-7.892271e-15
-4.7864693e-15
-2.194209e-15
-2.4114579e-17
1.7930276e-15
3.3087146e-15
4.5673018e-15
5.6088238e-15
6.4649429e-15
7.1573282e-15
7.6993621e-15
8.0965018e-15
8.3491268e-15
8.4568793e-15
8.4179299e-15
8.2342196e-15
7.9147624e-15
7.4739467e-15
6.9316439e-15
6.3116515e-15
5.6395721e-15
4.9404293e-15
4.2380595e-15
3.5538207e-15
2.9029001e-15
2.297315e-15
1.7466703e-15
1.2548786e-15
8.2422343e-16
4.5642363e-16
1.482995e-16
-1.0499844e-16
-3.0930751e-16
-4.7043418e-16
-5.9227429e-16
-6.7902399e-16
-7.3554873e-16
-7.6600842e-16
-7.7448558e-16
-7.6523123e-16
-7.4235901e-16
-7.0825818e-16
-6.6551794e-16
-6.1690918e-16
-5.6399611e-16
-5.0948921e-16
-4.5455681e-16
-4.0005218e-16
-3.4726076e-16
-2.9652535e-16
-2.4930976e-16
-2.060019e-16
-1.6594702e-16
-1.2951606e-16
-9.6468034e-17
-6.7628978e-17
-4.2947386e-17
-2.1784426e-17
-3.8094186e-18
1.1374217e-17
2.2968428e-17
3.1951703e-17
3.8875629e-17
4.3642766e-17
4.699295e-17
4.8420819e-17
4.8576146e-17
4.7448562e-17
4.4981434e-17
4.2262583e-17
3.9164479e-17
3.588968e-17
3.2534792e-17
2.8868669e-17
2.4820185e-17
2.1319224e-17
1.8341654e-17
1.4774783e-17
1.1524999e-17
8.7640662e-18
6.0160393e-18
3.5697452e-18
1.6368753e-18
1.2919929e-19
-1.6143089e-18
-1.9757702e-12
-5.55277e-12
-4.1251354e-12
-3.2301886e-12
-2.5097097e-12
-1.8982089e-12
-1.3933912e-12
-1.0034823e-12
-7.2027525e-13
-5.2074702e-13
-3.7985185e-13
-2.7782362e-13
-2.0133958e-13
-1.4206461e-13
-9.4849772e-14
-5.6236973e-14
-2.4155646e-14
2.4717787e-15
2.4525777e-14
4.2751017e-14
5.7797762e-14
7.0220165e-14
8.0446063e-14
8.8775621e-14
9.5411895e-14
1.0047037e-13
1.0398634e-13
1.0593248e-13
1.0625465e-13
1.0490948e-13
1.019011e-13
9.7306754e-14
9.1284508e-14
8.4067949e-14
7.5945899e-14
6.723724e-14
5.8262993e-14
4.9321868e-14
4.067192e-14
3.2518535e-14
2.5011195e-14
1.8248494e-14
1.2282652e-14
7.1641683e-15
2.8819804e-15
-6.5551554e-16
-3.5366186e-15
-5.8301927e-15
-7.5839504e-15
-8.8506795e-15
-9.6912906e-15
-1.0165954e-14
-1.033477e-14
-1.0252721e-14
-9.9694072e-15
-9.5303391e-15
-8.9726532e-15
-8.3304649e-15
-7.6324177e-15
-6.902417e-15
-6.162252e-15
-5.4283579e-15
-4.7156683e-15
-4.0356957e-15
-3.3970394e-15
-2.8059427e-15
-2.2637035e-15
-1.7711409e-15
-1.3279364e-15
-9.3401349e-16
-5.888843e-16
-2.9046219e-16
-3.9903591e-17
1.6397133e-16
3.2503565e-16
4.4804352e-16
5.4076548e-16
6.0756571e-16
6.5183738e-16
6.7650341e-16
6.8205358e-16
6.7075269e-16
6.452403e-16
6.0865169e-16
5.6498748e-16
5.1753201e-16
4.6926056e-16
4.2189878e-16
3.756753e-16
3.3034754e-16
2.861749e-16
2.4312905e-16
2.0086083e-16
1.6052663e-16
1.2383672e-16
9.1303939e-17
6.3626539e-17
4.117025e-17
2.3957873e-17
6.6226925e-18
5.1320967e-13
1.0604978e-13
1.3674589e-14
-1.404531e-14
-1.9624129e-14
-1.8329063e-14
-1.5181879e-14
-1.1900813e-14
-9.0776834e-15
-6.8244819e-15
-5.0704153e-15
-3.7042576e-15
-2.6283895e-15
-1.7692693e-15
-1.0738053e-15
-4.9890972e-16
-1.2812239e-17
3.9296947e-16
7.2422033e-16
9.9358531e-16
1.2136109e-15
1.3945693e-15
1.5421598e-15
1.661529e-15
1.7553224e-15
1.824747e-15
1.8704061e-15
1.8907542e-15
1.8847951e-15
1.8513777e-15
1.7898175e-15
1.701598e-15
1.5889514e-15
1.4562274e-15
1.3081802e-15
1.1502027e-15
9.8864479e-16
8.282353e-16
6.7401477e-16
5.2977533e-16
3.9750539e-16
2.7927271e-16
1.7573761e-16
8.7904293e-17
1.6215679e-17
-4.2090145e-17
-8.9392758e-17
-1.2686496e-16
-1.5475304e-16
-1.7394042e-16
-1.8620057e-16
-1.9205348e-16
-1.9259173e-16
-1.8901403e-16
-1.8203033e-16
-1.7266655e-16
-1.6137995e-16
-1.4882017e-16
-1.3553556e-16
-1.2168446e-16
-1.0811034e-16
-9.4831203e-17
-8.1953442e-17
-6.9644428e-17
-5.8135952e-17
-4.7828419e-17
-3.8462606e-17
-2.9934931e-17
-2.2251419e-17
-1.5460013e-17
-9.6124534e-18
-4.4321841e-18
-2.8916781e-19
2.9920066e-18
5.7733628e-18
7.4764771e-18
8.7660668e-18
9.8364512e-18
1.0418447e-17
1.0915145e-17
1.0929166e-17
1.0550426e-17
1.0028711e-17
9.1613219e-18
8.3241248e-18
7.2703445e-18
6.3134425e-18
5.563448e-18
4.6314978e-18
3.7668059e-18
2.8916165e-18
2.1801699e-18
1.5375105e-18
6.3008616e-19
-4.7053406e-20
-6.3768051e-19
-1.1487085e-18
-1.3868062e-18
-1.7759355e-18
-2.130307e-18
)
;
    }
    water_wedge2
    {
        type            wedge;
        value           nonuniform List<scalar> 
1000
(
-1.1294466e-13
-1.4266507e-13
-1.1216856e-13
-1.063169e-13
-9.9364415e-14
-9.3388251e-14
-8.8676813e-14
-8.4952953e-14
-8.196897e-14
-7.9474356e-14
-7.7273943e-14
-7.523084e-14
-7.3260644e-14
-7.1272815e-14
-6.9174805e-14
-6.6849811e-14
-6.412763e-14
-6.0809201e-14
-5.6660685e-14
-5.141977e-14
-4.4795614e-14
-3.6640956e-14
-2.7085412e-14
-1.6557039e-14
-5.8666904e-15
4.0485019e-15
1.2385138e-14
1.8672888e-14
2.2909321e-14
2.5298012e-14
2.6202262e-14
2.6018837e-14
2.5027595e-14
2.3526986e-14
2.1695034e-14
1.968198e-14
1.7644924e-14
1.5596079e-14
1.3618353e-14
1.176403e-14
1.0007943e-14
8.4007217e-15
6.941454e-15
5.6219023e-15
4.4492372e-15
3.4137842e-15
2.503149e-15
1.7190503e-15
1.0521715e-15
4.8529105e-16
2.026526e-17
-3.6198105e-16
-6.6470222e-16
-8.9999541e-16
-1.080453e-15
-1.2028183e-15
-1.2804473e-15
-1.3165262e-15
-1.3227097e-15
-1.305133e-15
-1.2602821e-15
-1.1931567e-15
-1.1195922e-15
-1.0401868e-15
-9.520266e-16
-8.5404683e-16
-7.5897852e-16
-6.7034044e-16
-5.7667575e-16
-4.8628647e-16
-4.0717899e-16
-3.3717492e-16
-2.6481102e-16
-2.004941e-16
-1.4788835e-16
-9.7799674e-17
-5.5356519e-17
-1.9548308e-17
1.2736774e-17
4.1017625e-17
5.8789323e-17
6.5608176e-17
7.8718962e-17
9.115186e-17
9.3620595e-17
9.2835374e-17
9.4530581e-17
9.1524536e-17
8.1977555e-17
7.9076228e-17
7.64975e-17
7.4075389e-17
6.7080547e-17
5.7730878e-17
5.1556786e-17
4.8043663e-17
4.2007819e-17
2.8915666e-17
2.9376811e-17
2.2440757e-17
-6.8080849e-13
-1.0335384e-12
-8.3928953e-13
-7.975264e-13
-7.4939352e-13
-7.0313331e-13
-6.6535184e-13
-6.3521768e-13
-6.1093248e-13
-5.9051914e-13
-5.7244756e-13
-5.5560259e-13
-5.3912109e-13
-5.2219589e-13
-5.0396102e-13
-4.8343098e-13
-4.5934084e-13
-4.3018531e-13
-3.9436219e-13
-3.5054562e-13
-2.9813206e-13
-2.3764818e-13
-1.7103495e-13
-1.0154473e-13
-3.3366817e-14
2.8937478e-14
8.1484342e-14
1.2214503e-13
1.5064863e-13
1.679779e-13
1.7587528e-13
1.763484e-13
1.7126658e-13
1.6229341e-13
1.5075075e-13
1.3768617e-13
1.2392894e-13
1.1004425e-13
9.6458264e-14
8.3456166e-14
7.1229561e-14
5.9911954e-14
4.9564661e-14
4.021025e-14
3.1839129e-14
2.4434e-14
1.7945115e-14
1.2326232e-14
7.5224387e-15
3.4721453e-15
1.2569887e-16
-2.6065344e-15
-4.7937782e-15
-6.4894781e-15
-7.7574877e-15
-8.6471481e-15
-9.2096265e-15
-9.4851928e-15
-9.5262899e-15
-9.3714668e-15
-9.0506431e-15
-8.6115062e-15
-8.0761647e-15
-7.4711407e-15
-6.818142e-15
-6.1419333e-15
-5.4740071e-15
-4.8024889e-15
-4.1497511e-15
-3.5290586e-15
-2.941834e-15
-2.4085478e-15
-1.9148899e-15
-1.4683094e-15
-1.0689576e-15
-7.1828641e-16
-4.2110486e-16
-1.610318e-16
5.6284733e-17
2.3365608e-16
3.7511864e-16
4.798718e-16
5.5766589e-16
6.1256243e-16
6.4200175e-16
6.4712162e-16
6.4036471e-16
6.2574554e-16
6.0049765e-16
5.6650055e-16
5.2867203e-16
4.8627818e-16
4.3858814e-16
3.9534416e-16
3.49807e-16
3.0327204e-16
2.6093714e-16
2.1894875e-16
1.8604844e-16
1.1416606e-16
3.1339206e-12
4.8023132e-12
3.9072403e-12
3.7113928e-12
3.49006e-12
3.2689374e-12
3.0860182e-12
2.938782e-12
2.8176221e-12
2.7124788e-12
2.6152685e-12
2.5197168e-12
2.4205084e-12
2.3123592e-12
2.1895011e-12
2.046123e-12
1.877501e-12
1.6811054e-12
1.4574278e-12
1.21055e-12
9.4808933e-13
6.8016593e-13
4.1759589e-13
1.7019516e-13
-5.3304848e-14
-2.4554744e-13
-4.021692e-13
-5.2204084e-13
-6.0636046e-13
-6.580583e-13
-6.812886e-13
-6.8087042e-13
-6.6176937e-13
-6.2867966e-13
-5.8579213e-13
-5.366462e-13
-4.8411718e-13
-4.3048806e-13
-3.7747604e-13
-3.2634518e-13
-2.7799066e-13
-2.3300631e-13
-1.9173296e-13
-1.5435031e-13
-1.2090156e-13
-9.1295248e-14
-6.5413134e-14
-4.3065858e-14
-2.4060573e-14
-8.1742212e-15
4.9113512e-15
1.5492784e-14
2.3857186e-14
3.0252754e-14
3.4912787e-14
3.8046889e-14
3.9849561e-14
4.0553216e-14
4.0321145e-14
3.9322126e-14
3.7710712e-14
3.5608719e-14
3.3173338e-14
3.0501285e-14
2.7691151e-14
2.4814044e-14
2.1926166e-14
1.9117913e-14
1.6410814e-14
1.3847963e-14
1.1457066e-14
9.2410895e-15
7.239104e-15
5.4472225e-15
3.8726986e-15
2.4936391e-15
1.2846498e-15
2.7234849e-16
-5.6960081e-16
-1.2490042e-15
-1.7754913e-15
-2.1775878e-15
-2.4494946e-15
-2.6153703e-15
-2.7016664e-15
-2.7165614e-15
-2.6769861e-15
-2.5848823e-15
-2.4541409e-15
-2.3006612e-15
-2.1269616e-15
-1.9449746e-15
-1.7491786e-15
-1.5448973e-15
-1.3510146e-15
-1.1671034e-15
-9.9597387e-16
-8.3231364e-16
-6.8103211e-16
-3.9853445e-16
-3.7211463e-12
-5.4869267e-12
-4.4854184e-12
-4.2512611e-12
-3.9873712e-12
-3.7244112e-12
-3.5031591e-12
-3.3195172e-12
-3.1610754e-12
-3.0149838e-12
-2.8702717e-12
-2.7174906e-12
-2.5486683e-12
-2.3580394e-12
-2.1427208e-12
-1.90316e-12
-1.6434617e-12
-1.3711253e-12
-1.0958671e-12
-8.2768859e-13
-5.7485213e-13
-3.427852e-13
-1.3422963e-13
4.9289525e-14
2.0666662e-13
3.375419e-13
4.4236664e-13
5.2195667e-13
5.7743931e-13
6.1043839e-13
6.2316653e-13
6.1837013e-13
5.9908108e-13
5.6844095e-13
5.2945973e-13
4.8487635e-13
4.3708298e-13
3.8803342e-13
3.3931674e-13
2.9214982e-13
2.4740461e-13
2.0569601e-13
1.6741904e-13
1.3277605e-13
1.0183187e-13
7.4555267e-14
5.0828832e-14
3.0499121e-14
1.3375784e-14
-7.9155248e-16
-1.2317251e-14
-2.1510563e-14
-2.8621992e-14
-3.3885909e-14
-3.752528e-14
-3.9761008e-14
-4.0802963e-14
-4.0836153e-14
-4.0038628e-14
-3.8573612e-14
-3.6587293e-14
-3.4215133e-14
-3.1571696e-14
-2.8757877e-14
-2.585822e-14
-2.2950041e-14
-2.0093657e-14
-1.733151e-14
-1.4701901e-14
-1.2233284e-14
-9.9530974e-15
-7.8736796e-15
-6.0048381e-15
-4.3499644e-15
-2.895445e-15
-1.6373294e-15
-5.6751034e-16
3.3206684e-16
1.0655716e-15
1.6491376e-15
2.0926015e-15
2.4041703e-15
2.6092509e-15
2.7180182e-15
2.7483449e-15
2.716447e-15
2.6331699e-15
2.5162061e-15
2.3713972e-15
2.2051609e-15
2.0204362e-15
1.8248279e-15
1.6271964e-15
1.4289658e-15
1.237979e-15
1.0553126e-15
8.8517254e-16
7.3439871e-16
5.9647283e-16
3.4196895e-16
-1.0858262e-12
-1.5239446e-12
-1.2531003e-12
-1.1819259e-12
-1.1008298e-12
-1.0209631e-12
-9.5196821e-13
-8.9177894e-13
-8.3604844e-13
-7.8041431e-13
-7.2162305e-13
-6.5787045e-13
-5.8878235e-13
-5.1529551e-13
-4.394453e-13
-3.6393802e-13
-2.9151279e-13
-2.2431829e-13
-1.6358817e-13
-1.0968138e-13
-6.2331529e-14
-2.1017707e-14
1.4667443e-14
4.5069717e-14
7.0533116e-14
9.1390158e-14
1.0791356e-13
1.2027241e-13
1.2862505e-13
1.3317543e-13
1.3420155e-13
1.3209169e-13
1.2729749e-13
1.2033665e-13
1.1173985e-13
1.0201165e-13
9.1622869e-14
8.0966854e-14
7.0381173e-14
6.0135943e-14
5.0421038e-14
4.1380307e-14
3.310735e-14
2.5648141e-14
1.9019618e-14
1.3213923e-14
8.2146137e-15
3.9857114e-15
4.6921938e-16
-2.4028377e-15
-4.7025265e-15
-6.4901908e-15
-7.8256484e-15
-8.7636217e-15
-9.3503632e-15
-9.6422135e-15
-9.6882129e-15
-9.5306335e-15
-9.2070816e-15
-8.750045e-15
-8.1973482e-15
-7.5770436e-15
-6.9146485e-15
-6.2306116e-15
-5.5386458e-15
-4.8594933e-15
-4.2011381e-15
-3.5735882e-15
-2.9853698e-15
-2.4366512e-15
-1.9376041e-15
-1.4857663e-15
-1.0864542e-15
-7.3855802e-16
-4.3075925e-16
-1.6986769e-16
4.8527812e-17
2.2611493e-16
3.6627124e-16
4.8062553e-16
5.5939075e-16
6.1074066e-16
6.4390868e-16
6.5180605e-16
6.4870356e-16
6.2923366e-16
5.996845e-16
5.6959815e-16
5.2781839e-16
4.8813337e-16
4.428679e-16
3.9337675e-16
3.5011291e-16
3.0191483e-16
2.6118582e-16
2.1884868e-16
1.7862583e-16
1.4901459e-16
1.1618815e-16
6.3848217e-17
-1.5235292e-12
-2.0202537e-12
-1.6642518e-12
-1.5632246e-12
-1.4418425e-12
-1.3187403e-12
-1.205854e-12
-1.099787e-12
-9.9514787e-13
-8.8831368e-13
-7.7850212e-13
-6.6750837e-13
-5.5885925e-13
-4.564996e-13
-3.6347094e-13
-2.8125538e-13
-2.0991913e-13
-1.4863772e-13
-9.6210889e-14
-5.1342735e-14
-1.2891586e-14
1.9897943e-14
4.7612695e-14
7.0811646e-14
8.9991781e-14
1.0552215e-13
1.1763058e-13
1.2643156e-13
1.3200689e-13
1.3446119e-13
1.3396056e-13
1.3076552e-13
1.2521477e-13
1.177244e-13
1.0874605e-13
9.8731836e-14
8.8119824e-14
7.7291596e-14
6.6574968e-14
5.6238496e-14
4.6480199e-14
3.7442992e-14
2.9219368e-14
2.1859618e-14
1.5377173e-14
9.7612621e-15
4.9905375e-15
1.0174775e-15
-2.2355051e-15
-4.8466418e-15
-6.8840439e-15
-8.4118711e-15
-9.4893096e-15
-1.01764e-14
-1.0531155e-14
-1.0602822e-14
-1.0444559e-14
-1.0103861e-14
-9.617312e-15
-9.0203202e-15
-8.3423763e-15
-7.6162493e-15
-6.8665176e-15
-6.1118107e-15
-5.3688175e-15
-4.6467605e-15
-3.9585721e-15
-3.3116456e-15
-2.7123591e-15
-2.1641782e-15
-1.6652173e-15
-1.2218798e-15
-8.3521884e-16
-5.0056585e-16
-2.1402702e-16
2.9411347e-17
2.2930691e-16
3.8784405e-16
5.0950629e-16
5.9954235e-16
6.6090185e-16
6.9749394e-16
7.1266656e-16
7.0628796e-16
6.8713533e-16
6.5828683e-16
6.1988963e-16
5.7887414e-16
5.3313088e-16
4.8448177e-16
4.3563129e-16
3.8425151e-16
3.354098e-16
2.8614851e-16
2.4049221e-16
1.9903863e-16
1.6055431e-16
1.2961153e-16
9.9486403e-17
5.2237705e-17
9.8320249e-12
1.224487e-11
9.7925846e-12
9.0793651e-12
8.2358026e-12
7.3209292e-12
6.4223788e-12
5.5553761e-12
4.7220561e-12
3.9327872e-12
3.2079136e-12
2.566589e-12
2.0172177e-12
1.5563743e-12
1.1734229e-12
8.5561266e-13
5.9101167e-13
3.6946881e-13
1.8287274e-13
2.5089913e-14
-1.0820423e-13
-2.2007416e-13
-3.1335025e-13
-3.9063078e-13
-4.5386684e-13
-5.0433638e-13
-5.4271807e-13
-5.6927866e-13
-5.8410933e-13
-5.8735597e-13
-5.7942501e-13
-5.6110309e-13
-5.3358142e-13
-4.983932e-13
-4.5729795e-13
-4.1214735e-13
-3.6474256e-13
-3.1673085e-13
-2.695295e-13
-2.2428266e-13
-1.818603e-13
-1.4287182e-13
-1.0769732e-13
-7.6526368e-14
-4.9402657e-14
-2.6281756e-14
-6.9733596e-15
8.8638087e-15
2.1605946e-14
3.1583326e-14
3.9083652e-14
4.4395838e-14
4.7810359e-14
4.9606823e-14
5.0047213e-14
4.9374008e-14
4.7804174e-14
4.5532688e-14
4.2733309e-14
3.9558342e-14
3.6141512e-14
3.2597204e-14
2.9022911e-14
2.5500099e-14
2.2092041e-14
1.8847242e-14
1.5798547e-14
1.2967314e-14
1.0368822e-14
8.0145551e-15
5.9130982e-15
4.0662398e-15
2.4667603e-15
1.1012805e-15
-4.4313625e-17
-9.8486243e-16
-1.7391188e-15
-2.3264543e-15
-2.7647332e-15
-3.0692309e-15
-3.2529292e-15
-3.3294111e-15
-3.3152877e-15
-3.2290247e-15
-3.0882123e-15
-2.9096457e-15
-2.7073186e-15
-2.4904634e-15
-2.2651902e-15
-2.0350727e-15
-1.8033077e-15
-1.5724558e-15
-1.3455939e-15
-1.1284777e-15
-9.2601048e-16
-7.4211625e-16
-5.8030602e-16
-4.3938952e-16
-3.227711e-16
-1.6009571e-16
-2.1664377e-13
-2.7929191e-13
-2.0492146e-13
-1.7660172e-13
-1.5135499e-13
-1.2642896e-13
-1.0306211e-13
-8.2197405e-14
-6.4407306e-14
-4.9843814e-14
-3.8255387e-14
-2.9142838e-14
-2.1963448e-14
-1.6251643e-14
-1.1648971e-14
-7.8919956e-15
-4.7863025e-15
-2.1936598e-15
-2.3921431e-17
1.7925151e-15
3.3085484e-15
4.5671263e-15
5.6091623e-15
6.4653978e-15
7.1576511e-15
7.6991368e-15
8.0962786e-15
8.3499334e-15
8.4568841e-15
8.4169824e-15
8.2336727e-15
7.9144653e-15
7.4737458e-15
6.9313886e-15
6.3111735e-15
5.6388587e-15
4.9404222e-15
4.2391496e-15
3.5543318e-15
2.9035801e-15
2.2993556e-15
1.7486807e-15
1.2574523e-15
8.280528e-16
4.6034686e-16
1.5290197e-16
-1.0020612e-16
-3.0493917e-16
-4.6571272e-16
-5.8714429e-16
-6.7381261e-16
-7.2999142e-16
-7.6047957e-16
-7.6964128e-16
-7.60992e-16
-7.3745686e-16
-7.029089e-16
-6.6026931e-16
-6.1155781e-16
-5.5935495e-16
-5.045174e-16
-4.4894151e-16
-3.9434693e-16
-3.41547e-16
-2.9177078e-16
-2.4463982e-16
-2.0042329e-16
-1.6014195e-16
-1.2364294e-16
-9.1323989e-17
-6.243406e-17
-3.6924445e-17
-1.5186675e-17
2.740287e-18
1.6897291e-17
2.8700587e-17
3.7903248e-17
4.4670095e-17
4.9631128e-17
5.2444959e-17
5.3952445e-17
5.386444e-17
5.2640209e-17
5.0859625e-17
4.7989879e-17
4.4675662e-17
4.1119279e-17
3.7492707e-17
3.4161772e-17
3.1235452e-17
2.7812535e-17
2.3941988e-17
2.0848153e-17
1.7754541e-17
1.4663324e-17
1.21727e-17
1.0087234e-17
8.1924278e-18
6.6326414e-18
4.6719915e-18
-1.9757704e-12
-5.5527706e-12
-4.1251365e-12
-3.2301897e-12
-2.5097108e-12
-1.8982094e-12
-1.3933913e-12
-1.0034828e-12
-7.2027513e-13
-5.2074737e-13
-3.7985281e-13
-2.778245e-13
-2.0134055e-13
-1.4206529e-13
-9.4849864e-14
-5.6236731e-14
-2.4155893e-14
2.4718356e-15
2.4525979e-14
4.2750789e-14
5.7797491e-14
7.0219831e-14
8.0446597e-14
8.8776223e-14
9.5412031e-14
1.0047074e-13
1.0398656e-13
1.0593286e-13
1.0625457e-13
1.049089e-13
1.0190064e-13
9.7306478e-14
9.1284687e-14
8.4067887e-14
7.5945452e-14
6.7236619e-14
5.8262719e-14
4.9322428e-14
4.0672468e-14
3.2518896e-14
2.5012483e-14
1.8249807e-14
1.2284364e-14
7.166708e-15
2.884134e-15
-6.5225099e-16
-3.5329712e-15
-5.8263729e-15
-7.5801759e-15
-8.8472213e-15
-9.6866093e-15
-1.016155e-14
-1.0330518e-14
-1.0248636e-14
-9.9658954e-15
-9.5255464e-15
-8.9679846e-15
-8.3260374e-15
-7.6281427e-15
-6.8989428e-15
-6.1578612e-15
-5.4236422e-15
-4.7106767e-15
-4.031128e-15
-3.3933184e-15
-2.8014579e-15
-2.2589961e-15
-1.7661991e-15
-1.3231644e-15
-9.2998169e-16
-5.8410248e-16
-2.8544373e-16
-3.4472607e-17
1.6924825e-16
3.2942289e-16
4.5325955e-16
5.4564389e-16
6.1250772e-16
6.5713567e-16
6.8091766e-16
6.8654353e-16
6.753093e-16
6.4972015e-16
6.1328953e-16
5.6950355e-16
5.222129e-16
4.7394231e-16
4.2630334e-16
3.802529e-16
3.3562575e-16
2.9166295e-16
2.4791197e-16
2.0583136e-16
1.6591542e-16
1.2899669e-16
9.6424605e-17
6.8964757e-17
4.6238253e-17
2.9047647e-17
1.2096191e-17
5.1320837e-13
1.0604847e-13
1.3673544e-14
-1.4046214e-14
-1.9624907e-14
-1.8329655e-14
-1.5182464e-14
-1.1901465e-14
-9.0778626e-15
-6.8249145e-15
-5.0708832e-15
-3.7047914e-15
-2.6290867e-15
-1.7700924e-15
-1.0739128e-15
-4.9837377e-16
-1.3231685e-17
3.9265923e-16
7.2393764e-16
9.9359255e-16
1.2139465e-15
1.3944298e-15
1.5426106e-15
1.6619949e-15
1.7556465e-15
1.8252898e-15
1.8705184e-15
1.8909755e-15
1.8848672e-15
1.8510516e-15
1.7896771e-15
1.7013699e-15
1.5889832e-15
1.4560465e-15
1.3078423e-15
1.1502526e-15
9.8840585e-16
8.2831555e-16
6.7418973e-16
5.2957217e-16
3.9772183e-16
2.7985032e-16
1.7692852e-16
8.95544e-17
1.7851332e-17
-4.0026269e-17
-8.711882e-17
-1.2408811e-16
-1.5190224e-16
-1.7147635e-16
-1.8321147e-16
-1.8883379e-16
-1.8940431e-16
-1.8571419e-16
-1.7883594e-16
-1.6931547e-16
-1.5804913e-16
-1.4553813e-16
-1.3219933e-16
-1.1868699e-16
-1.0484444e-16
-9.1246194e-17
-7.8282976e-17
-6.6190285e-17
-5.5008116e-17
-4.4476228e-17
-3.4878575e-17
-2.6277367e-17
-1.8619053e-17
-1.1840531e-17
-5.84251e-18
-8.2561935e-19
3.5309059e-18
6.9761828e-18
9.2942034e-18
1.1370089e-17
1.2827752e-17
1.3683952e-17
1.4322412e-17
1.4391538e-17
1.4310859e-17
1.4024894e-17
1.3365415e-17
1.2663213e-17
1.1698856e-17
1.0871794e-17
9.9829477e-18
8.9817722e-18
8.2638939e-18
7.5460791e-18
6.8744292e-18
6.0457419e-18
5.1718968e-18
4.6222009e-18
3.9642506e-18
3.3884535e-18
2.939589e-18
2.4231453e-18
2.2778105e-18
2.1599863e-18
)
;
    }
    water_to_rock
    {
        type            calculated;
        value           uniform 0;
    }
}


// ************************************************************************* //
