/*--------------------------------*- C++ -*----------------------------------*\
| =========                 |                                                 |
| \\      /  F ield         | OpenFOAM: The Open Source CFD Toolbox           |
|  \\    /   O peration     | Version:  2506                                  |
|   \\  /    A nd           | Website:  www.openfoam.com                      |
|    \\/     M anipulation  |                                                 |
\*---------------------------------------------------------------------------*/
FoamFile
{
    version     2.0;
    format      ascii;
    arch        "LSB;label=32;scalar=64";
    class       volScalarField;
    location    "4000/water";
    object      alphat;
}
// * * * * * * * * * * * * * * * * * * * * * * * * * * * * * * * * * * * * * //

dimensions      [1 -1 -1 0 0 0 0];

internalField   nonuniform List<scalar> 
6000
(
0.041292847
0.041292824
0.041292831
0.041292856
0.041292889
0.041292932
0.041292983
0.041293016
0.041292808
0.041290571
0.041271537
0.041111294
0.0397723
0.030564074
0.013464793
0.040788543
0.040788537
0.040788576
0.040788654
0.040788758
0.040788888
0.04078902
0.040788972
0.040787494
0.040776037
0.040696382
0.040161217
0.036863805
0.023766469
0.015141611
0.04033569
0.040335696
0.040335761
0.040335884
0.040336044
0.040336229
0.04033633
0.040335685
0.040330323
0.040296649
0.040097616
0.038983223
0.033614213
0.0194951
0.016360294
0.039926215
0.039926219
0.039926301
0.039926459
0.03992666
0.039926848
0.039926701
0.039924457
0.039910659
0.039835636
0.039448738
0.037597438
0.030384627
0.016783058
0.017196555
0.039553796
0.039553808
0.039553906
0.039554093
0.039554312
0.039554413
0.039553622
0.0395481
0.039519187
0.039379112
0.038737841
0.036066498
0.027427863
0.015063192
0.01773179
0.039213273
0.039213296
0.039213408
0.039213613
0.039213809
0.039213657
0.039211571
0.039200298
0.039147643
0.038916647
0.037965398
0.034462847
0.024852826
0.013984463
0.018040007
0.038900366
0.038900399
0.038900521
0.038900723
0.038900826
0.038900159
0.038895819
0.03887551
0.038788999
0.038441492
0.037140256
0.032849727
0.022675913
0.013336844
0.018183117
0.038611532
0.038611573
0.038611697
0.038611866
0.038611765
0.038610199
0.038602307
0.038568928
0.038437606
0.037950377
0.036275872
0.031274836
0.020870828
0.012994967
0.018210197
0.038343817
0.038343862
0.038343975
0.038344065
0.038343601
0.038340605
0.038327517
0.03827644
0.038089201
0.037442856
0.03538704
0.029770034
0.019396999
0.012882914
0.018158676
0.038094736
0.03809478
0.038094862
0.038094803
0.038093753
0.038088644
0.038068396
0.037994592
0.037740813
0.036920505
0.03448763
0.028354169
0.018213448
0.012953916
0.018056304
0.037862183
0.037862216
0.037862238
0.037861935
0.037860009
0.037851941
0.037822294
0.037720559
0.037390607
0.036386134
0.033589398
0.02703684
0.017284481
0.013178532
0.017923231
0.03764436
0.037644371
0.037644291
0.037643618
0.037640447
0.037628426
0.037586933
0.037452106
0.037037684
0.035843147
0.032701562
0.025821837
0.016581272
0.013537499
0.017773886
0.037439726
0.037439699
0.03743946
0.037438254
0.037433393
0.037416287
0.037360374
0.037187532
0.036681868
0.035295042
0.031830871
0.02470985
0.016081614
0.014017191
0.017618497
0.037246949
0.037246861
0.037246392
0.037244452
0.037237378
0.037213943
0.037140989
0.036925609
0.0363235
0.034745073
0.030981931
0.023700436
0.015768976
0.014606606
0.017464261
0.037064871
0.037064693
0.037063903
0.037060987
0.037051109
0.037020016
0.036927437
0.036665512
0.035963258
0.03419604
0.030157673
0.022793377
0.015631332
0.015295285
0.017316197
0.03689248
0.036892177
0.036890955
0.036886782
0.036873442
0.036833316
0.036718634
0.03640675
0.035602004
0.033650187
0.029359858
0.021989539
0.015659917
0.016071914
0.01717775
0.036728885
0.036728414
0.036726628
0.036720878
0.03670337
0.036652818
0.036513731
0.036149096
0.035240656
0.033109157
0.028589603
0.021291346
0.015847992
0.016923492
0.017051196
0.036573301
0.03657261
0.036570106
0.036562424
0.036540005
0.036477653
0.03631208
0.035892529
0.034880099
0.032574024
0.027847913
0.02070292
0.016189617
0.01783505
0.016937916
0.036425028
0.036424056
0.036420663
0.036410663
0.036382564
0.036307092
0.036113215
0.03563717
0.034521109
0.032045349
0.027136212
0.020229919
0.016678486
0.018789895
0.016838558
0.036283441
0.03628212
0.036277645
0.036264917
0.036230367
0.036140535
0.03591682
0.035383242
0.034164308
0.031523285
0.026456862
0.019879123
0.017306891
0.019770317
0.016753165
0.036147982
0.036146234
0.036140468
0.036124584
0.036082821
0.035977497
0.035722708
0.035131018
0.033810124
0.031007717
0.025813646
0.019657797
0.018064912
0.0207586
0.016681265
0.036018143
0.036015885
0.036008605
0.035989127
0.035939416
0.035817597
0.035530799
0.034880794
0.033458783
0.030498445
0.025212142
0.019572905
0.018939949
0.021738147
0.016621966
0.03589347
0.03589061
0.035881581
0.035858069
0.035799718
0.035660549
0.035341095
0.034632853
0.033110301
0.029995409
0.024659951
0.019630248
0.019916664
0.02269449
0.016574063
0.035773545
0.035769987
0.035758968
0.035730991
0.035663366
0.035506152
0.035153669
0.034387441
0.032764498
0.029498968
0.024166686
0.019833637
0.020977366
0.023616003
0.016536152
0.035657992
0.035653635
0.035640383
0.035607524
0.035530063
0.035354279
0.034968643
0.03414475
0.03242103
0.029010211
0.023743688
0.020184173
0.022102784
0.024494228
0.016506745
0.035546464
0.035541207
0.035525479
0.035487349
0.035399574
0.035204869
0.034786172
0.033904896
0.032079439
0.028531301
0.023403466
0.020679733
0.023273104
0.025323802
0.016484372
0.035438647
0.035432386
0.035413948
0.035370193
0.035271718
0.035057919
0.034606436
0.03366791
0.03173923
0.028065807
0.023158914
0.021314705
0.0244691
0.026102089
0.016467662
0.035334251
0.035326887
0.035305516
0.035255823
0.03514637
0.034913479
0.03442962
0.033433727
0.031399978
0.02761899
0.023022388
0.022080016
0.025673169
0.026828633
0.016455398
0.035233012
0.035224448
0.035199939
0.03514405
0.035023453
0.034771643
0.034255909
0.033202186
0.031061475
0.027197981
0.023004769
0.022963452
0.026870127
0.027504567
0.016446543
0.035134691
0.035124836
0.035097009
0.035034724
0.034902936
0.03463254
0.03408547
0.032973033
0.030723902
0.0268118
0.023114633
0.023950249
0.02804767
0.028132079
0.016440248
0.035039067
0.03502784
0.034996542
0.034927732
0.034784832
0.034496333
0.033918446
0.032745938
0.030388046
0.026471167
0.023357596
0.025023883
0.02919649
0.028713982
0.016435834
0.034945943
0.034933275
0.034898386
0.034822996
0.034669194
0.034363211
0.033754944
0.032520522
0.030055535
0.026188099
0.023735914
0.026166982
0.030310098
0.029253407
0.016432778
0.034855141
0.034840974
0.034802418
0.034720475
0.034556112
0.034233382
0.033595029
0.032296402
0.029729078
0.025975302
0.024248333
0.027362249
0.031384438
0.029753593
0.016430685
0.034766502
0.034750797
0.03470854
0.034620164
0.034445715
0.034107066
0.033438713
0.032073259
0.029412693
0.025845434
0.024890189
0.028593297
0.032417398
0.030217765
0.016429265
0.034679887
0.034662624
0.034616684
0.034522088
0.034338162
0.033984492
0.033285952
0.031850929
0.029111866
0.025810314
0.02565373
0.029845305
0.033408314
0.030649045
0.016428312
0.034595176
0.034576356
0.034526808
0.034426308
0.034233647
0.033865888
0.033136649
0.03162952
0.028833633
0.025880169
0.026528618
0.031105457
0.034357529
0.031050409
0.016427682
0.034512269
0.034491917
0.034438897
0.034332917
0.034132389
0.033751478
0.032990657
0.031409556
0.028586515
0.026063009
0.027502553
0.032363143
0.035266041
0.031424647
0.01642728
0.034431083
0.034409252
0.034352965
0.034242042
0.034034637
0.033641469
0.032847794
0.031192142
0.028380315
0.026364175
0.028561978
0.033609947
0.036135248
0.031774346
0.016427047
0.034351558
0.034328331
0.034269052
0.034153841
0.033940664
0.03353605
0.032707869
0.03097915
0.028225759
0.02678609
0.029692787
0.034839472
0.036966769
0.032101874
0.01642695
0.034273652
0.034249145
0.03418723
0.034068505
0.03385076
0.033435384
0.03257072
0.030773393
0.028133998
0.02732822
0.030880992
0.036047066
0.037762343
0.032409381
0.016426974
0.034197344
0.03417171
0.034107598
0.033986257
0.033765237
0.033339598
0.032436276
0.030578782
0.028116033
0.027987224
0.032113284
0.037229502
0.038523754
0.032698798
0.016427117
0.034122637
0.034096065
0.034030285
0.033907355
0.033684417
0.033248788
0.032304627
0.030400436
0.028182108
0.02875725
0.03337746
0.038384662
0.039252794
0.032971855
0.016427382
0.034049553
0.034022276
0.033955452
0.033832084
0.033608631
0.033163013
0.032176131
0.030244715
0.028341141
0.029630359
0.034662707
0.039511265
0.039951227
0.033230086
0.016427779
0.03397814
0.033950437
0.033883292
0.033760766
0.033538214
0.0330823
0.032051524
0.030119155
0.028600249
0.030597023
0.035959728
0.040608641
0.040620777
0.033474856
0.016428318
0.033908471
0.033880668
0.033814033
0.033693749
0.033473498
0.033006662
0.031932062
0.030032292
0.028964398
0.031646654
0.037260745
0.041676559
0.0412631
0.033707373
0.01642901
0.033840644
0.033813121
0.033747936
0.033631414
0.033414804
0.032936115
0.031819662
0.029993371
0.029436214
0.032768132
0.038559407
0.042715109
0.04187978
0.033928706
0.016429865
0.033774787
0.03374798
0.033685299
0.033574167
0.033362441
0.032870717
0.031717045
0.030011964
0.030015937
0.033950286
0.03985063
0.043724613
0.042472315
0.034139802
0.016430892
0.033711057
0.03368546
0.033626458
0.033522441
0.033316699
0.032810615
0.031627855
0.030097522
0.030701527
0.035182304
0.041130417
0.044705565
0.043042115
0.034341503
0.016432097
0.033649643
0.033625814
0.033571787
0.033476689
0.033277845
0.032756113
0.031556736
0.030258907
0.031488882
0.036454048
0.042395666
0.045658588
0.043590499
0.034534553
0.016433487
0.03359077
0.033569333
0.033521698
0.033437387
0.03324612
0.032707757
0.031509359
0.030503942
0.032372149
0.03775627
0.043643998
0.046584397
0.044118701
0.034719619
0.016435064
0.033534699
0.033516348
0.033476647
0.033405019
0.033221753
0.032666434
0.031492361
0.030839031
0.033344092
0.039080739
0.044873614
0.047483772
0.044627866
0.03489729
0.016436831
0.033481731
0.033467235
0.033437127
0.033380083
0.033204962
0.032633492
0.0315132
0.03126887
0.034396497
0.040420268
0.046083178
0.048357535
0.045119061
0.035068097
0.016438788
0.033432211
0.033422413
0.033403675
0.033363076
0.033195978
0.032610857
0.031579926
0.031796269
0.035520559
0.041768694
0.04727172
0.049206533
0.045593279
0.035232515
0.016440933
0.033386531
0.033382352
0.033376864
0.033354497
0.033195078
0.032601151
0.031700874
0.032422095
0.03670726
0.043120792
0.048438566
0.050031617
0.046051439
0.035390969
0.016443266
0.033345134
0.033347573
0.033357309
0.033354836
0.033202628
0.032607793
0.03188431
0.033145322
0.03794768
0.044472185
0.049583285
0.050833635
0.046494399
0.035543845
0.016445782
0.033308518
0.033318652
0.033345661
0.033364571
0.033219143
0.032635062
0.032138044
0.033963182
0.039233255
0.045819225
0.050705642
0.051613423
0.046922953
0.03569149
0.016448478
0.033277237
0.03329622
0.033342601
0.033384174
0.033245363
0.03268811
0.032469072
0.034871385
0.040555971
0.047158895
0.051805562
0.052371797
0.047337841
0.035834219
0.016451351
0.033251914
0.033280969
0.033348844
0.033414106
0.033282344
0.032772916
0.032883247
0.035864401
0.041908474
0.048488703
0.052883102
0.053109548
0.04773975
0.03597232
0.016454394
0.033233235
0.033273651
0.033365128
0.033454835
0.033331562
0.032896164
0.033385033
0.03693576
0.043284142
0.049806606
0.05393842
0.053827443
0.048129319
0.036106053
0.016457603
0.033221962
0.033275082
0.03339221
0.03350685
0.033395015
0.033065048
0.033977333
0.038078364
0.044677086
0.051110935
0.054971757
0.054526219
0.048507144
0.036235658
0.016460974
0.033218934
0.033286139
0.033430863
0.033570695
0.033475329
0.033287018
0.034661418
0.039284776
0.04608213
0.052400341
0.055983417
0.055206586
0.048873782
0.036361356
0.016464499
0.033225073
0.033307762
0.03348187
0.033647007
0.033575842
0.033569479
0.035436947
0.040547489
0.04749476
0.053673743
0.056973753
0.055869225
0.049229755
0.036483354
0.016468174
0.033241386
0.033340955
0.03354602
0.033736576
0.033700656
0.033919472
0.036302061
0.041859132
0.048911065
0.054930289
0.057943147
0.056514766
0.049575441
0.036601082
0.01647199
0.033268972
0.03338678
0.033624111
0.033840418
0.033854646
0.034343355
0.03725355
0.043212651
0.050327667
0.056169319
0.058892004
0.057143804
0.04991124
0.036714878
0.016475942
0.033309024
0.033446355
0.033716952
0.033959857
0.034043414
0.03484653
0.038287068
0.044601417
0.051741661
0.057390334
0.059820741
0.057756908
0.050237554
0.036825044
0.016480019
0.033362829
0.033520852
0.033825374
0.034096624
0.034273175
0.035433209
0.039397365
0.046019306
0.053150552
0.058592972
0.060729786
0.058354631
0.050554794
0.03693185
0.016484214
0.033431775
0.03361149
0.033950255
0.034252949
0.034550583
0.036106263
0.040578548
0.047460729
0.054552204
0.059776986
0.061619568
0.058937449
0.05086292
0.037035579
0.016488518
0.033517343
0.033719532
0.034092546
0.034431659
0.034882507
0.036867142
0.041824312
0.04892064
0.055944798
0.06094222
0.06249051
0.059505806
0.051162147
0.037136395
0.016492923
0.033621114
0.033846281
0.034253321
0.034636244
0.035275756
0.037715872
0.043128168
0.050394517
0.057326784
0.062088598
0.063343029
0.060060157
0.051452977
0.037234382
0.016497425
0.033744757
0.033993078
0.034433832
0.0348709
0.035736803
0.038651126
0.044483628
0.051878327
0.05869685
0.063216106
0.064177545
0.060600967
0.051735846
0.037329651
0.016502019
0.033890034
0.034161308
0.034635588
0.035140527
0.036271494
0.039670348
0.045884358
0.053368496
0.06005389
0.064324786
0.064994464
0.061128566
0.052011158
0.037422329
0.0165067
0.034058787
0.034352404
0.034860438
0.035450665
0.036884806
0.040769928
0.047324296
0.05486186
0.06139698
0.065414718
0.065794135
0.061642941
0.0522793
0.03751256
0.016511467
0.034252937
0.034567872
0.035110661
0.035807385
0.037580637
0.041945399
0.048797726
0.056355629
0.062725347
0.066486009
0.066576922
0.062144661
0.052540478
0.037600451
0.016516317
0.034474481
0.034809313
0.035389063
0.036217108
0.038361663
0.043191644
0.050299328
0.057847346
0.064038348
0.067538796
0.067343206
0.062634238
0.052794913
0.037686086
0.016521247
0.03472549
0.035078475
0.035699049
0.036686385
0.039229267
0.044503108
0.051824196
0.05933485
0.065335454
0.068573244
0.068093388
0.063112131
0.053042832
0.037769544
0.016526253
0.035008112
0.035377301
0.036044682
0.037221642
0.040183528
0.045873985
0.053367844
0.06081625
0.066616238
0.069589495
0.068827364
0.063578802
0.053284486
0.037850921
0.016531331
0.035324591
0.03570801
0.036430696
0.037828909
0.041223283
0.047298388
0.054926193
0.062289886
0.067880346
0.070587704
0.069545614
0.064034561
0.053520084
0.037930305
0.016536479
0.035677289
0.036073178
0.036862465
0.038513563
0.042346232
0.048770485
0.056495547
0.063754303
0.069127486
0.071568058
0.070248609
0.064479705
0.053749812
0.038007769
0.016541693
0.036068726
0.036475826
0.037345907
0.039280101
0.04354909
0.050284611
0.05807257
0.065208225
0.070357433
0.072530784
0.070936785
0.064914532
0.053973848
0.038083379
0.016546969
0.036501634
0.03691951
0.037887345
0.040131955
0.044827761
0.051835342
0.059654262
0.066650549
0.071570001
0.073475727
0.071610523
0.065339339
0.054192382
0.038157196
0.016552305
0.036979031
0.037408393
0.038493294
0.041071371
0.046177522
0.053417551
0.061237923
0.068080297
0.072765018
0.07440319
0.072270172
0.065754389
0.05440559
0.03822928
0.016557696
0.037504295
0.03794728
0.039170229
0.042099351
0.047593208
0.055026436
0.062821124
0.069496602
0.07394237
0.075313497
0.072916049
0.066159929
0.054613631
0.038299687
0.01656314
0.038081252
0.03854162
0.039924314
0.04321566
0.049069378
0.05665753
0.064401689
0.070898711
0.075101917
0.076206929
0.073548453
0.066556202
0.054816653
0.038368467
0.016568632
0.03871425
0.039197446
0.040761141
0.04441889
0.050600473
0.058306708
0.065977668
0.072285956
0.076243448
0.077083733
0.074167658
0.066943449
0.055014795
0.038435663
0.01657417
0.039408208
0.039921245
0.041685488
0.045706568
0.052180932
0.059970167
0.067547292
0.073657714
0.077366985
0.077944213
0.074773928
0.067321893
0.055208192
0.038501319
0.016579751
0.040168621
0.040719776
0.04270111
0.047075302
0.053805295
0.061644408
0.069108963
0.075013455
0.078472617
0.078788626
0.075367515
0.067691741
0.055396966
0.038565474
0.01658537
0.041001507
0.041599821
0.043810599
0.048520946
0.055468282
0.063326244
0.070661277
0.076352576
0.079560273
0.079617173
0.07594867
0.068053189
0.055581232
0.038628162
0.016591025
0.041913284
0.042567904
0.045015288
0.050038772
0.057164841
0.065012739
0.07220289
0.077674614
0.080630145
0.080430058
0.076517628
0.068406424
0.055761098
0.038689416
0.016596712
0.042910562
0.04362998
0.046315238
0.051623632
0.058890167
0.066701184
0.073732584
0.078979259
0.081682366
0.081227482
0.077074608
0.068751621
0.055936663
0.038749265
0.016602429
0.043999868
0.044791138
0.047709266
0.053270117
0.060639751
0.068389145
0.075249219
0.080266039
0.082716985
0.082009642
0.077619813
0.069088939
0.056108019
0.038807736
0.016608172
0.045187307
0.046055328
0.049195036
0.054972683
0.062409344
0.070074305
0.076751696
0.081534859
0.083734061
0.082776719
0.078153439
0.06941853
0.056275251
0.038864853
0.016613937
0.046478197
0.047425137
0.050769177
0.05672576
0.064194957
0.07175452
0.078239076
0.082785594
0.084733664
0.083528883
0.078675664
0.069740533
0.056438436
0.038920636
0.016619723
0.047876696
0.04890163
0.05242743
0.058523854
0.065992909
0.073427821
0.079710335
0.084018021
0.085715856
0.084266287
0.079186652
0.070055075
0.056597646
0.038975106
0.016625525
0.049385466
0.05048426
0.054164798
0.060361564
0.067799654
0.075092252
0.081164987
0.085231958
0.086680688
0.084989073
0.079686556
0.070362274
0.056752944
0.039028277
0.016631341
0.051005405
0.052170856
0.055975707
0.062233693
0.069611932
0.076745861
0.082602407
0.08642723
0.0876282
0.085697367
0.080175512
0.070662235
0.056904388
0.039080164
0.016637167
0.052735465
0.053957669
0.057854115
0.064135145
0.07142652
0.078387258
0.084021987
0.087603661
0.08855842
0.086391279
0.08065364
0.070955054
0.057052029
0.039130778
0.016643001
0.054572595
0.055839498
0.059793677
0.06606104
0.073240187
0.080015151
0.085423152
0.088761071
0.089471361
0.0870709
0.08112105
0.071240814
0.057195912
0.039180129
0.016648839
0.056511774
0.057809817
0.061787742
0.068006457
0.075050363
0.081628281
0.086805343
0.089899273
0.090367018
0.087736306
0.081577833
0.071519589
0.057336075
0.039228224
0.016654679
0.058546169
0.059860972
0.063829442
0.069966606
0.076854676
0.08322545
0.088168015
0.091018067
0.09124537
0.088387554
0.082024064
0.071791439
0.057472551
0.039275067
0.016660517
0.060667318
0.061984252
0.065911637
0.071937323
0.078650874
0.084805512
0.08951063
0.09211724
0.092106374
0.089024681
0.082459805
0.072056416
0.057605364
0.039320661
0.01666635
0.062865331
0.064170263
0.068027497
0.073914601
0.080436805
0.086367361
0.090832649
0.093196566
0.092949969
0.089647704
0.082885101
0.07231456
0.057734533
0.039365005
0.016672175
0.065129354
0.066409211
0.070170243
0.07589457
0.082210411
0.087909923
0.092133533
0.094255799
0.093776069
0.090256621
0.08329998
0.072565897
0.057860073
0.039408097
0.016677989
0.067447953
0.06869109
0.072333181
0.077873488
0.083969712
0.089432155
0.093412739
0.095294675
0.094584569
0.090851408
0.083704453
0.072810446
0.057981988
0.039449932
0.016683788
0.069809466
0.071005878
0.074509739
0.079847729
0.085712793
0.090933033
0.094669719
0.096312911
0.095375339
0.091432021
0.084098515
0.07304821
0.058100279
0.039490504
0.01668957
0.072202315
0.073343719
0.076693509
0.081813777
0.087437799
0.092411555
0.095903917
0.097310205
0.096148228
0.091998395
0.084482145
0.073279184
0.058214938
0.039529801
0.01669533
0.074615266
0.07569508
0.078878279
0.083768221
0.089142928
0.093866733
0.097114772
0.09828624
0.096903062
0.092550444
0.084855305
0.073503348
0.058325953
0.039567813
0.016701065
0.077037642
0.078050881
0.081058077
0.085707754
0.090826424
0.095297599
0.09830172
0.099240678
0.097639649
0.093088064
0.08521794
0.073720675
0.058433303
0.039604525
0.016706771
0.079459466
0.080402591
0.083227205
0.087629183
0.092486582
0.0967032
0.099464193
0.10017317
0.098357776
0.093611131
0.085569981
0.073931122
0.058536963
0.039639919
0.016712444
0.081871565
0.082742303
0.085380273
0.089529433
0.094121744
0.098082603
0.10060163
0.10108337
0.099057217
0.094119504
0.085911343
0.07413464
0.058636899
0.039673977
0.016718081
0.084265631
0.085062781
0.08751223
0.091405561
0.095730304
0.099434896
0.10171346
0.10197089
0.099737731
0.094613028
0.08624193
0.074331167
0.058733075
0.039706676
0.016723677
0.086634229
0.087357482
0.089618387
0.093254767
0.097310714
0.1007592
0.10279914
0.10283538
0.10039907
0.095091536
0.086561631
0.074520632
0.058825445
0.039737993
0.016729227
0.088970798
0.089620563
0.091694438
0.095074409
0.098861491
0.10205465
0.10385814
0.10367647
0.10104097
0.095554851
0.086870326
0.074702958
0.058913961
0.039767903
0.016734728
0.091269616
0.091846862
0.093736468
0.096862011
0.10038122
0.10332045
0.10488993
0.10449381
0.10166319
0.096002789
0.08716789
0.07487806
0.05899857
0.039796378
0.016740174
0.09352575
0.094031878
0.095740956
0.098615284
0.10186858
0.10455581
0.10589403
0.10528704
0.10226546
0.096435164
0.087454187
0.075045846
0.059079215
0.039823388
0.016745561
0.095735009
0.096171737
0.097704777
0.10033212
0.10332232
0.10576001
0.10686997
0.10605585
0.10284754
0.09685179
0.087729083
0.075206224
0.059155837
0.039848905
0.016750882
0.097893877
0.098263148
0.099625193
0.10201063
0.10474129
0.10693238
0.10781735
0.10679994
0.10340921
0.097252488
0.087992443
0.075359095
0.059228375
0.039872898
0.016756134
0.099999455
0.10030336
0.10149984
0.1036491
0.10612445
0.10807231
0.10873576
0.10751902
0.10395024
0.097637085
0.088244132
0.075504366
0.059296767
0.039895335
0.01676131
0.1020494
0.10229012
0.1033267
0.10524604
0.10747086
0.10917926
0.10962487
0.10821286
0.10447045
0.098005422
0.088484026
0.075641943
0.059360953
0.039916188
0.016766405
0.10404186
0.10422163
0.10510411
0.10680015
0.10877969
0.11025274
0.1104844
0.10888126
0.10496966
0.098357359
0.088712006
0.075771736
0.059420874
0.039935426
0.016771414
0.10597543
0.10609648
0.1068307
0.10831033
0.11005022
0.11129234
0.11131411
0.10952405
0.10544774
0.098692772
0.088927968
0.075893663
0.059476474
0.039953022
0.01677633
0.10784908
0.10791364
0.10850542
0.1097757
0.11128187
0.11229774
0.11211381
0.1101411
0.10590459
0.099011565
0.089131823
0.076007652
0.059527703
0.03996895
0.016781148
0.10966215
0.1096724
0.11012747
0.11119552
0.11247415
0.11326868
0.11288338
0.11073236
0.10634014
0.099313665
0.0893235
0.07611364
0.059574517
0.039983187
0.016785862
0.11141426
0.11137232
0.1116963
0.11256927
0.11362669
0.11420496
0.11362276
0.11129778
0.10675436
0.099599031
0.089502947
0.076211579
0.059616879
0.039995714
0.016790467
0.11310529
0.11301324
0.11321159
0.11389657
0.11473924
0.1151065
0.11433192
0.11183739
0.10714726
0.099867651
0.089670136
0.076301434
0.05965476
0.040006516
0.016794956
0.11473536
0.11459521
0.11467322
0.11517722
0.11581165
0.11597326
0.11501093
0.11235126
0.10751889
0.10011955
0.089825064
0.076383189
0.059688144
0.040015581
0.016799326
0.11630478
0.11611847
0.11608124
0.11641114
0.11684387
0.11680528
0.11565989
0.1128395
0.10786936
0.10035478
0.089967753
0.076456844
0.059717022
0.040022903
0.01680357
0.11781404
0.11758342
0.11743587
0.11759842
0.11783598
0.11760268
0.11627895
0.11330229
0.10819879
0.10057343
0.090098253
0.076522419
0.059741398
0.040028483
0.016807684
0.11926376
0.11899064
0.1187375
0.11873925
0.11878811
0.11836564
0.11686834
0.11373984
0.10850736
0.10077564
0.090216641
0.076579954
0.059761291
0.040032323
0.016811663
0.1206547
0.12034081
0.1199866
0.11983393
0.11970051
0.11909442
0.11742833
0.1141524
0.10879529
0.10096156
0.090323022
0.076629509
0.059776729
0.040034437
0.016815502
0.12198773
0.12163472
0.12118379
0.12088289
0.12057351
0.11978933
0.11795924
0.11454028
0.10906284
0.10113138
0.090417529
0.076671166
0.059787757
0.040034841
0.016819199
0.12326381
0.12287327
0.12232978
0.12188662
0.12140749
0.12045075
0.11846144
0.11490382
0.1093103
0.10128534
0.090500325
0.076705028
0.05979443
0.040033557
0.01682275
0.12448397
0.12405742
0.12342535
0.12284573
0.12220294
0.12107911
0.11893534
0.11524342
0.109538
0.1014237
0.090571597
0.076731216
0.059796818
0.040030616
0.016826151
0.12564931
0.12518823
0.12447138
0.12376087
0.12296039
0.12167488
0.11938139
0.11555948
0.1097463
0.10154675
0.09063156
0.076749874
0.059795005
0.040026054
0.016829401
0.12676098
0.12626677
0.1254688
0.12463277
0.12368043
0.12223859
0.1198001
0.11585246
0.10993561
0.1016548
0.090680453
0.076761165
0.059789086
0.040019911
0.016832497
0.12782019
0.12729421
0.12641858
0.12546223
0.1243637
0.12277082
0.12019199
0.11612285
0.11010634
0.10174822
0.090718538
0.076765268
0.059779169
0.040012234
0.016835438
0.12882817
0.12827171
0.12732177
0.12625009
0.1250109
0.12327217
0.12055762
0.11637116
0.11025895
0.10182736
0.090746099
0.076762383
0.059765374
0.040003075
0.016838222
0.1297862
0.1292005
0.12817943
0.12699722
0.12562277
0.1237433
0.12089758
0.11659794
0.11039391
0.10189262
0.090763441
0.076752722
0.059747831
0.039992492
0.01684085
0.13069554
0.13008181
0.12899267
0.12770455
0.12620006
0.12418486
0.1212125
0.11680374
0.11051171
0.10194441
0.090770886
0.076736516
0.05972668
0.039980546
0.016843322
0.13155752
0.1309169
0.12976262
0.12837304
0.12674358
0.12459758
0.121503
0.11698915
0.11061288
0.10198317
0.090768773
0.076714005
0.059702069
0.039967302
0.016845638
0.13237344
0.13170705
0.13049041
0.12900365
0.12725417
0.12498217
0.12176975
0.11715476
0.11069793
0.10200935
0.090757453
0.076685444
0.059674155
0.039952828
0.016847799
0.13314463
0.13245352
0.13117723
0.1295974
0.12773267
0.12533938
0.12201342
0.11730119
0.11076742
0.10202339
0.090737292
0.076651096
0.059643102
0.039937197
0.016849806
0.13387241
0.13315761
0.13182423
0.13015529
0.12817995
0.12566997
0.1222347
0.11742906
0.11082189
0.10202578
0.090708664
0.076611233
0.059609078
0.039920482
0.016851662
0.1345581
0.1338206
0.1324326
0.13067836
0.12859689
0.12597473
0.12243429
0.117539
0.11086192
0.102017
0.090671953
0.076566135
0.059572256
0.039902758
0.016853369
0.13520303
0.13444378
0.13300353
0.13116764
0.1289844
0.12625443
0.1226129
0.11763167
0.11088806
0.10199752
0.090627547
0.076516085
0.059532814
0.039884103
0.01685493
0.13580851
0.13502841
0.13353818
0.13162416
0.12934337
0.12650987
0.12277125
0.11770769
0.11090089
0.10196783
0.090575842
0.076461372
0.05949093
0.039864594
0.016856347
0.13637583
0.13557577
0.13403774
0.13204899
0.12967471
0.12674185
0.12291004
0.11776772
0.11090099
0.10192844
0.090517233
0.076402287
0.059446785
0.039844309
0.016857625
0.1369063
0.13608712
0.13450338
0.13244315
0.12997933
0.12695117
0.12302999
0.11781241
0.11088893
0.10187983
0.090452117
0.076339122
0.059400561
0.039823326
0.016858766
0.13740118
0.1365637
0.13493626
0.13280769
0.13025814
0.12713864
0.12313184
0.1178424
0.11086529
0.10182249
0.090380893
0.076272167
0.059352437
0.039801721
0.016859774
0.13786174
0.13700674
0.13533754
0.13314364
0.13051205
0.12730505
0.12321628
0.11785834
0.11083063
0.10175691
0.090303954
0.076201712
0.059302593
0.03977957
0.016860655
0.13828921
0.13741746
0.13570834
0.13345202
0.13074196
0.1274512
0.12328404
0.11786086
0.11078552
0.10168359
0.090221693
0.076128044
0.059251206
0.039756948
0.016861411
0.13868483
0.13779705
0.1360498
0.13373385
0.13094876
0.12757788
0.12333582
0.1178506
0.11073053
0.10160299
0.090134497
0.076051448
0.059198448
0.039733928
0.016862048
0.13904981
0.13814669
0.13636302
0.13399012
0.13113335
0.12768588
0.12337231
0.11782818
0.1106662
0.10151559
0.090042746
0.0759722
0.059144492
0.039710581
0.016862571
0.13938531
0.13846753
0.13664909
0.13422184
0.13129659
0.12777596
0.12339421
0.11779422
0.11059309
0.10142186
0.089946816
0.075890574
0.059089502
0.039686974
0.016862983
0.13969251
0.13876072
0.13690909
0.13442996
0.13143936
0.1278489
0.1234022
0.11774933
0.11051171
0.10132225
0.089847074
0.075806836
0.059033641
0.039663173
0.016863289
0.13997254
0.13902737
0.13714407
0.13461546
0.13156251
0.12790545
0.12339696
0.1176941
0.11042261
0.10121721
0.089743877
0.075721247
0.058977065
0.039639243
0.016863495
0.14022651
0.13926856
0.13735505
0.13477927
0.13166688
0.12794636
0.12337913
0.11762913
0.11032629
0.10110717
0.089637575
0.075634057
0.058919923
0.039615242
0.016863605
0.14045553
0.13948537
0.13754305
0.13492232
0.13175328
0.12797235
0.12334937
0.11755498
0.11022326
0.10099257
0.089528507
0.07554551
0.058862362
0.039591229
0.016863624
0.14066064
0.13967885
0.13770906
0.13504551
0.13182253
0.12798413
0.12330832
0.11747222
0.11011401
0.10087381
0.089417001
0.075455842
0.05880452
0.039567257
0.016863557
0.1408429
0.13985
0.13785405
0.13514973
0.13187543
0.12798242
0.12325658
0.11738139
0.10999901
0.1007513
0.089303377
0.075365278
0.05874653
0.039543379
0.016863408
0.14100332
0.13999982
0.13797896
0.13523585
0.13191274
0.1279679
0.12319478
0.11728303
0.10987874
0.10062542
0.089187941
0.075274036
0.058688517
0.039519641
0.016863182
0.14114289
0.14012929
0.1380847
0.1353047
0.13193524
0.12794123
0.1231235
0.11717767
0.10975363
0.10049656
0.089070989
0.075182323
0.058630601
0.039496089
0.016862884
0.14126258
0.14023935
0.13817219
0.13535713
0.13194365
0.12790309
0.12304333
0.1170658
0.10962413
0.10036508
0.088952804
0.075090336
0.058572894
0.039472766
0.016862519
0.14136331
0.14033093
0.1382423
0.13539393
0.1319387
0.1278541
0.12295482
0.11694792
0.10949066
0.10023132
0.088833658
0.074998265
0.058515504
0.039449709
0.01686209
0.14144601
0.1404049
0.13829587
0.13541589
0.1319211
0.12779489
0.12285852
0.11682451
0.10935363
0.10009564
0.088713813
0.074906288
0.05845853
0.039426954
0.016861602
0.14151156
0.14046216
0.13833374
0.13542378
0.13189154
0.12772607
0.12275497
0.11669604
0.10921343
0.09995834
0.088593515
0.074814574
0.058402064
0.039404535
0.016861059
0.14156083
0.14050353
0.13835671
0.13541833
0.13185067
0.12764822
0.12264468
0.11656294
0.10907045
0.099819744
0.088473002
0.074723283
0.058346193
0.03938248
0.016860465
0.14159464
0.14052984
0.13836556
0.13540027
0.13179916
0.12756193
0.12252816
0.11642566
0.10892506
0.099680146
0.088352499
0.074632564
0.058290998
0.039360818
0.016859825
0.14161382
0.14054189
0.13836105
0.1353703
0.13173762
0.12746774
0.12240588
0.1162846
0.10877759
0.099539832
0.088232217
0.074542558
0.058236553
0.039339572
0.016859141
0.14161914
0.14054044
0.13834391
0.1353291
0.13166668
0.12736621
0.12227833
0.11614019
0.1086284
0.09939907
0.088112359
0.074453396
0.058182923
0.039318745
0.016858419
0.14161137
0.14052625
0.13831487
0.13527733
0.13158693
0.12725785
0.12214596
0.1159928
0.10847781
0.09925812
0.087993112
0.074365194
0.058130146
0.039298218
0.01685766
0.14159123
0.14050003
0.1382746
0.13521562
0.13149893
0.12714316
0.1220092
0.1158428
0.10832612
0.099117225
0.087874652
0.07427806
0.05807827
0.039278048
0.016856868
0.14155946
0.14046249
0.13822377
0.1351446
0.13140326
0.12702265
0.12186848
0.11569057
0.10817364
0.098976616
0.087757144
0.074192095
0.058027346
0.039258279
0.016856046
0.14151673
0.14041429
0.13816303
0.13506486
0.13130043
0.12689677
0.1217242
0.11553643
0.10802064
0.09883651
0.087640738
0.074107371
0.057977289
0.039238976
0.016855195
0.1414637
0.1403561
0.13809301
0.13497699
0.13119099
0.126766
0.12157677
0.11538073
0.10786739
0.09869711
0.087525571
0.074023963
0.057928169
0.039220148
0.016854319
0.14140103
0.14028854
0.1380143
0.13488153
0.13107542
0.12663076
0.12142655
0.11522378
0.10771414
0.098558609
0.087411776
0.073941955
0.057880065
0.039201804
0.01685342
0.14132932
0.14021222
0.13792749
0.13477903
0.13095421
0.12649149
0.12127392
0.11506588
0.10756114
0.098421182
0.087299456
0.073861321
0.057833064
0.039183958
0.016852501
0.14124918
0.14012773
0.13783314
0.13467
0.13082784
0.12634858
0.12111921
0.11490732
0.10740861
0.098284993
0.087188713
0.07378213
0.057787203
0.039166624
0.016851565
0.14116118
0.14003563
0.13773178
0.13455495
0.13069674
0.12620245
0.12096276
0.11474836
0.10725676
0.098150199
0.087079653
0.073704489
0.057742499
0.039149809
0.016850616
0.14106588
0.13993647
0.13762394
0.13443437
0.13056135
0.12605345
0.1208049
0.11458927
0.1071058
0.098016926
0.086972287
0.07362851
0.057698973
0.039133522
0.016849654
0.14096381
0.13983077
0.13751012
0.1343087
0.13042209
0.12590196
0.12064591
0.1144303
0.1069559
0.0978853
0.086866711
0.073554251
0.057656647
0.039117767
0.016848684
0.14085548
0.13971903
0.1373908
0.13417841
0.13027936
0.12574831
0.1204861
0.11427167
0.10680724
0.097755452
0.086763053
0.073481743
0.057615532
0.03910255
0.016847708
0.14074139
0.13960174
0.13726644
0.13404391
0.13013354
0.12559285
0.12032574
0.11411361
0.10665997
0.097627396
0.086661453
0.073411027
0.057575642
0.039087873
0.016846727
0.14062201
0.13947937
0.13713749
0.13390563
0.129985
0.12543588
0.12016509
0.11395631
0.10651424
0.097501294
0.086561969
0.073342131
0.057536985
0.039073735
0.016845744
0.1404978
0.13935236
0.13700438
0.13376395
0.12983409
0.12527771
0.12000439
0.11379996
0.10637015
0.097377299
0.086464657
0.07327508
0.057499569
0.039060137
0.016844761
0.1403692
0.13922114
0.13686751
0.13361926
0.12968115
0.12511863
0.11984388
0.11364473
0.10622782
0.097255534
0.086369571
0.073209895
0.057463397
0.039047075
0.01684378
0.14023661
0.13908613
0.13672728
0.13347191
0.1295265
0.12495891
0.11968378
0.11349077
0.10608743
0.09713608
0.086276755
0.073146592
0.057428468
0.039034547
0.016842801
0.14010045
0.13894771
0.13658407
0.13332226
0.12937045
0.1247988
0.11952427
0.11333822
0.10594914
0.097019014
0.086186249
0.073085184
0.057394781
0.039022549
0.016841828
0.1399611
0.13880627
0.13643823
0.13317064
0.12921328
0.12463854
0.11936555
0.11318726
0.10581307
0.096904406
0.086098084
0.073025678
0.057362331
0.039011073
0.016840861
0.13981893
0.13866216
0.13629011
0.13301735
0.12905528
0.12447836
0.11920776
0.11303809
0.10567931
0.096792315
0.086012288
0.072968079
0.057331111
0.039000114
0.016839902
0.1396743
0.13851574
0.13614004
0.1328627
0.12889669
0.12431845
0.11905114
0.11289085
0.10554796
0.096682797
0.085928883
0.072912386
0.057301114
0.038989664
0.016838952
0.13952752
0.13836733
0.13598832
0.13270697
0.12873775
0.12415902
0.11889588
0.11274566
0.10541911
0.096575898
0.085847885
0.072858597
0.057272326
0.038979716
0.016838012
0.13937894
0.13821724
0.13583526
0.13255042
0.12857867
0.12400031
0.11874215
0.11260267
0.10529284
0.096471657
0.085769304
0.072806705
0.057244737
0.03897026
0.016837083
0.13922884
0.13806576
0.13568112
0.13239328
0.12841972
0.12384252
0.11859012
0.11246196
0.10516922
0.096370108
0.085693148
0.0727567
0.057218332
0.038961288
0.016836167
0.13907751
0.13791317
0.13552615
0.13223582
0.12826113
0.12368586
0.11843992
0.11232366
0.1050483
0.096271279
0.085619419
0.07270857
0.057193094
0.038952789
0.016835263
0.13892522
0.13775973
0.13537061
0.13207828
0.1281031
0.12353048
0.1182917
0.11218784
0.10493015
0.096175191
0.085548113
0.0726623
0.057169007
0.038944754
0.016834373
0.13877221
0.13760569
0.13521476
0.13192089
0.12794586
0.12337658
0.11814557
0.11205461
0.10481481
0.096081861
0.085479226
0.07261787
0.057146052
0.038937172
0.016833499
0.13861875
0.1374513
0.13505885
0.13176389
0.12778959
0.1232243
0.11800167
0.11192402
0.10470232
0.095991298
0.085412747
0.072575263
0.05712421
0.038930031
0.016832639
0.13846507
0.1372968
0.13490308
0.13160747
0.12763447
0.12307378
0.11786009
0.11179617
0.10459272
0.095903509
0.085348661
0.072534454
0.057103459
0.038923322
0.016831795
0.13831138
0.13714242
0.13474769
0.13145184
0.12748068
0.12292517
0.11772094
0.11167109
0.10448603
0.095818494
0.085286953
0.07249542
0.057083779
0.038917033
0.016830968
0.13815793
0.13698836
0.13459287
0.13129719
0.12732837
0.1227786
0.11758431
0.11154886
0.10438227
0.09573625
0.085227603
0.072458135
0.057065147
0.038911152
0.016830158
0.1380049
0.13683483
0.13443883
0.13114368
0.1271777
0.12263418
0.11745027
0.11142951
0.10428146
0.095656769
0.085170586
0.07242257
0.057047539
0.038905668
0.016829365
0.1378525
0.13668203
0.13428574
0.1309915
0.12702881
0.12249201
0.1173189
0.11131309
0.10418362
0.095580039
0.085115878
0.072388697
0.057030933
0.038900568
0.01682859
0.13770092
0.13653014
0.13413378
0.13084078
0.12688183
0.12235221
0.11719028
0.11119963
0.10408874
0.095506042
0.085063449
0.072356484
0.057015304
0.038895843
0.016827833
0.13755033
0.13637933
0.13398312
0.13069169
0.12673687
0.12221486
0.11706445
0.11108916
0.10399683
0.095434762
0.085013271
0.072325899
0.057000628
0.038891479
0.016827094
0.1374009
0.13622977
0.13383391
0.13054436
0.12659407
0.12208005
0.11694148
0.1109817
0.10390788
0.095366173
0.084965308
0.072296909
0.056986879
0.038887465
0.016826374
0.13725279
0.13608161
0.13368628
0.13039892
0.12645351
0.12194785
0.1168214
0.11087726
0.10382189
0.09530025
0.084919527
0.072269481
0.056974033
0.038883789
0.016825673
0.13710615
0.135935
0.13354039
0.13025548
0.12631529
0.12181834
0.11670425
0.11077587
0.10373884
0.095236965
0.084875892
0.072243578
0.056962063
0.03888044
0.01682499
0.13696112
0.13579007
0.13339635
0.13011416
0.12617951
0.12169156
0.11659008
0.11067751
0.10365871
0.095176285
0.084834363
0.072219166
0.056950945
0.038877406
0.016824326
0.13681783
0.13564695
0.13325428
0.12997505
0.12604625
0.12156759
0.1164789
0.1105822
0.10358149
0.095118176
0.084794901
0.072196208
0.056940653
0.038874676
0.016823682
0.1366764
0.13550576
0.1331143
0.12983826
0.12591557
0.12144646
0.11637074
0.11048994
0.10350715
0.095062601
0.084757466
0.072174667
0.056931161
0.038872238
0.016823056
0.13653695
0.13536661
0.1329765
0.12970387
0.12578755
0.12132822
0.11626561
0.1104007
0.10343567
0.095009522
0.084722014
0.072154505
0.056922444
0.038870081
0.01682245
0.13639957
0.1352296
0.13284097
0.12957197
0.12566225
0.1212129
0.11616353
0.11031449
0.10336701
0.094958897
0.084688503
0.072135687
0.056914475
0.038868194
0.016821862
0.13626438
0.13509483
0.13270782
0.12944261
0.12553971
0.12110054
0.1160645
0.11023128
0.10330115
0.094910685
0.084656888
0.072118172
0.05690723
0.038866566
0.016821294
0.13613145
0.13496238
0.1325771
0.12931587
0.12541998
0.12099115
0.11596851
0.11015106
0.10323804
0.094864842
0.084627125
0.072101925
0.056900683
0.038865186
0.016820744
0.13600087
0.13483233
0.1324489
0.12919181
0.12530311
0.12088477
0.11587558
0.1100738
0.10317765
0.09482132
0.084599167
0.072086906
0.056894809
0.038864045
0.016820213
0.13587273
0.13470475
0.13232328
0.12907048
0.12518913
0.12078139
0.11578568
0.10999947
0.10311994
0.094780075
0.08457297
0.072073077
0.056889584
0.03886313
0.016819701
0.13574708
0.13457972
0.1322003
0.12895192
0.12507807
0.12068103
0.11569882
0.10992806
0.10306487
0.094741057
0.084548487
0.072060402
0.056884983
0.038862434
0.016819207
0.13562399
0.13445729
0.13208001
0.12883618
0.12496995
0.1205837
0.11561497
0.10985951
0.10301238
0.094704217
0.084525671
0.072048841
0.056880981
0.038861944
0.016818732
0.13550351
0.13433751
0.13196246
0.12872329
0.12486479
0.12048939
0.11553411
0.10979381
0.10296245
0.094669506
0.084504474
0.072038358
0.056877556
0.038861652
0.016818274
0.1353857
0.13422043
0.13184768
0.12861328
0.12476261
0.12039811
0.11545622
0.10973091
0.10291501
0.094636873
0.08448485
0.072028916
0.056874682
0.038861548
0.016817835
0.13527059
0.1341061
0.13173572
0.12850617
0.12466341
0.12030983
0.11538128
0.10967077
0.10287003
0.094606265
0.084466752
0.072020476
0.056872338
0.038861623
0.016817413
0.13515823
0.13399454
0.1316266
0.12840198
0.12456719
0.12022455
0.11530926
0.10961334
0.10282744
0.094577633
0.084450132
0.072013003
0.056870501
0.038861868
0.016817008
0.13504865
0.13388579
0.13152034
0.12830072
0.12447397
0.12014225
0.11524013
0.1095586
0.1027872
0.094550922
0.084434944
0.072006461
0.056869147
0.038862273
0.016816621
0.13494187
0.13377986
0.13141696
0.12820241
0.12438372
0.12006292
0.11517384
0.10950648
0.10274926
0.09452608
0.08442114
0.072000813
0.056868256
0.038862831
0.01681625
0.13483792
0.13367679
0.13131649
0.12810705
0.12429645
0.11998653
0.11511037
0.10945695
0.10271357
0.094503054
0.084408675
0.071996024
0.056867805
0.038863532
0.016815897
0.13473681
0.13357659
0.13121891
0.12801463
0.12421214
0.11991304
0.11504968
0.10940995
0.10268006
0.094481792
0.0843975
0.071992059
0.056867773
0.038864369
0.016815559
0.13463856
0.13347926
0.13112425
0.12792516
0.12413077
0.11984245
0.11499172
0.10936543
0.10264868
0.094462239
0.084387572
0.071988884
0.056868141
0.038865334
0.016815238
0.13454318
0.13338481
0.1310325
0.12783863
0.12405233
0.1197747
0.11493645
0.10932335
0.10261939
0.094444343
0.084378843
0.071986464
0.056868887
0.038866418
0.016814932
0.13445066
0.13329324
0.13094366
0.12775501
0.12397679
0.11970977
0.11488382
0.10928364
0.10259211
0.094428049
0.084371269
0.071984767
0.056869991
0.038867615
0.016814642
0.134361
0.13320456
0.13085772
0.12767431
0.12390413
0.11964762
0.1148338
0.10924625
0.1025668
0.094413306
0.084364804
0.071983759
0.056871435
0.038868916
0.016814366
0.13427421
0.13311874
0.13077467
0.1275965
0.12383432
0.11958821
0.11478632
0.10921113
0.10254341
0.094400061
0.084359405
0.071983408
0.0568732
0.038870315
0.016814106
0.13419028
0.1330358
0.1306945
0.12752155
0.12376733
0.11953151
0.11474133
0.10917822
0.10252186
0.094388261
0.084355027
0.071983684
0.056875266
0.038871805
0.01681386
0.13410918
0.1329557
0.13061718
0.12744945
0.12370312
0.11947745
0.1146988
0.10914747
0.10250212
0.094377854
0.084351629
0.071984553
0.056877617
0.038873379
0.016813628
0.13403091
0.13287843
0.1305427
0.12738016
0.12364165
0.11942601
0.11465866
0.10911882
0.10248411
0.094368788
0.084349166
0.071985987
0.056880234
0.03887503
0.01681341
0.13395545
0.13280398
0.13047103
0.12731366
0.1235829
0.11937713
0.11462085
0.10909221
0.10246779
0.094361012
0.084347599
0.071987956
0.056883101
0.038876753
0.016813205
0.13388278
0.13273232
0.13040214
0.12724991
0.12352681
0.11933076
0.11458534
0.10906759
0.10245309
0.094354477
0.084346884
0.07199043
0.056886201
0.038878541
0.016813014
0.13381287
0.13266342
0.13033601
0.12718888
0.12347335
0.11928686
0.11455205
0.10904489
0.10243997
0.094349131
0.084346984
0.071993381
0.056889518
0.038880388
0.016812835
0.1337457
0.13259726
0.13027261
0.12713052
0.12342247
0.11924537
0.11452094
0.10902406
0.10242836
0.094344926
0.084347857
0.071996782
0.056893037
0.03888229
0.016812668
0.13368124
0.13253381
0.13021189
0.12707481
0.12337412
0.11920625
0.11449195
0.10900504
0.10241821
0.094341813
0.084349465
0.072000606
0.056896743
0.038884239
0.016812513
0.13361944
0.13247302
0.13015383
0.12702169
0.12332826
0.11916943
0.11446501
0.10898778
0.10240947
0.094339745
0.084351771
0.072004827
0.05690062
0.038886232
0.016812371
0.13356029
0.13241488
0.13009839
0.12697113
0.12328484
0.11913487
0.11444008
0.10897221
0.10240208
0.094338675
0.084354738
0.07200942
0.056904656
0.038888263
0.016812239
0.13350375
0.13235933
0.13004551
0.12692308
0.12324381
0.11910251
0.1144171
0.10895828
0.102396
0.094338557
0.08435833
0.072014359
0.056908836
0.038890328
0.016812118
0.13344977
0.13230634
0.12999517
0.1268775
0.12320512
0.11907229
0.114396
0.10894594
0.10239115
0.094339345
0.08436251
0.072019621
0.056913148
0.038892421
0.016812008
0.13339831
0.13225587
0.12994732
0.12683433
0.12316871
0.11904417
0.11437674
0.10893511
0.10238751
0.094340995
0.084367246
0.072025183
0.056917579
0.038894539
0.016811909
0.13334934
0.13220787
0.12990191
0.12679353
0.12313454
0.11901807
0.11435925
0.10892576
0.102385
0.094343464
0.084372504
0.072031022
0.056922117
0.038896677
0.016811819
0.13330281
0.13216231
0.1298589
0.12675504
0.12310255
0.11899396
0.11434347
0.10891783
0.10238359
0.094346709
0.08437825
0.072037116
0.056926749
0.038898832
0.016811739
0.13325867
0.13211912
0.12981823
0.12671882
0.12307267
0.11897176
0.11432935
0.10891125
0.10238322
0.094350688
0.084384453
0.072043445
0.056931465
0.038900998
0.016811668
0.13321688
0.13207828
0.12977986
0.12668482
0.12304487
0.11895142
0.11431684
0.10890597
0.10238385
0.09435536
0.084391082
0.072049987
0.056936254
0.038903173
0.016811606
0.13317739
0.13203972
0.12974374
0.12665297
0.12301908
0.11893288
0.11430586
0.10890195
0.10238542
0.094360685
0.084398107
0.072056722
0.056941105
0.038905353
0.016811553
0.13314015
0.1320034
0.12970982
0.12662323
0.12299525
0.11891609
0.11429638
0.10889912
0.10238788
0.094366624
0.084405498
0.072063632
0.056946008
0.038907534
0.016811507
0.13310511
0.13196927
0.12967803
0.12659554
0.12297331
0.11890099
0.11428832
0.10889744
0.1023912
0.094373139
0.084413227
0.072070698
0.056950953
0.038909714
0.01681147
0.13307222
0.13193727
0.12964834
0.12656985
0.12295322
0.11888753
0.11428164
0.10889684
0.10239533
0.094380193
0.084421266
0.072077902
0.056955932
0.038911888
0.016811441
0.13304143
0.13190735
0.12962068
0.1265461
0.12293492
0.11887563
0.11427627
0.10889729
0.10240022
0.094387749
0.084429588
0.072085226
0.056960934
0.038914055
0.016811419
0.13301268
0.13187947
0.12959501
0.12652424
0.12291835
0.11886526
0.11427218
0.10889873
0.10240582
0.094395771
0.084438168
0.072092654
0.056965952
0.038916211
0.016811403
0.13298593
0.13185356
0.12957127
0.1265042
0.12290345
0.11885635
0.11426929
0.10890111
0.1024121
0.094404226
0.084446979
0.07210017
0.056970977
0.038918354
0.016811395
0.13296112
0.13182958
0.12954939
0.12648594
0.12289016
0.11884884
0.11426756
0.10890439
0.10241902
0.094413081
0.084455999
0.072107758
0.056976001
0.03892048
0.016811393
0.1329382
0.13180746
0.12952934
0.1264694
0.12287844
0.11884269
0.11426694
0.10890851
0.10242652
0.094422302
0.084465203
0.072115404
0.056981017
0.038922588
0.016811397
0.13291711
0.13178717
0.12951105
0.12645452
0.12286822
0.11883783
0.11426738
0.10891343
0.10243458
0.094431859
0.084474569
0.072123093
0.056986018
0.038924676
0.016811406
0.1328978
0.13176863
0.12949447
0.12644125
0.12285946
0.11883422
0.11426881
0.1089191
0.10244316
0.094441722
0.084484076
0.072130813
0.056990998
0.038926742
0.016811422
0.13288021
0.1317518
0.12947954
0.12642953
0.12285209
0.1188318
0.11427121
0.10892549
0.10245221
0.094451862
0.084493702
0.07213855
0.056995949
0.038928782
0.016811442
0.1328643
0.13173662
0.12946622
0.1264193
0.12284606
0.11883051
0.11427451
0.10893254
0.10246171
0.09446225
0.084503429
0.072146292
0.057000867
0.038930797
0.016811467
0.13285
0.13172304
0.12945443
0.12641052
0.12284131
0.11883031
0.11427867
0.10894022
0.10247161
0.09447286
0.084513236
0.072154028
0.057005746
0.038932783
0.016811497
0.13283726
0.13171101
0.12944414
0.12640313
0.12283781
0.11883115
0.11428364
0.10894848
0.10248189
0.094483665
0.084523106
0.072161746
0.05701058
0.03893474
0.016811532
0.13282604
0.13170046
0.12943528
0.12639707
0.12283548
0.11883298
0.11428937
0.10895729
0.1024925
0.094494641
0.084533022
0.072169437
0.057015365
0.038936667
0.01681157
0.13281627
0.13169135
0.12942781
0.1263923
0.12283428
0.11883574
0.11429583
0.1089666
0.10250343
0.094505763
0.084542967
0.072177091
0.057020096
0.038938561
0.016811613
0.13280791
0.13168363
0.12942166
0.12638875
0.12283417
0.11883939
0.11430297
0.10897639
0.10251464
0.094517009
0.084552925
0.072184698
0.057024768
0.038940422
0.016811659
0.13280089
0.13167723
0.1294168
0.12638638
0.12283508
0.11884389
0.11431075
0.1089866
0.10252609
0.094528355
0.08456288
0.072192249
0.057029379
0.038942248
0.016811708
0.13279517
0.13167212
0.12941315
0.12638514
0.12283697
0.11884918
0.11431912
0.10899721
0.10253777
0.09453978
0.08457282
0.072199736
0.057033924
0.038944039
0.016811761
0.1327907
0.13166823
0.12941068
0.12638497
0.12283979
0.11885522
0.11432805
0.10900819
0.10254963
0.094551264
0.084582728
0.072207152
0.057038399
0.038945794
0.016811817
0.13278742
0.13166551
0.12940933
0.12638582
0.12284349
0.11886196
0.11433748
0.10901949
0.10256167
0.094562787
0.084592593
0.072214488
0.057042802
0.038947512
0.016811875
0.13278529
0.13166392
0.12940904
0.12638765
0.12284802
0.11886937
0.1143474
0.10903109
0.10257384
0.09457433
0.084602402
0.072221737
0.057047128
0.038949183
0.016811936
0.13278424
0.13166339
0.12940978
0.1263904
0.12285335
0.1188774
0.11435775
0.10904295
0.10258612
0.094585874
0.084612142
0.072228892
0.057051372
0.038950804
0.016812
0.13278424
0.1316639
0.12941149
0.12639403
0.12285942
0.11888601
0.11436851
0.10905505
0.1025985
0.094597402
0.084621802
0.072235947
0.057055533
0.038952379
0.016812065
0.13278523
0.13166537
0.12941413
0.12639849
0.12286618
0.11889515
0.11437963
0.10906735
0.10261095
0.094608897
0.084631371
0.072242894
0.057059604
0.038953908
0.016812132
0.13278717
0.13166777
0.12941763
0.12640374
0.1228736
0.11890479
0.11439108
0.10907983
0.10262344
0.094620343
0.084640837
0.072249727
0.057063576
0.038955395
0.016812201
0.13279001
0.13167106
0.12942197
0.12640973
0.12288164
0.1189149
0.11440283
0.10909245
0.10263595
0.094631725
0.084650192
0.072256439
0.057067451
0.038956839
0.016812271
0.13279369
0.13167517
0.12942709
0.12641641
0.12289025
0.11892542
0.11441485
0.1091052
0.10264847
0.094643028
0.084659426
0.072263027
0.05707123
0.038958239
0.016812342
0.13279819
0.13168008
0.12943295
0.12642375
0.12289939
0.11893634
0.11442711
0.10911805
0.10266097
0.094654239
0.084668529
0.072269478
0.057074916
0.038959595
0.016812414
0.13280345
0.13168572
0.12943951
0.1264317
0.12290902
0.1189476
0.11443957
0.10913097
0.10267344
0.094665344
0.084677492
0.072275788
0.057078507
0.038960909
0.016812487
0.13280943
0.13169207
0.12944672
0.12644022
0.12291912
0.11895919
0.11445222
0.10914394
0.10268586
0.094676332
0.084686308
0.07228196
0.057082002
0.03896218
0.01681256
0.13281608
0.13169908
0.12945455
0.12644928
0.12292963
0.11897106
0.11446501
0.10915693
0.10269821
0.094687189
0.084694965
0.072287994
0.057085401
0.038963409
0.016812635
0.13282337
0.13170671
0.12946294
0.12645883
0.12294052
0.11898319
0.11447793
0.10916994
0.10271048
0.094697906
0.084703457
0.072293888
0.057088702
0.038964597
0.01681271
0.13283126
0.13171491
0.12947187
0.12646883
0.12295177
0.11899555
0.11449094
0.10918293
0.10272265
0.094708472
0.084711783
0.072299639
0.057091907
0.038965743
0.016812785
0.1328397
0.13172366
0.1294813
0.12647926
0.12296333
0.1190081
0.11450404
0.1091959
0.10273471
0.094718874
0.084719941
0.072305247
0.057095014
0.038966848
0.01681286
0.13284866
0.1317329
0.12949119
0.12649007
0.12297518
0.11902082
0.11451718
0.10920881
0.10274664
0.094729103
0.084727928
0.072310709
0.057098024
0.038967913
0.016812936
0.13285809
0.13174261
0.12950149
0.12650123
0.12298729
0.11903369
0.11453036
0.10922166
0.10275843
0.094739156
0.084735742
0.072316026
0.057100939
0.038968939
0.016813011
0.13286798
0.13175274
0.12951218
0.12651271
0.12299961
0.11904667
0.11454354
0.10923442
0.10277007
0.09474903
0.084743378
0.072321195
0.057103757
0.038969926
0.016813087
0.13287826
0.13176327
0.12952323
0.12652448
0.12301214
0.11905974
0.11455672
0.10924708
0.10278154
0.09475872
0.084750833
0.072326217
0.057106481
0.038970874
0.016813162
0.13288893
0.13177415
0.1295346
0.1265365
0.12302483
0.11907287
0.11456986
0.10925962
0.10279285
0.094768219
0.084758106
0.072331091
0.057109111
0.038971785
0.016813237
0.13289993
0.13178536
0.12954625
0.12654875
0.12303765
0.11908605
0.11458294
0.10927203
0.10280398
0.094777522
0.084765195
0.072335817
0.057111647
0.038972658
0.016813312
0.13291123
0.13179686
0.12955815
0.12656119
0.1230506
0.11909925
0.11459596
0.1092843
0.10281492
0.094786625
0.084772097
0.072340397
0.05711409
0.038973495
0.016813386
0.13292281
0.13180862
0.12957028
0.1265738
0.12306362
0.11911244
0.11460888
0.10929642
0.10282567
0.094795524
0.084778811
0.072344829
0.057116442
0.038974296
0.01681346
0.13293464
0.13182061
0.12958261
0.12658654
0.12307671
0.11912561
0.1146217
0.10930837
0.10283622
0.094804215
0.084785336
0.072349114
0.057118704
0.038975062
0.016813533
0.13294667
0.1318328
0.1295951
0.12659939
0.12308983
0.11913873
0.11463441
0.10932015
0.10284657
0.094812694
0.084791671
0.072353253
0.057120876
0.038975793
0.016813606
0.1329589
0.13184516
0.12960774
0.12661233
0.12310297
0.11915179
0.11464698
0.10933175
0.10285671
0.094820959
0.084797815
0.072357246
0.057122959
0.03897649
0.016813678
0.13297128
0.13185767
0.12962048
0.12662533
0.1231161
0.11916478
0.11465941
0.10934316
0.10286662
0.094829007
0.084803769
0.072361095
0.057124954
0.038977153
0.016813749
0.13298379
0.13187029
0.12963331
0.12663836
0.1231292
0.11917766
0.11467168
0.10935436
0.10287632
0.094836835
0.084809531
0.0723648
0.057126863
0.038977782
0.016813819
0.1329964
0.131883
0.1296462
0.12665141
0.12314225
0.11919044
0.11468379
0.10936536
0.10288578
0.094844443
0.084815102
0.072368362
0.057128686
0.038978379
0.016813888
0.13300909
0.13189578
0.12965913
0.12666445
0.12315525
0.1192031
0.11469573
0.10937614
0.10289502
0.094851829
0.084820483
0.072371782
0.057130425
0.038978944
0.016813956
0.13302184
0.13190861
0.12967207
0.12667747
0.12316816
0.11921562
0.11470747
0.1093867
0.10290402
0.094858993
0.084825674
0.072375063
0.057132081
0.038979478
0.016814024
0.13303462
0.13192146
0.12968502
0.12669044
0.12318099
0.11922799
0.11471902
0.10939704
0.10291279
0.094865933
0.084830677
0.072378205
0.057133655
0.038979981
0.01681409
0.13304742
0.13193431
0.12969794
0.12670336
0.1231937
0.11924021
0.11473037
0.10940715
0.10292132
0.094872651
0.084835492
0.072381211
0.05713515
0.038980454
0.016814154
0.1330602
0.13194714
0.12971082
0.1267162
0.1232063
0.11925225
0.11474151
0.10941702
0.10292961
0.094879148
0.084840123
0.072384082
0.057136565
0.038980897
0.016814218
0.13307296
0.13195994
0.12972365
0.12672895
0.12321875
0.11926412
0.11475244
0.10942665
0.10293766
0.094885423
0.084844571
0.072386821
0.057137904
0.038981312
0.01681428
0.13308568
0.13197268
0.1297364
0.12674159
0.12323107
0.1192758
0.11476314
0.10943604
0.10294547
0.094891479
0.084848837
0.072389431
0.057139169
0.038981699
0.016814341
0.13309834
0.13198536
0.12974907
0.12675412
0.12324322
0.11928728
0.11477361
0.1094452
0.10295304
0.094897318
0.084852926
0.072391913
0.05714036
0.038982059
0.016814401
0.13311092
0.13199796
0.12976163
0.12676651
0.12325521
0.11929856
0.11478386
0.1094541
0.10296037
0.094902942
0.08485684
0.072394271
0.05714148
0.038982394
0.016814459
0.13312341
0.13201045
0.12977408
0.12677876
0.12326703
0.11930963
0.11479387
0.10946276
0.10296747
0.094908352
0.084860582
0.072396508
0.057142531
0.038982703
0.016814516
0.1331358
0.13202283
0.1297864
0.12679086
0.12327865
0.11932049
0.11480364
0.10947118
0.10297433
0.094913553
0.084864154
0.072398626
0.057143516
0.038982988
0.016814572
0.13314806
0.13203509
0.12979858
0.12680279
0.12329008
0.11933112
0.11481317
0.10947934
0.10298095
0.094918546
0.084867561
0.072400629
0.057144435
0.03898325
0.016814626
0.13316019
0.13204721
0.1298106
0.12681454
0.12330131
0.11934152
0.11482245
0.10948727
0.10298733
0.094923334
0.084870806
0.072402519
0.057145292
0.038983489
0.016814679
0.13317218
0.13205917
0.12982246
0.12682611
0.12331233
0.11935169
0.11483149
0.10949494
0.10299349
0.09492792
0.084873891
0.072404299
0.057146087
0.038983706
0.016814731
0.13318401
0.13207098
0.12983414
0.12683749
0.12332313
0.11936162
0.11484028
0.10950237
0.10299941
0.094932307
0.084876819
0.072405971
0.057146824
0.038983903
0.016814781
0.13319567
0.13208261
0.12984564
0.12684866
0.1233337
0.11937132
0.11484882
0.10950955
0.10300511
0.094936498
0.084879595
0.07240754
0.057147503
0.03898408
0.01681483
0.13320716
0.13209406
0.12985694
0.12685962
0.12334405
0.11938076
0.11485711
0.10951648
0.10301058
0.094940496
0.08488222
0.072409006
0.057148127
0.038984237
0.016814877
0.13321846
0.13210532
0.12986804
0.12687036
0.12335416
0.11938996
0.11486514
0.10952317
0.10301583
0.094944303
0.084884698
0.072410374
0.057148697
0.038984375
0.016814923
0.13322956
0.13211638
0.12987894
0.12688088
0.12336404
0.11939891
0.11487293
0.10952961
0.10302085
0.094947922
0.084887032
0.072411644
0.057149214
0.038984495
0.016814968
0.13324046
0.13212723
0.12988961
0.12689116
0.12337367
0.11940761
0.11488045
0.10953581
0.10302565
0.094951357
0.084889225
0.07241282
0.05714968
0.038984597
0.016815011
0.13325115
0.13213786
0.12990006
0.12690122
0.12338305
0.11941605
0.11488773
0.10954177
0.10303024
0.09495461
0.084891279
0.072413903
0.057150097
0.038984683
0.016815053
0.13326163
0.13214828
0.12991029
0.12691103
0.12339219
0.11942423
0.11489475
0.10954749
0.10303461
0.094957684
0.084893198
0.072414896
0.057150466
0.038984751
0.016815093
0.13327189
0.13215848
0.12992028
0.12692061
0.12340107
0.11943216
0.11490152
0.10955297
0.10303878
0.094960583
0.084894984
0.072415802
0.057150787
0.038984804
0.016815132
0.13328192
0.13216844
0.12993004
0.12692993
0.1234097
0.11943984
0.11490804
0.10955822
0.10304273
0.094963311
0.084896641
0.072416622
0.057151064
0.03898484
0.016815169
0.13329172
0.13217818
0.12993956
0.12693902
0.12341808
0.11944726
0.11491431
0.10956324
0.10304648
0.094965871
0.084898172
0.072417359
0.057151296
0.038984862
0.016815205
0.13330129
0.13218768
0.12994884
0.12694785
0.1234262
0.11945442
0.11492033
0.10956803
0.10305003
0.094968267
0.08489958
0.072418016
0.057151485
0.038984869
0.01681524
0.13331063
0.13219694
0.12995788
0.12695644
0.12343407
0.11946134
0.11492612
0.10957259
0.10305338
0.094970503
0.084900869
0.072418595
0.057151634
0.038984862
0.016815273
0.13331973
0.13220596
0.12996667
0.12696477
0.12344169
0.11946801
0.11493166
0.10957694
0.10305655
0.094972585
0.084902043
0.072419099
0.057151743
0.038984842
0.016815305
0.13332859
0.13221474
0.12997522
0.12697286
0.12344906
0.11947443
0.11493697
0.10958107
0.10305953
0.094974516
0.084903106
0.072419532
0.057151816
0.038984809
0.016815335
0.13333721
0.13222328
0.12998352
0.1269807
0.12345618
0.1194806
0.11494205
0.109585
0.10306233
0.094976302
0.084904063
0.072419896
0.057151852
0.038984764
0.016815364
0.13334559
0.13223158
0.12999158
0.12698829
0.12346306
0.11948654
0.11494691
0.10958872
0.10306495
0.094977949
0.084904918
0.072420195
0.057151855
0.038984709
0.016815392
0.13335373
0.13223964
0.12999939
0.12699564
0.12346969
0.11949224
0.11495154
0.10959224
0.1030674
0.09497946
0.084905674
0.072420432
0.057151827
0.038984643
0.016815418
0.13336163
0.13224745
0.13000696
0.12700274
0.12347608
0.11949771
0.11495596
0.10959557
0.10306969
0.094980842
0.084906338
0.07242061
0.05715177
0.038984568
0.016815444
0.13336928
0.13225502
0.13001428
0.1270096
0.12348223
0.11950294
0.11496016
0.1095987
0.10307183
0.0949821
0.084906913
0.072420734
0.057151686
0.038984485
0.016815467
0.1333767
0.13226234
0.13002136
0.12701621
0.12348814
0.11950796
0.11496415
0.10960166
0.1030738
0.094983238
0.084907404
0.072420806
0.057151577
0.038984394
0.01681549
0.13338386
0.13226942
0.13002819
0.12702258
0.12349381
0.11951274
0.11496794
0.10960443
0.10307563
0.094984261
0.084907814
0.072420829
0.057151445
0.038984297
0.016815512
0.13339079
0.13227626
0.13003478
0.12702871
0.12349925
0.11951731
0.11497153
0.10960703
0.10307732
0.094985174
0.084908147
0.072420807
0.057151292
0.038984194
0.016815532
0.13339747
0.13228285
0.13004113
0.1270346
0.12350446
0.11952166
0.11497492
0.10960946
0.10307886
0.09498598
0.084908408
0.072420741
0.05715112
0.038984086
0.016815552
0.13340391
0.1322892
0.13004724
0.12704026
0.12350944
0.11952579
0.11497812
0.10961172
0.10308027
0.094986683
0.084908598
0.072420635
0.057150928
0.038983972
0.01681557
0.13341011
0.13229531
0.1300531
0.12704567
0.1235142
0.11952972
0.11498113
0.10961382
0.10308155
0.094987286
0.08490872
0.072420489
0.05715072
0.038983854
0.016815588
0.13341606
0.13230118
0.13005873
0.12705086
0.12351873
0.11953343
0.11498395
0.10961576
0.10308269
0.094987792
0.084908776
0.072420305
0.057150494
0.038983732
0.016815604
0.13342178
0.13230682
0.13006412
0.12705581
0.12352303
0.11953694
0.11498658
0.10961754
0.10308371
0.094988202
0.084908769
0.072420085
0.057150253
0.038983605
0.01681562
0.13342727
0.13231221
0.13006928
0.12706053
0.12352712
0.11954024
0.11498904
0.10961916
0.10308461
0.09498852
0.084908698
0.072419828
0.057149995
0.038983473
0.016815634
0.13343252
0.13231738
0.13007421
0.12706503
0.123531
0.11954335
0.11499132
0.10962064
0.10308538
0.094988747
0.084908567
0.072419536
0.05714972
0.038983337
0.016815648
0.13343755
0.13232231
0.13007891
0.12706931
0.12353466
0.11954626
0.11499342
0.10962197
0.10308604
0.094988886
0.084908376
0.072419208
0.057149429
0.038983195
0.01681566
0.13344235
0.13232703
0.13008339
0.12707337
0.12353812
0.11954899
0.11499536
0.10962315
0.10308658
0.094988939
0.084908126
0.072418846
0.057149122
0.038983048
0.016815672
0.13344693
0.13233153
0.13008765
0.12707722
0.12354138
0.11955153
0.11499713
0.1096242
0.10308701
0.09498891
0.08490782
0.07241845
0.057148798
0.038982896
0.016815682
0.1334513
0.13233581
0.13009171
0.12708087
0.12354445
0.11955389
0.11499875
0.10962512
0.10308733
0.094988802
0.08490746
0.072418021
0.057148458
0.038982739
0.016815692
0.13345547
0.13233989
0.13009556
0.12708432
0.12354733
0.11955608
0.11500022
0.10962591
0.10308756
0.094988619
0.084907049
0.072417563
0.057148104
0.038982576
0.0168157
0.13345943
0.13234376
0.13009921
0.12708757
0.12355003
0.11955811
0.11500155
0.10962658
0.10308769
0.094988368
0.084906592
0.072417076
0.057147736
0.038982409
0.016815707
0.13346319
0.13234744
0.13010267
0.12709065
0.12355255
0.11955999
0.11500274
0.10962715
0.10308774
0.094988054
0.084906094
0.072416566
0.057147356
0.038982238
0.016815714
0.13346676
0.13235093
0.13010594
0.12709354
0.12355492
0.11956172
0.11500381
0.10962761
0.10308771
0.094987685
0.084905559
0.072416035
0.057146968
0.038982066
0.016815719
0.13347014
0.13235423
0.13010903
0.12709626
0.12355712
0.11956331
0.11500476
0.10962798
0.10308761
0.094987266
0.084904994
0.072415489
0.057146574
0.038981892
0.016815724
0.13347334
0.13235734
0.13011194
0.12709882
0.12355917
0.11956476
0.1150056
0.10962826
0.10308744
0.094986806
0.084904405
0.072414932
0.057146178
0.038981719
0.016815728
0.13347635
0.13236028
0.13011468
0.1271012
0.12356107
0.11956609
0.11500634
0.10962846
0.10308722
0.094986311
0.084903799
0.072414371
0.057145784
0.038981549
0.016815731
0.13347918
0.13236304
0.13011724
0.12710343
0.12356283
0.11956729
0.11500697
0.10962858
0.10308695
0.094985786
0.084903181
0.072413809
0.057145396
0.038981384
0.016815734
0.13348183
0.13236561
0.13011963
0.12710549
0.12356444
0.11956836
0.11500751
0.10962864
0.10308663
0.094985237
0.084902556
0.072413252
0.057145015
0.038981225
0.016815737
0.1334843
0.13236801
0.13012185
0.1271074
0.12356591
0.11956932
0.11500795
0.10962862
0.10308626
0.094984667
0.084901927
0.072412701
0.057144646
0.038981073
0.016815739
0.13348658
0.13237023
0.13012389
0.12710914
0.12356723
0.11957016
0.11500829
0.10962853
0.10308586
0.094984076
0.084901296
0.07241216
0.057144289
0.038980928
0.016815741
0.13348869
0.13237228
0.13012577
0.12711072
0.12356841
0.11957087
0.11500854
0.10962837
0.10308541
0.094983464
0.084900662
0.072411629
0.057143945
0.038980792
0.016815744
0.13349062
0.13237414
0.13012747
0.12711214
0.12356944
0.11957145
0.11500868
0.10962814
0.10308491
0.094982828
0.084900023
0.072411104
0.057143612
0.038980663
0.016815746
0.13349237
0.13237584
0.130129
0.1271134
0.12357032
0.11957191
0.11500872
0.10962783
0.10308435
0.094982162
0.084899375
0.072410583
0.057143288
0.03898054
0.016815748
0.13349396
0.13237736
0.13013037
0.1271145
0.12357106
0.11957224
0.11500865
0.10962744
0.10308374
0.094981461
0.08489871
0.07241006
0.057142967
0.03898042
0.016815749
0.13349538
0.13237872
0.13013157
0.12711544
0.12357165
0.11957243
0.11500847
0.10962695
0.10308306
0.094980716
0.084898022
0.072409527
0.057142645
0.038980299
0.016815751
0.13349665
0.13237993
0.13013262
0.12711623
0.1235721
0.1195725
0.11500818
0.10962638
0.10308231
0.09497992
0.084897302
0.072408977
0.057142315
0.038980176
0.016815752
0.13349778
0.13238099
0.13013353
0.12711688
0.12357241
0.11957244
0.11500778
0.10962571
0.10308149
0.094979068
0.084896542
0.072408402
0.057141971
0.038980046
0.016815752
0.13349878
0.13238192
0.1301343
0.1271174
0.1235726
0.11957227
0.11500727
0.10962494
0.10308059
0.094978155
0.084895736
0.072407795
0.057141606
0.038979906
0.016815752
0.13349967
0.13238275
0.13013496
0.12711781
0.12357268
0.11957199
0.11500666
0.1096241
0.10307961
0.094977178
0.084894879
0.072407148
0.057141215
0.038979752
0.01681575
0.13350046
0.13238347
0.13013552
0.12711811
0.12357266
0.11957162
0.11500598
0.10962317
0.10307857
0.094976142
0.08489397
0.072406461
0.057140794
0.038979583
0.016815747
0.13350118
0.13238411
0.130136
0.12711834
0.12357256
0.11957118
0.11500522
0.10962219
0.10307747
0.094975052
0.084893014
0.072405732
0.057140342
0.038979398
0.016815743
0.13350183
0.13238469
0.13013642
0.12711851
0.12357241
0.11957069
0.11500442
0.10962116
0.10307632
0.094973921
0.084892017
0.072404966
0.057139861
0.038979195
0.016815737
0.13350243
0.13238522
0.13013679
0.12711863
0.12357223
0.11957017
0.1150036
0.10962011
0.10307516
0.094972765
0.084890993
0.072404172
0.057139357
0.03897898
0.016815729
0.13350299
0.13238571
0.13013713
0.12711873
0.12357202
0.11956964
0.11500277
0.10961906
0.10307399
0.094971606
0.084889959
0.072403363
0.057138838
0.038978757
0.01681572
0.13350352
0.13238617
0.13013744
0.12711882
0.12357182
0.11956913
0.11500197
0.10961804
0.10307285
0.094970468
0.084888936
0.072402558
0.057138318
0.038978534
0.016815711
0.133504
0.13238659
0.13013774
0.12711891
0.12357164
0.11956865
0.11500122
0.10961707
0.10307177
0.094969376
0.084887949
0.072401776
0.057137811
0.038978319
0.0168157
0.13350444
0.13238698
0.13013801
0.12711899
0.12357148
0.11956821
0.11500052
0.10961618
0.10307076
0.094968357
0.084887024
0.072401041
0.057137336
0.038978121
0.01681569
0.13350482
0.13238733
0.13013825
0.12711907
0.12357133
0.11956782
0.1149999
0.10961537
0.10306985
0.094967433
0.084886185
0.072400375
0.05713691
0.038977949
0.01681568
0.13350513
0.1323876
0.13013845
0.12711913
0.1235712
0.11956747
0.11499935
0.10961466
0.10306905
0.094966623
0.084885452
0.072399801
0.05713655
0.03897781
0.016815671
0.13350533
0.13238779
0.13013858
0.12711915
0.12357106
0.11956715
0.11499886
0.10961405
0.10306836
0.094965937
0.084884841
0.072399332
0.05713627
0.038977711
0.016815665
0.13350541
0.13238787
0.13013862
0.12711911
0.1235709
0.11956685
0.11499842
0.10961351
0.10306779
0.094965376
0.084884357
0.072398979
0.057136077
0.038977656
0.01681566
0.13350533
0.1323878
0.13013854
0.12711897
0.12357067
0.11956652
0.11499801
0.10961304
0.1030673
0.094964929
0.084883995
0.072398739
0.05713597
0.038977645
0.016815658
0.13350508
0.13238756
0.1301383
0.12711871
0.12357035
0.11956614
0.11499758
0.10961259
0.10306688
0.094964574
0.084883738
0.072398603
0.057135943
0.038977674
0.016815659
0.13350462
0.13238713
0.13013789
0.12711828
0.1235699
0.11956566
0.11499709
0.10961213
0.10306649
0.094964277
0.084883561
0.072398547
0.05713598
0.038977734
0.016815662
0.13350396
0.1323865
0.13013727
0.12711766
0.12356928
0.11956504
0.1149965
0.10961161
0.10306607
0.094963997
0.084883426
0.072398543
0.057136059
0.038977814
0.016815668
0.13350308
0.13238564
0.13013643
0.12711683
0.12356846
0.11956424
0.11499576
0.10961098
0.10306559
0.094963684
0.084883288
0.072398551
0.057136153
0.0389779
0.016815674
0.13350199
0.13238457
0.13013537
0.12711578
0.12356741
0.11956323
0.11499484
0.10961019
0.10306498
0.094963286
0.084883097
0.07239853
0.057136227
0.038977974
0.01681568
0.13350072
0.13238331
0.1301341
0.1271145
0.12356613
0.11956199
0.11499369
0.1096092
0.1030642
0.094962751
0.084882805
0.072398438
0.057136253
0.038978016
0.016815686
0.1334993
0.13238187
0.13013264
0.127113
0.12356462
0.11956051
0.1149923
0.10960798
0.10306321
0.094962033
0.084882365
0.072398233
0.057136199
0.038978014
0.01681569
0.13349778
0.13238032
0.13013103
0.12711133
0.12356291
0.1195588
0.11499067
0.10960651
0.10306198
0.094961096
0.084881737
0.072397879
0.05713604
0.038977954
0.016815691
0.13349621
0.1323787
0.13012932
0.12710952
0.12356102
0.11955689
0.11498881
0.10960479
0.10306049
0.094959917
0.084880893
0.072397347
0.057135751
0.038977826
0.016815688
0.13349467
0.13237709
0.13012758
0.12710764
0.12355901
0.11955481
0.11498675
0.10960285
0.10305877
0.094958494
0.08487982
0.07239662
0.05713532
0.038977625
0.016815681
0.13349323
0.13237555
0.13012588
0.12710576
0.12355697
0.11955265
0.11498455
0.10960073
0.10305683
0.094956847
0.084878525
0.072395696
0.057134742
0.038977351
0.016815668
0.13349195
0.13237415
0.1301243
0.12710397
0.12355496
0.11955048
0.1149823
0.1095985
0.10305475
0.094955019
0.084877037
0.072394593
0.057134029
0.03897701
0.01681565
0.1334909
0.13237297
0.13012292
0.12710234
0.12355309
0.1195484
0.11498008
0.10959625
0.1030526
0.094953076
0.084875408
0.072393348
0.057133204
0.038976616
0.016815627
0.13349013
0.13237207
0.1301218
0.12710096
0.12355144
0.1195465
0.114978
0.10959409
0.10305047
0.094951105
0.084873709
0.072392016
0.057132308
0.038976191
0.0168156
0.13348968
0.13237148
0.13012099
0.12709989
0.12355008
0.11954488
0.11497617
0.10959212
0.10304847
0.094949206
0.084872029
0.07239067
0.057131393
0.038975763
0.016815571
0.13348955
0.13237123
0.13012054
0.12709918
0.1235491
0.11954362
0.11497467
0.10959045
0.10304672
0.094947486
0.084870465
0.072389391
0.057130518
0.038975363
0.01681554
0.13348972
0.1323713
0.13012044
0.12709886
0.12354853
0.11954279
0.11497359
0.10958917
0.10304532
0.094946053
0.084869121
0.072388269
0.05712975
0.038975026
0.01681551
0.13349016
0.13237166
0.13012067
0.12709892
0.12354837
0.1195424
0.11497298
0.10958836
0.10304435
0.094945
0.084868088
0.072387387
0.05712915
0.03897478
0.016815483
0.13349078
0.13237224
0.13012118
0.12709932
0.12354862
0.11954248
0.11497286
0.10958805
0.10304387
0.094944403
0.08486745
0.072386817
0.057128765
0.038974641
0.016815462
0.1334915
0.13237296
0.13012189
0.12709999
0.12354922
0.11954296
0.11497322
0.10958825
0.10304391
0.094944307
0.084867262
0.072386619
0.057128644
0.038974628
0.016815449
0.13349219
0.13237369
0.13012268
0.12710081
0.12355005
0.11954377
0.11497396
0.1095889
0.10304444
0.094944703
0.084867539
0.072386818
0.057128809
0.038974754
0.016815444
)
;

boundaryField
{
    water_inlet
    {
        type            calculated;
        value           uniform 0.041850807;
    }
    water_outlet
    {
        type            calculated;
        value           nonuniform List<scalar> 
15
(
0.13349219
0.13237369
0.13012268
0.12710081
0.12355005
0.11954377
0.11497396
0.1095889
0.10304444
0.094944703
0.084867539
0.072386818
0.057128809
0.038974754
0.016815444
)
;
    }
    water_wedge1
    {
        type            wedge;
    }
    water_wedge2
    {
        type            wedge;
    }
    water_to_rock
    {
        type            compressible::alphatWallFunction;
        value           nonuniform List<scalar> 
400
(
0.0015669952
0.0018471873
0.0020481781
0.0021849324
0.0022719934
0.0023219691
0.0023451352
0.002349516
0.0023411805
0.0023246084
0.0023030479
0.0022788257
0.0022535946
0.0022285216
0.0022044242
0.0021818671
0.0021612267
0.0021427337
0.0021265001
0.0021125379
0.0021007745
0.0020910676
0.0020832228
0.0020770122
0.0020721935
0.0020685265
0.0020657873
0.0020637767
0.0020623249
0.0020612926
0.0020605688
0.0020600677
0.0020597245
0.0020594917
0.0020593354
0.002059232
0.002059166
0.0020591278
0.002059112
0.002059116
0.0020591394
0.0020591829
0.0020592479
0.0020593363
0.0020594498
0.00205959
0.0020597584
0.0020599561
0.002060184
0.0020604427
0.0020607324
0.0020610532
0.002061405
0.0020617874
0.0020622
0.0020626421
0.0020631131
0.0020636121
0.0020641383
0.0020646908
0.0020652687
0.0020658712
0.0020664969
0.0020671446
0.002067813
0.0020685006
0.002069206
0.0020699281
0.002070666
0.0020714188
0.0020721861
0.0020729673
0.0020737621
0.0020745699
0.0020753902
0.0020762223
0.0020770658
0.00207792
0.0020787845
0.0020796586
0.0020805418
0.0020814336
0.0020823333
0.0020832404
0.0020841544
0.0020850748
0.0020860009
0.0020869324
0.0020878685
0.0020888089
0.002089753
0.0020907003
0.0020916503
0.0020926025
0.0020935564
0.0020945114
0.0020954672
0.0020964231
0.0020973787
0.0020983334
0.0020992868
0.0021002383
0.0021011874
0.0021021335
0.0021030761
0.0021040145
0.0021049482
0.0021058765
0.0021067987
0.0021077142
0.0021086223
0.0021095221
0.002110413
0.002111294
0.0021121645
0.0021130235
0.00211387
0.0021147033
0.0021155224
0.0021163264
0.0021171142
0.0021178851
0.0021186381
0.0021193722
0.0021200866
0.0021207805
0.0021214531
0.0021221036
0.0021227313
0.0021233357
0.0021239161
0.0021244721
0.0021250033
0.0021255094
0.0021259901
0.0021264452
0.0021268748
0.0021272788
0.0021276573
0.0021280104
0.0021283385
0.0021286419
0.0021289208
0.0021291759
0.0021294075
0.0021296163
0.0021298027
0.0021299676
0.0021301115
0.0021302351
0.0021303392
0.0021304246
0.0021304919
0.002130542
0.0021305756
0.0021305936
0.0021305967
0.0021305858
0.0021305614
0.0021305246
0.0021304759
0.0021304161
0.002130346
0.0021302662
0.0021301775
0.0021300805
0.0021299758
0.0021298642
0.0021297461
0.0021296221
0.0021294926
0.0021293582
0.0021292192
0.002129076
0.0021289291
0.0021287789
0.002128626
0.0021284708
0.0021283137
0.0021281552
0.0021279956
0.0021278353
0.0021276746
0.0021275139
0.0021273535
0.0021271937
0.0021270346
0.0021268765
0.0021267198
0.0021265645
0.0021264108
0.002126259
0.0021261092
0.0021259615
0.0021258161
0.0021256731
0.0021255326
0.0021253947
0.0021252595
0.002125127
0.0021249974
0.0021248707
0.002124747
0.0021246262
0.0021245085
0.0021243939
0.0021242823
0.0021241738
0.0021240684
0.0021239662
0.002123867
0.002123771
0.0021236781
0.0021235882
0.0021235014
0.0021234177
0.0021233369
0.0021232592
0.0021231844
0.0021231125
0.0021230436
0.0021229774
0.0021229141
0.0021228536
0.0021227957
0.0021227406
0.002122688
0.002122638
0.0021225906
0.0021225456
0.002122503
0.0021224628
0.0021224249
0.0021223892
0.0021223558
0.0021223244
0.0021222952
0.0021222679
0.0021222427
0.0021222193
0.0021221978
0.0021221781
0.0021221601
0.0021221438
0.0021221291
0.002122116
0.0021221044
0.0021220943
0.0021220856
0.0021220782
0.0021220721
0.0021220673
0.0021220637
0.0021220612
0.0021220598
0.0021220594
0.0021220601
0.0021220617
0.0021220641
0.0021220675
0.0021220716
0.0021220765
0.0021220821
0.0021220884
0.0021220954
0.0021221029
0.002122111
0.0021221197
0.0021221288
0.0021221383
0.0021221483
0.0021221587
0.0021221693
0.0021221803
0.0021221915
0.002122203
0.0021222146
0.0021222264
0.0021222383
0.0021222503
0.0021222625
0.0021222747
0.002122287
0.0021222993
0.0021223117
0.002122324
0.0021223364
0.0021223487
0.002122361
0.0021223732
0.0021223854
0.0021223975
0.0021224094
0.0021224213
0.0021224331
0.0021224447
0.0021224561
0.0021224674
0.0021224786
0.0021224895
0.0021225003
0.0021225109
0.0021225213
0.0021225315
0.0021225414
0.0021225512
0.0021225608
0.0021225701
0.0021225792
0.0021225881
0.0021225967
0.0021226052
0.0021226134
0.0021226214
0.0021226291
0.0021226366
0.0021226439
0.002122651
0.0021226578
0.0021226644
0.0021226707
0.0021226768
0.0021226827
0.0021226884
0.0021226938
0.002122699
0.0021227039
0.0021227087
0.0021227132
0.0021227175
0.0021227216
0.0021227256
0.0021227293
0.0021227329
0.0021227362
0.0021227394
0.0021227425
0.0021227453
0.002122748
0.0021227505
0.0021227529
0.0021227551
0.0021227571
0.0021227589
0.0021227606
0.0021227621
0.0021227635
0.0021227647
0.0021227657
0.0021227667
0.0021227675
0.0021227682
0.0021227688
0.0021227694
0.0021227699
0.0021227704
0.0021227708
0.0021227712
0.0021227715
0.0021227718
0.002122772
0.0021227721
0.0021227721
0.0021227719
0.0021227715
0.002122771
0.0021227703
0.0021227694
0.0021227683
0.0021227671
0.0021227658
0.0021227644
0.0021227631
0.0021227619
0.0021227609
0.0021227602
0.0021227597
0.0021227595
0.0021227596
0.0021227599
0.0021227603
0.0021227608
0.0021227612
0.0021227614
0.0021227613
0.0021227607
0.0021227597
0.002122758
0.0021227557
0.0021227529
0.0021227496
0.0021227459
0.0021227421
0.0021227383
0.0021227349
0.002122732
0.00212273
0.002122729
0.0021227291
0.0021227304
)
;
    }
}


// ************************************************************************* //
