/*--------------------------------*- C++ -*----------------------------------*\
| =========                 |                                                 |
| \\      /  F ield         | OpenFOAM: The Open Source CFD Toolbox           |
|  \\    /   O peration     | Version:  2506                                  |
|   \\  /    A nd           | Website:  www.openfoam.com                      |
|    \\/     M anipulation  |                                                 |
\*---------------------------------------------------------------------------*/
FoamFile
{
    version     2.0;
    format      ascii;
    arch        "LSB;label=32;scalar=64";
    class       volScalarField;
    location    "4000/water";
    object      epsilon;
}
// * * * * * * * * * * * * * * * * * * * * * * * * * * * * * * * * * * * * * //

dimensions      [0 2 -3 0 0 0 0];

internalField   nonuniform List<scalar> 
6000
(
0.00010005327
0.00010005311
0.00010005314
0.00010005327
0.00010005342
0.00010005363
0.0001000539
0.00010005427
0.00010005511
0.00010005982
0.00010010144
0.00010049509
0.00010424183
0.00014354191
0.00073980483
8.5785229e-05
8.5785556e-05
8.5786111e-05
8.5786982e-05
8.5788138e-05
8.5789633e-05
8.5791527e-05
8.5794043e-05
8.5798789e-05
8.581901e-05
8.5962524e-05
8.7071869e-05
9.5619929e-05
0.00016974081
0.0010520452
7.4267219e-05
7.4268013e-05
7.426896e-05
7.4270365e-05
7.4272213e-05
7.4274585e-05
7.4277581e-05
7.4281747e-05
7.4291154e-05
7.4336305e-05
7.4633748e-05
7.6634978e-05
9.0041817e-05
0.00019500629
0.0013270628
6.4852864e-05
6.485355e-05
6.4854661e-05
6.4856389e-05
6.4858676e-05
6.4861616e-05
6.4865387e-05
6.4871112e-05
6.4886838e-05
6.4967364e-05
6.5458677e-05
6.84101e-05
8.6285088e-05
0.00021715658
0.0015411415
5.7072087e-05
5.7072704e-05
5.7073918e-05
5.7075861e-05
5.7078448e-05
5.7081784e-05
5.7086167e-05
5.7093598e-05
5.7117581e-05
5.7242267e-05
5.7947685e-05
6.180797e-05
8.3505097e-05
0.0002348614
0.0016895689
5.0576692e-05
5.0577312e-05
5.0578592e-05
5.0580667e-05
5.0583434e-05
5.0587016e-05
5.0591882e-05
5.0601216e-05
5.0635234e-05
5.0810032e-05
5.1732149e-05
5.6406881e-05
8.1259069e-05
0.00024828861
0.0017792142
4.5104569e-05
4.5105188e-05
4.5106499e-05
4.5108638e-05
4.5111496e-05
4.5115213e-05
4.5120483e-05
4.5131961e-05
4.5177479e-05
4.5405527e-05
4.6535255e-05
5.1917397e-05
7.9376731e-05
0.00025838324
0.0018218943
4.0455895e-05
4.0456503e-05
4.045782e-05
4.0459977e-05
4.0462859e-05
4.0466628e-05
4.0472257e-05
4.0486117e-05
4.0544208e-05
4.0826355e-05
4.2148994e-05
4.8144563e-05
7.7837439e-05
0.00026629433
0.0018300463
3.6476506e-05
3.6477102e-05
3.6478406e-05
3.6480546e-05
3.6483399e-05
3.6487156e-05
3.6493116e-05
3.6509564e-05
3.6580944e-05
3.6916576e-05
3.8416896e-05
4.4958845e-05
7.6693461e-05
0.00027309124
0.0018145574
3.304611e-05
3.3046691e-05
3.304797e-05
3.3050065e-05
3.3052847e-05
3.3056537e-05
3.3062809e-05
3.3082024e-05
3.3167159e-05
3.3555102e-05
3.5220975e-05
4.2274823e-05
7.6025068e-05
0.00027965054
0.0017840405
3.0069857e-05
3.007042e-05
3.0071664e-05
3.0073692e-05
3.0076366e-05
3.0079941e-05
3.0086514e-05
3.0108667e-05
3.0207924e-05
3.0647227e-05
3.2471858e-05
4.0036357e-05
7.5917105e-05
0.00028663427
0.001744886
2.7472233e-05
2.7472777e-05
2.7473976e-05
2.7475917e-05
2.747845e-05
2.7481869e-05
2.7488744e-05
2.7514021e-05
2.7627825e-05
2.8118369e-05
3.010146e-05
3.820687e-05
7.6449192e-05
0.00029450875
0.0017016307
2.5192577e-05
2.5193098e-05
2.5194246e-05
2.5196082e-05
2.5198442e-05
2.520167e-05
2.520887e-05
2.5237507e-05
2.5366478e-05
2.5909414e-05
2.805763e-05
3.6763308e-05
7.7693097e-05
0.0003035735
0.00165739
2.3181748e-05
2.3182245e-05
2.3183333e-05
2.3185048e-05
2.3187207e-05
2.3190219e-05
2.3197794e-05
2.323011e-05
2.3375184e-05
2.3973213e-05
2.6300284e-05
3.5692527e-05
7.9712907e-05
0.00031398658
0.0016142425
2.1399629e-05
2.14001e-05
2.140112e-05
2.1402697e-05
2.140463e-05
2.1407412e-05
2.1415452e-05
2.1451882e-05
2.1614405e-05
2.2271964e-05
2.4798652e-05
3.4989203e-05
8.2565442e-05
0.00032578296
0.0015735325
1.9813231e-05
1.9813672e-05
1.9814616e-05
1.981604e-05
1.9817725e-05
1.9820279e-05
1.9828922e-05
1.9870043e-05
2.0051847e-05
2.0775227e-05
2.3529325e-05
3.4654636e-05
8.6299521e-05
0.00033888748
0.0015360911
1.8395236e-05
1.8395645e-05
1.8396506e-05
1.8397761e-05
1.8399183e-05
1.8401531e-05
1.8410972e-05
1.8457531e-05
1.8660989e-05
1.9458432e-05
2.2474895e-05
3.4695971e-05
9.095345e-05
0.00035312607
0.0015023901
1.7122886e-05
1.7123259e-05
1.7124028e-05
1.7125102e-05
1.712625e-05
1.7128438e-05
1.7138942e-05
1.7191872e-05
1.7419954e-05
1.8301752e-05
2.1622992e-05
3.5125546e-05
9.6550687e-05
0.00036823944
0.0014726449
1.5977101e-05
1.5977436e-05
1.5978105e-05
1.5978984e-05
1.5979859e-05
1.598196e-05
1.5993865e-05
1.6054312e-05
1.6310628e-05
1.7289248e-05
2.0965619e-05
3.5960111e-05
0.00010309413
0.00038390222
0.0014468811
1.4941799e-05
1.4942091e-05
1.4942652e-05
1.4943329e-05
1.494394e-05
1.4946058e-05
1.4959787e-05
1.5029124e-05
1.5317979e-05
1.6408225e-05
2.049868e-05
3.7219755e-05
0.00011055991
0.00039974861
0.00142498
1.4003348e-05
1.4003595e-05
1.4004041e-05
1.4004511e-05
1.400488e-05
1.4007153e-05
1.402322e-05
1.4103071e-05
1.442952e-05
1.5648751e-05
2.0221625e-05
3.8926414e-05
0.00011889194
0.00041540307
0.0014067117
1.3150142e-05
1.315034e-05
1.3150665e-05
1.3150927e-05
1.315109e-05
1.3153695e-05
1.3172714e-05
1.3264971e-05
1.3634892e-05
1.5003284e-05
2.0137155e-05
4.1101901e-05
0.00012799852
0.0004305123
0.0013917631
1.2372247e-05
1.2372393e-05
1.2372592e-05
1.237265e-05
1.2372659e-05
1.2375814e-05
1.2398506e-05
1.2505359e-05
1.2925534e-05
1.446641e-05
2.0250947e-05
4.3765469e-05
0.00013775238
0.00044477369
0.0013797649
1.1661123e-05
1.1661215e-05
1.1661286e-05
1.166115e-05
1.1661074e-05
1.1665043e-05
1.1692246e-05
1.1816209e-05
1.2294425e-05
1.4034634e-05
2.0571326e-05
4.6930996e-05
0.00014799478
0.00045795585
0.0013703185
1.1009401e-05
1.1009437e-05
1.1009378e-05
1.1009066e-05
1.1008994e-05
1.101409e-05
1.104677e-05
1.1190715e-05
1.1735881e-05
1.3706238e-05
2.1108871e-05
5.0604014e-05
0.00015854368
0.00046990849
0.0013630208
1.0410692e-05
1.041067e-05
1.0410485e-05
1.0410022e-05
1.0410062e-05
1.0416652e-05
1.0455917e-05
1.0623112e-05
1.1245399e-05
1.3481165e-05
2.1875889e-05
5.4778859e-05
0.00016920526
0.00048056142
0.0013574861
9.8594384e-06
9.8593586e-06
9.8590515e-06
9.8584721e-06
9.8587577e-06
9.8672657e-06
9.9143754e-06
1.0108535e-05
1.0819533e-05
1.3360938e-05
2.2885735e-05
5.9436317e-05
0.00017978706
0.00048991474
0.001353362
9.3507874e-06
9.3506504e-06
9.3502304e-06
9.3495787e-06
9.3502669e-06
9.3611826e-06
9.4175684e-06
9.6428999e-06
1.045581e-05
1.3348574e-05
2.4151946e-05
6.4542151e-05
0.00019011095
0.00049802341
0.0013503406
8.8804873e-06
8.8802951e-06
8.8797751e-06
8.879106e-06
8.8803818e-06
8.8942644e-06
8.9615474e-06
9.2228179e-06
1.0152655e-05
1.3448503e-05
2.5687206e-05
7.0046823e-05
0.00020002406
0.00050498001
0.0013481619
8.4448007e-06
8.4445568e-06
8.4439543e-06
8.4433345e-06
8.4454129e-06
8.4628989e-06
8.5429123e-06
8.8455163e-06
9.9093487e-06
1.3666457e-05
2.7502143e-05
7.588662e-05
0.00020940613
0.0005108985
0.0013466143
8.0404324e-06
8.0401416e-06
8.0394792e-06
8.0389884e-06
8.0421174e-06
8.0639293e-06
8.1587433e-06
8.508784e-06
9.7259953e-06
1.4009323e-05
2.9604058e-05
8.1986181e-05
0.00021817297
0.00051590099
0.00134553
7.664468e-06
7.6641372e-06
7.663443e-06
7.6631755e-06
7.6676392e-06
7.6945949e-06
7.8065457e-06
8.2109262e-06
9.6034999e-06
1.4484935e-05
3.1995646e-05
8.8262228e-05
0.00022627582
0.0005201082
0.0013447795
7.3143234e-06
7.3139614e-06
7.3132697e-06
7.3133352e-06
7.319458e-06
7.3524816e-06
7.4842048e-06
7.950732e-06
9.5435554e-06
1.5101802e-05
3.4673864e-05
9.4628077e-05
0.00023369766
0.00052363336
0.0013442658
6.9877006e-06
6.9873184e-06
6.9866703e-06
6.9871959e-06
6.9953468e-06
7.0354818e-06
7.1899496e-06
7.7274515e-06
9.5486283e-06
1.5868742e-05
3.7629068e-05
0.00010099842
0.00024044745
0.0005265791
0.0013439174
6.6825513e-06
6.6821625e-06
6.6816065e-06
6.6827386e-06
6.6933357e-06
6.741759e-06
6.9223234e-06
7.5407805e-06
9.6219392e-06
1.6794438e-05
4.0844541e-05
0.00010729381
0.00024655353
0.00052903628
0.0013436835
6.3970453e-06
6.396666e-06
6.3962591e-06
6.3981651e-06
6.411682e-06
6.4697206e-06
6.6801611e-06
7.3908531e-06
9.7674314e-06
1.7886905e-05
4.4296529e-05
0.00011344428
0.00025205715
0.0005310841
0.0013435288
6.1295436e-06
6.129193e-06
6.129001e-06
6.1318719e-06
6.1488438e-06
6.2179935e-06
6.4625723e-06
7.2782395e-06
9.9897187e-06
1.9152894e-05
4.7954808e-05
0.00011939198
0.0002570069
0.00053279086
0.0013434302
5.8785752e-06
5.8782757e-06
5.8783746e-06
5.8824275e-06
5.903459e-06
5.9854055e-06
6.2689287e-06
7.2039478e-06
1.0294006e-05
2.0597266e-05
5.1783773e-05
0.00012509231
0.00026145422
0.00053421505
0.001343373
5.6428172e-06
5.642595e-06
5.6430719e-06
5.6485531e-06
5.6743264e-06
5.7709695e-06
6.0988564e-06
7.1694287e-06
1.0685974e-05
2.2222385e-05
5.5743957e-05
0.00013051409
0.00026545026
0.00053540647
0.0013433493
5.4210776e-06
5.4209629e-06
5.4219174e-06
5.4291059e-06
5.4603909e-06
5.5738715e-06
5.9522322e-06
7.1765787e-06
1.1171622e-05
2.402758e-05
5.9793835e-05
0.00013563849
0.00026904378
0.00053640725
0.0013433553
5.2122808e-06
5.2123081e-06
5.2138535e-06
5.2230651e-06
5.26073e-06
5.3934608e-06
5.8291825e-06
7.2277423e-06
1.1757062e-05
2.6008735e-05
6.3891719e-05
0.00014045745
0.00027228005
0.00053725289
0.0013433902
5.0154542e-06
5.0156629e-06
5.0179281e-06
5.0295196e-06
5.0745437e-06
5.2292435e-06
5.7300867e-06
7.3257058e-06
1.2448272e-05
2.8158068e-05
6.7997575e-05
0.00014497164
0.00027520025
0.00053797313
0.0013434553
4.8297171e-06
4.8301524e-06
4.8332834e-06
4.847658e-06
4.9011459e-06
5.0808782e-06
5.6555823e-06
7.4736833e-06
1.3250796e-05
3.046412e-05
7.2074575e-05
0.00014918835
0.00027784139
0.00053859275
0.0013435527
4.654271e-06
4.6549842e-06
4.6591465e-06
4.6767597e-06
4.739957e-06
4.9481738e-06
5.6065719e-06
7.6752861e-06
1.4169424e-05
3.2911987e-05
7.6090277e-05
0.00015311953
0.00028023648
0.00053913229
0.0013436849
4.4883913e-06
4.4894404e-06
4.4948214e-06
4.5161875e-06
4.5904991e-06
4.8310889e-06
5.5842316e-06
7.9344757e-06
1.5207849e-05
3.5483783e-05
8.0017361e-05
0.00015678017
0.00028241474
0.00053960873
0.0013438547
4.3314193e-06
4.3328703e-06
4.3396818e-06
4.3653818e-06
4.452392e-06
4.7297343e-06
5.5900196e-06
8.2554925e-06
1.6368332e-05
3.8159288e-05
8.3833933e-05
0.00016018692
0.00028440197
0.000540036
0.0013440645
4.1827562e-06
4.1846838e-06
4.1931653e-06
4.2238553e-06
4.3253508e-06
4.6443763e-06
5.6256833e-06
8.6427601e-06
1.7651409e-05
4.0916739e-05
8.7523434e-05
0.00016335711
0.00028622083
0.00054042551
0.0013443165
4.0418571e-06
4.0443457e-06
4.0547683e-06
4.0911891e-06
4.2091847e-06
4.5754417e-06
5.693263e-06
9.1007602e-06
1.9055659e-05
4.3733692e-05
9.1074256e-05
0.00016630805
0.00028789124
0.00054078659
0.0013446125
3.9082261e-06
3.9113713e-06
3.9240414e-06
3.96703e-06
4.103797e-06
4.5235248e-06
5.795091e-06
9.6338805e-06
2.0577553e-05
4.6587861e-05
9.447915e-05
0.00016905655
0.0002894306
0.00054112679
0.0013449537
3.781412e-06
3.7853219e-06
3.8005859e-06
3.8510876e-06
4.0091864e-06
4.4893953e-06
5.9337827e-06
1.0246237e-05
2.2211425e-05
4.9457897e-05
9.7734539e-05
0.00017161867
0.00029085417
0.00054145227
0.001345341
3.6610043e-06
3.6658014e-06
3.6840513e-06
3.7431338e-06
3.9254494e-06
4.4740067e-06
6.1122182e-06
1.0941479e-05
2.3949551e-05
5.2324022e-05
0.00010083981
0.0001740095
0.00029217525
0.00054176799
0.0013457749
3.5466302e-06
3.5524531e-06
3.5741321e-06
3.6430016e-06
3.8527838e-06
4.4785051e-06
6.3335103e-06
1.172258e-05
2.5782348e-05
5.5168499e-05
0.00010379664
0.00017624312
0.00029340545
0.00054207792
0.0013462556
3.4379516e-06
3.4449572e-06
3.470567e-06
3.5505856e-06
3.7914931e-06
4.5042378e-06
6.6009581e-06
1.2591637e-05
2.7698675e-05
5.7975927e-05
0.00010660842
0.00017833256
0.00029455494
0.00054238527
0.0013467828
3.3346627e-06
3.3430286e-06
3.373137e-06
3.4658429e-06
3.7419925e-06
4.5527599e-06
6.9179828e-06
1.3549688e-05
2.9686212e-05
6.0733358e-05
0.00010927977
0.00018028983
0.00029563258
0.00054269259
0.001347356
3.2364878e-06
3.2464154e-06
3.281665e-06
3.3887949e-06
3.7048152e-06
4.6258384e-06
7.2880455e-06
1.4596555e-05
3.1731891e-05
6.3430278e-05
0.00011181612
0.00018212593
0.00029664614
0.0005430019
0.0013479746
3.1431799e-06
3.1548974e-06
3.1960156e-06
3.3195298e-06
3.6806199e-06
4.7254524e-06
7.7145468e-06
1.5730747e-05
3.382234e-05
6.6058467e-05
0.0001142234
0.00018385092
0.00029760241
0.00054331477
0.0013486378
3.0545192e-06
3.0682854e-06
3.1160958e-06
3.2582055e-06
3.6701986e-06
4.8537869e-06
8.2007093e-06
1.6949409e-05
3.5944303e-05
6.8611787e-05
0.00011650785
0.00018547397
0.00029850735
0.00054363246
0.0013493444
2.9703119e-06
2.9864203e-06
3.0418551e-06
3.2050543e-06
3.6744852e-06
5.0132197e-06
8.7494482e-06
1.8248349e-05
3.8085015e-05
7.1085926e-05
0.00011867579
0.00018700343
0.00029936619
0.00054395589
0.0013500934
2.8903898e-06
2.9091733e-06
2.9732878e-06
3.1603869e-06
3.6945633e-06
5.2062983e-06
9.3632348e-06
1.9622123e-05
4.0232513e-05
7.3478131e-05
0.00012073351
0.00018844688
0.00030018354
0.00054428578
0.0013508836
2.8146096e-06
2.836446e-06
2.9104344e-06
3.1245986e-06
3.731674e-06
5.4357062e-06
1.004396e-05
2.1064181e-05
4.2375859e-05
7.5786948e-05
0.00012268719
0.00018981121
0.00030096345
0.00054462265
0.0013517137
2.7428528e-06
2.7681709e-06
2.8533843e-06
3.098175e-06
3.7872216e-06
5.7042164e-06
1.0792809e-05
2.256707e-05
4.4505285e-05
7.8011979e-05
0.00012454279
0.00019110267
0.00030170949
0.00054496683
0.0013525823
2.6750262e-06
2.7043127e-06
2.8022791e-06
3.0816992e-06
3.862777e-06
6.0146315e-06
1.1610154e-05
2.4122664e-05
4.6612262e-05
8.0153673e-05
0.00012630606
0.0001923269
0.00030242477
0.00054531836
0.0013534881
2.6110622e-06
2.6448693e-06
2.7573159e-06
3.0758592e-06
3.9600781e-06
6.3697122e-06
1.2495477e-05
2.5722422e-05
4.8689513e-05
8.2213151e-05
0.00012798249
0.00019348921
0.00030311295
0.00054567957
0.0013544294
2.5509198e-06
2.5898742e-06
2.718752e-06
3.0814557e-06
4.0810246e-06
6.7720925e-06
1.3447327e-05
2.7357635e-05
5.0730961e-05
8.4192051e-05
0.00012957729
0.0001945943
0.00030377608
0.00054604531
0.0013554045
2.494586e-06
2.5393984e-06
2.6869098e-06
3.0994094e-06
4.2276672e-06
7.224186e-06
1.4463314e-05
2.901966e-05
5.2731648e-05
8.6092388e-05
0.00013109537
0.00019564635
0.00030441574
0.00054641397
0.001356411
2.4420772e-06
2.4935535e-06
2.6621824e-06
3.1307692e-06
4.4021886e-06
7.7280872e-06
1.5540153e-05
3.0700123e-05
5.4687629e-05
8.7916447e-05
0.0001325413
0.00019664904
0.00030503328
0.00054678554
0.001357447
2.3934419e-06
2.4524951e-06
2.6450394e-06
3.1767178e-06
4.6068758e-06
8.2854725e-06
1.6673738e-05
3.2391088e-05
5.6595866e-05
8.9666716e-05
0.00013391946
0.00019760627
0.00030563174
0.00054715701
0.0013585105
2.3487625e-06
2.4164266e-06
2.6360346e-06
3.2385775e-06
4.8440833e-06
8.8975076e-06
1.7859256e-05
3.408518e-05
5.8454116e-05
9.1345822e-05
0.00013523396
0.00019852137
0.00030621174
0.00054752792
0.0013595997
2.3081594e-06
2.3856042e-06
2.6358124e-06
3.3178121e-06
5.116185e-06
9.5647678e-06
1.9091326e-05
3.5775671e-05
6.026082e-05
9.295645e-05
0.00013648859
0.0001993969
0.00030677292
0.00054790011
0.0013607133
2.2717941e-06
2.3603414e-06
2.6451157e-06
3.4160262e-06
5.4255161e-06
1.0287176e-05
2.0364154e-05
3.7456523e-05
6.2014999e-05
9.450129e-05
0.00013768677
0.00020023506
0.00030731594
0.00054827479
0.0013618503
2.2398737e-06
2.3410154e-06
2.6647937e-06
3.5349597e-06
5.7743067e-06
1.1063963e-05
2.167169e-05
3.9122401e-05
6.3716163e-05
9.5983027e-05
0.0001388318
0.00020103833
0.00030784121
0.00054865321
0.0013630097
2.2126561e-06
2.3280735e-06
2.6958092e-06
3.6764764e-06
6.1646076e-06
1.189366e-05
2.3007781e-05
4.0768661e-05
6.5364246e-05
9.7404398e-05
0.00013992712
0.00020180982
0.00030834746
0.00054903724
0.0013641909
2.1904555e-06
2.32204e-06
2.7392452e-06
3.842546e-06
6.5982124e-06
1.2774116e-05
2.4366319e-05
4.2391322e-05
6.6959522e-05
9.8768018e-05
0.00014097539
0.00020254992
0.00030883711
0.00054942733
0.0013653934
2.1736491e-06
2.3235241e-06
2.7963109e-06
4.0352182e-06
7.0765794e-06
1.370254e-05
2.5741356e-05
4.398702e-05
6.8502524e-05
0.00010007635
0.0001419789
0.00020325984
0.00030931202
0.00054982339
0.0013666164
2.1626844e-06
2.3332282e-06
2.8683445e-06
4.2565876e-06
7.6007591e-06
1.4675575e-05
2.7127207e-05
4.5552949e-05
6.9993982e-05
0.00010133172
0.00014293979
0.00020394108
0.0003097737
0.00055022517
0.001367859
2.158087e-06
2.3519559e-06
2.9568139e-06
4.5087505e-06
8.1713302e-06
1.5689386e-05
2.8518525e-05
4.7086834e-05
7.1434898e-05
0.00010253684
0.00014386157
0.00020459275
0.00031022401
0.0005506328
0.0013691204
2.1604699e-06
2.3806209e-06
3.0633136e-06
4.7937525e-06
8.7883497e-06
1.6739763e-05
2.9910354e-05
4.8586858e-05
7.2826358e-05
0.00010369383
0.00014474502
0.00020521727
0.00031066402
0.00055104638
0.0013703998
2.1705426e-06
2.4202549e-06
3.1895555e-06
5.1135291e-06
9.4513218e-06
1.7822225e-05
3.1298154e-05
5.00516e-05
7.4169481e-05
0.00010480453
0.00014559147
0.00020581671
0.00031109449
0.00055146583
0.0013716964
2.1891212e-06
2.4720151e-06
3.3373546e-06
5.4698406e-06
1.0159187e-05
1.8932134e-05
3.2677818e-05
5.1479974e-05
7.5465397e-05
0.0001058707
0.00014640251
0.00020639288
0.00031151598
0.0005518909
0.0013730095
2.2171394e-06
2.5371895e-06
3.5086066e-06
5.864205e-06
1.0910331e-05
2.0064794e-05
3.404568e-05
5.287128e-05
7.6715686e-05
0.00010689531
0.0001471778
0.00020694762
0.00031192923
0.00055232138
0.0013743381
2.2556581e-06
2.6172002e-06
3.7052578e-06
6.2978313e-06
1.1702617e-05
2.1215543e-05
3.5398492e-05
5.4225044e-05
7.7921523e-05
0.00010787902
0.00014791972
0.00020748226
0.00031233485
0.00055275703
0.0013756815
2.3058757e-06
2.7136033e-06
3.9292662e-06
6.7715581e-06
1.2533435e-05
2.2379829e-05
3.6733396e-05
5.5540958e-05
7.9083962e-05
0.00010882301
0.00014863031
0.00020799791
0.00031273333
0.0005531976
0.0013770387
2.3691365e-06
2.8280837e-06
4.1825546e-06
7.2858012e-06
1.3399764e-05
2.3553273e-05
3.8047918e-05
5.6818972e-05
8.0204413e-05
0.00010972814
0.00014931143
0.00020849561
0.00031312504
0.00055364281
0.0013784091
2.4469373e-06
2.9624438e-06
4.4669558e-06
7.8405136e-06
1.4298252e-05
2.4731723e-05
3.9339957e-05
5.8059302e-05
8.1284455e-05
0.00011059497
0.00014996475
0.00020897636
0.0003135103
0.00055409236
0.0013797918
2.5409305e-06
3.1185853e-06
4.7841522e-06
8.4351611e-06
1.5225285e-05
2.5911276e-05
4.0607689e-05
5.9262021e-05
8.2324494e-05
0.00011142552
0.00015059167
0.00020944105
0.00031388942
0.00055454592
0.0013811859
2.6529219e-06
3.2984821e-06
5.1356119e-06
9.0687152e-06
1.6177078e-05
2.7088294e-05
4.1849526e-05
6.0427217e-05
8.3325314e-05
0.00011222156
0.00015119345
0.00020989046
0.00031426262
0.00055500318
0.0013825908
2.7848625e-06
3.5041441e-06
5.5225252e-06
9.7396645e-06
1.7149747e-05
2.8259463e-05
4.3064378e-05
6.1556065e-05
8.4286606e-05
0.00011298473
0.00015177128
0.00021032528
0.0003146301
0.00055546381
0.0013840055
2.9388312e-06
3.7375713e-06
5.9457442e-06
1.0446041e-05
1.8139384e-05
2.9421736e-05
4.4251127e-05
6.2648239e-05
8.5209848e-05
0.00011371647
0.00015232628
0.00021074615
0.000314992
0.00055592746
0.0013854293
3.1170069e-06
4.0006986e-06
6.4057303e-06
1.1185462e-05
1.91421e-05
3.0572296e-05
4.5408722e-05
6.3703723e-05
8.6096482e-05
0.00011441804
0.00015285945
0.00021115361
0.00031534844
0.0005563938
0.0013868614
3.3216294e-06
4.2953336e-06
6.9025138e-06
1.1955186e-05
2.0154123e-05
3.1708778e-05
4.653713e-05
6.4721758e-05
8.6947833e-05
0.00011509069
0.00015337168
0.00021154818
0.0003156995
0.00055686248
0.001388301
3.5549457e-06
4.6230878e-06
7.4356657e-06
1.2752175e-05
2.1171787e-05
3.2828885e-05
4.7635204e-05
6.5703016e-05
8.7765086e-05
0.00011573555
0.0001538638
0.00021193028
0.00031604525
0.00055733315
0.0013897474
3.8191438e-06
4.9853072e-06
8.0042874e-06
1.3573151e-05
2.2191572e-05
3.3930551e-05
4.8701865e-05
6.664833e-05
8.8549334e-05
0.00011635365
0.00015433656
0.00021230033
0.00031638571
0.00055780544
0.0013911997
4.1162745e-06
5.3830037e-06
8.6070193e-06
1.4414692e-05
2.3210257e-05
3.5012495e-05
4.9735686e-05
6.7558464e-05
8.9301629e-05
0.00011694596
0.00015479064
0.00021265864
0.00031672088
0.000558279
0.0013926573
4.4481638e-06
5.8167932e-06
9.242059e-06
1.527325e-05
2.4224618e-05
3.6072411e-05
5.0736633e-05
6.8434125e-05
9.002295e-05
0.00011751337
0.00015522666
0.00021300553
0.00031705074
0.00055875346
0.0013941193
4.816321e-06
6.2868465e-06
9.9072152e-06
1.6145326e-05
2.5232155e-05
3.7107807e-05
5.170468e-05
6.9276002e-05
9.071421e-05
0.00011805667
0.00015564517
0.00021334125
0.00031737525
0.00055922845
0.001395585
5.2218485e-06
6.7928507e-06
1.0599936e-05
1.7027337e-05
2.6229794e-05
3.8117151e-05
5.2639823e-05
7.008476e-05
9.1376254e-05
0.00011857661
0.00015604668
0.000213666
0.00031769433
0.00055970359
0.0013970536
5.6653621e-06
7.3340023e-06
1.1317445e-05
1.7916163e-05
2.7214022e-05
3.9099331e-05
5.3542101e-05
7.0861031e-05
9.2009864e-05
0.00011907386
0.00015643161
0.00021397998
0.00031800791
0.00056017851
0.0013985243
6.1469266e-06
7.9090064e-06
1.2056752e-05
1.880805e-05
2.8182133e-05
4.0053353e-05
5.4411584e-05
7.1605414e-05
9.2615759e-05
0.00011954903
0.00015680036
0.00021428332
0.00031831587
0.0005606528
0.0013999965
6.6660271e-06
8.5161462e-06
1.2814872e-05
1.9698972e-05
2.913184e-05
4.0978342e-05
5.5248369e-05
7.2318467e-05
9.3194598e-05
0.00012000266
0.00015715327
0.00021457612
0.00031861808
0.00056112607
0.0014014692
7.2216331e-06
9.1533916e-06
1.3587934e-05
2.0585549e-05
3.0061056e-05
4.1873534e-05
5.6052565e-05
7.3000712e-05
9.3746979e-05
0.00012043524
0.00015749064
0.00021485847
0.0003189144
0.00056159792
0.0014029417
7.8120126e-06
9.8178773e-06
1.437227e-05
2.14646e-05
3.0967891e-05
4.2738262e-05
5.6824296e-05
7.3652631e-05
9.4273443e-05
0.0001208472
0.0001578127
0.00021513039
0.00031920465
0.00056206792
0.0014044133
8.4347108e-06
1.0506398e-05
1.5164231e-05
2.233316e-05
3.1850646e-05
4.3571951e-05
5.7563689e-05
7.4274663e-05
9.4774477e-05
0.00012123892
0.00015811967
0.0002153919
0.00031948864
0.00056253565
0.001405883
9.0867072e-06
1.1215455e-05
1.5960231e-05
2.3188488e-05
3.2707803e-05
4.4374104e-05
5.8270874e-05
7.4867211e-05
9.5250509e-05
0.00012161073
0.00015841169
0.00021564297
0.00031976617
0.00056300066
0.0014073501
9.764506e-06
1.1941338e-05
1.6756801e-05
2.4028075e-05
3.3538022e-05
4.5144308e-05
5.8945987e-05
7.543064e-05
9.5701922e-05
0.0001219629
0.0001586889
0.00021588355
0.000320037
0.00056346249
0.0014088137
1.0464241e-05
1.2680207e-05
1.7550617e-05
2.4849649e-05
3.4340138e-05
4.5882222e-05
5.9589166e-05
7.5965279e-05
9.6129047e-05
0.00012229567
0.00015895136
0.00021611356
0.00032030087
0.00056392069
0.0014102728
1.1181786e-05
1.3428171e-05
1.8338539e-05
2.5651176e-05
3.5113152e-05
4.6587582e-05
6.0200554e-05
7.6471427e-05
9.6532172e-05
0.00012260921
0.00015919912
0.00021633288
0.00032055752
0.00056437476
0.0014117266
1.1912873e-05
1.4181365e-05
1.9117627e-05
2.6430857e-05
3.585623e-05
4.7260199e-05
6.0780305e-05
7.6949355e-05
9.6911542e-05
0.00012290366
0.00015943219
0.00021654137
0.00032080664
0.00056482419
0.0014131741
1.2653193e-05
1.4936015e-05
1.9885165e-05
2.7187124e-05
3.65687e-05
4.7899959e-05
6.1328584e-05
7.7399313e-05
9.7267369e-05
0.00012317915
0.00015965054
0.00021673887
0.00032104791
0.00056526846
0.0014146143
1.33985e-05
1.5688501e-05
2.0638667e-05
2.7918634e-05
3.7250044e-05
4.8506825e-05
6.1845578e-05
7.7821534e-05
9.7599833e-05
0.00012343573
0.00015985412
0.00021692518
0.00032128101
0.00056570703
0.0014160462
1.414469e-05
1.64354e-05
2.1375892e-05
2.8624261e-05
3.7899895e-05
4.9080841e-05
6.2331494e-05
7.8216243e-05
9.7909087e-05
0.00012367345
0.00016004283
0.00021710008
0.00032150558
0.00056613934
0.0014174686
1.4887874e-05
1.7173526e-05
2.209484e-05
2.9303086e-05
3.8518031e-05
4.9622129e-05
6.2786568e-05
7.8583659e-05
9.8195268e-05
0.00012389233
0.00016021658
0.00021726335
0.00032172123
0.00056656481
0.0014188805
1.5624429e-05
1.7899962e-05
2.2793753e-05
2.9954388e-05
3.9104367e-05
5.0130892e-05
6.3211074e-05
7.8924008e-05
9.8458497e-05
0.00012409237
0.00016037522
0.00021741472
0.00032192758
0.00056698284
0.0014202805
1.6351039e-05
1.8612073e-05
2.3471114e-05
3.0577626e-05
3.965895e-05
5.0607413e-05
6.360532e-05
7.9237524e-05
9.8698893e-05
0.00012427356
0.00016051863
0.00021755392
0.00032212423
0.00056739281
0.0014216676
1.7064716e-05
1.9307519e-05
2.4125637e-05
3.1172433e-05
4.0181946e-05
5.1052052e-05
6.3969661e-05
7.952446e-05
9.8916572e-05
0.00012443587
0.00016064664
0.00021768069
0.00032231076
0.00056779411
0.0014230404
1.7762814e-05
1.9984256e-05
2.4756258e-05
3.1738601e-05
4.0673635e-05
5.1465248e-05
6.4304496e-05
7.978509e-05
9.9111661e-05
0.00012457928
0.0001607591
0.00021779472
0.00032248676
0.0005681861
0.0014243975
1.8443031e-05
2.0640534e-05
2.5362126e-05
3.2276065e-05
4.11344e-05
5.1847511e-05
6.4610273e-05
8.0019719e-05
9.9284298e-05
0.00012470378
0.00016085586
0.00021789575
0.00032265179
0.00056856812
0.0014257376
1.9103403e-05
2.1274883e-05
2.5942588e-05
3.2784895e-05
4.1564716e-05
5.2199422e-05
6.4887489e-05
8.0228681e-05
9.9434643e-05
0.00012480936
0.00016093676
0.00021798348
0.00032280545
0.00056893955
0.0014270593
1.9742286e-05
2.1886105e-05
2.6497177e-05
3.3265276e-05
4.1965142e-05
5.2521623e-05
6.5136691e-05
8.041235e-05
9.9562882e-05
0.00012489603
0.00016100166
0.00021805765
0.00032294732
0.00056929973
0.0014283611
2.0358345e-05
2.2473255e-05
2.7025597e-05
3.3717503e-05
4.2336309e-05
5.2814818e-05
6.5358476e-05
8.0571138e-05
9.966923e-05
0.00012496383
0.00016105045
0.00021811801
0.00032307701
0.00056964805
0.0014296415
2.0950528e-05
2.3035622e-05
2.7527709e-05
3.4141963e-05
4.2678913e-05
5.3079759e-05
6.5553485e-05
8.0705498e-05
9.9753936e-05
0.00012501283
0.00016108303
0.00021816431
0.00032319414
0.00056998387
0.0014308991
2.1518045e-05
2.3572708e-05
2.8003515e-05
3.4539128e-05
4.2993701e-05
5.3317247e-05
6.5722405e-05
8.0815925e-05
9.981729e-05
0.00012504313
0.00016109935
0.00021819637
0.00032329838
0.00057030662
0.0014321323
2.2060341e-05
2.4084213e-05
2.8453145e-05
3.4909541e-05
4.3281467e-05
5.352812e-05
6.5865963e-05
8.0902955e-05
9.9859621e-05
0.00012505485
0.00016109937
0.00021821401
0.0003233894
0.00057061573
0.0014333396
2.2577076e-05
2.457001e-05
2.8876842e-05
3.5253806e-05
4.3543042e-05
5.371325e-05
6.5984923e-05
8.0967167e-05
9.9881298e-05
0.00012504819
0.00016108311
0.00021821709
0.00032346692
0.00057091068
0.0014345195
2.3068097e-05
2.5030125e-05
2.9274948e-05
3.5572579e-05
4.3779283e-05
5.3873535e-05
6.6080083e-05
8.1009176e-05
9.9882734e-05
0.00012502336
0.00016105062
0.00021820555
0.00032353073
0.00057119098
0.0014356706
2.3533418e-05
2.5464724e-05
2.9647892e-05
3.586656e-05
4.3991073e-05
5.4009892e-05
6.6152267e-05
8.1029636e-05
9.9864388e-05
0.00012498062
0.00016100201
0.00021817933
0.00032358063
0.0005714562
0.0014367914
2.3973198e-05
2.5874086e-05
2.9996177e-05
3.6136485e-05
4.4179306e-05
5.4123255e-05
6.6202325e-05
8.1029236e-05
9.9826756e-05
0.00012492031
0.00016093743
0.00021813845
0.0003236165
0.00057170597
0.0014378807
2.4387718e-05
2.6258595e-05
3.0320368e-05
3.6383117e-05
4.4344889e-05
5.4214565e-05
6.6231123e-05
8.1008694e-05
9.9770378e-05
0.00012484277
0.00016085709
0.00021808299
0.00032363827
0.00057193997
0.001438937
2.4777366e-05
2.661872e-05
3.0621083e-05
3.660724e-05
4.448873e-05
5.4284767e-05
6.6239544e-05
8.0968756e-05
9.9695832e-05
0.00012474841
0.00016076124
0.00021801307
0.00032364594
0.00057215794
0.0014399591
2.5142619e-05
2.6955002e-05
3.0898983e-05
3.6809653e-05
4.4611741e-05
5.4334807e-05
6.622848e-05
8.0910193e-05
9.9603732e-05
0.0001246377
0.0001606502
0.00021792887
0.00032363955
0.00057235971
0.001440946
2.5484029e-05
2.7268042e-05
3.1154764e-05
3.6991167e-05
4.4714825e-05
5.4365626e-05
6.619883e-05
8.0833795e-05
9.9494726e-05
0.00012451113
0.00016052434
0.00021783065
0.00032361923
0.00057254516
0.0014418966
2.5802205e-05
2.7558487e-05
3.1389147e-05
3.7152594e-05
4.4798882e-05
5.4378157e-05
6.6151494e-05
8.0740369e-05
9.9369492e-05
0.00012436924
0.00016038406
0.00021771869
0.00032358516
0.00057271426
0.00144281
2.6097806e-05
2.7827023e-05
3.1602874e-05
3.7294751e-05
4.4864797e-05
5.4373324e-05
6.6087369e-05
8.0630733e-05
9.9228735e-05
0.00012421261
0.00016022982
0.00021759337
0.00032353757
0.00057286702
0.0014436853
2.637153e-05
2.8074366e-05
3.1796698e-05
3.7418451e-05
4.4913446e-05
5.4352035e-05
6.6007352e-05
8.0505716e-05
9.9073183e-05
0.00012404186
0.00016006215
0.00021745508
0.00032347679
0.00057300356
0.0014445219
2.66241e-05
2.8301251e-05
3.1971383e-05
3.7524498e-05
4.4945687e-05
5.4315183e-05
6.5912326e-05
8.0366151e-05
9.8903583e-05
0.00012385764
0.00015988159
0.00021730431
0.00032340317
0.00057312405
0.0014453192
2.6856261e-05
2.8508428e-05
3.2127694e-05
3.7613692e-05
4.4962362e-05
5.4263644e-05
6.5803169e-05
8.0212873e-05
9.87207e-05
0.00012366063
0.00015968873
0.00021714155
0.00032331714
0.00057322872
0.0014460769
2.7068769e-05
2.8696656e-05
3.2266396e-05
3.7686818e-05
4.4964294e-05
5.4198275e-05
6.5680743e-05
8.0046717e-05
9.852531e-05
0.00012345153
0.00015948421
0.00021696737
0.00032321916
0.00057331787
0.0014467946
2.726239e-05
2.8866694e-05
3.2388248e-05
3.774465e-05
4.4952287e-05
5.4119911e-05
6.5545897e-05
7.986851e-05
9.8318196e-05
0.00012323106
0.00015926868
0.00021678237
0.00032310976
0.00057339188
0.0014474721
2.7437888e-05
2.9019304e-05
3.2494004e-05
3.7787947e-05
4.4927125e-05
5.4029367e-05
6.5399462e-05
7.9679078e-05
9.8100148e-05
0.00012299997
0.00015904283
0.00021658717
0.0003229895
0.00057345116
0.0014481095
2.7596028e-05
2.9155238e-05
3.2584407e-05
3.7817452e-05
4.488957e-05
5.3927435e-05
6.5242251e-05
7.9479233e-05
9.7871956e-05
0.000122759
0.00015880737
0.00021638244
0.00032285898
0.00057349618
0.0014487069
2.7737566e-05
2.9275244e-05
3.2660186e-05
3.7833889e-05
4.4840362e-05
5.3814885e-05
6.5075059e-05
7.9269776e-05
9.7634411e-05
0.00012250892
0.00015856303
0.00021616886
0.00032271883
0.00057352744
0.0014492645
2.7863249e-05
2.9380056e-05
3.2722059e-05
3.7837967e-05
4.478022e-05
5.3692461e-05
6.4898658e-05
7.9051496e-05
9.7388297e-05
0.0001222505
0.00015831055
0.00021594715
0.00032256971
0.0005735455
0.0014497826
2.7973814e-05
2.9470397e-05
3.2770726e-05
3.7830373e-05
4.470984e-05
5.3560885e-05
6.4713801e-05
7.8825164e-05
9.713439e-05
0.0001219845
0.00015805068
0.00021571803
0.00032241229
0.00057355095
0.0014502617
2.8069981e-05
2.9546975e-05
3.2806873e-05
3.7811777e-05
4.4629896e-05
5.3420857e-05
6.4521218e-05
7.8591536e-05
9.6873457e-05
0.0001217117
0.00015778418
0.00021548223
0.00032224727
0.00057354439
0.0014507025
2.8152458e-05
2.9610481e-05
3.2831166e-05
3.7782828e-05
4.4541039e-05
5.3273051e-05
6.4321615e-05
7.8351346e-05
9.6606252e-05
0.00012143284
0.00015751179
0.0002152405
0.00032207535
0.00057352646
0.0014511055
2.8221932e-05
2.9661588e-05
3.2844255e-05
3.7744156e-05
4.44439e-05
5.3118116e-05
6.4115675e-05
7.8105312e-05
9.6333515e-05
0.00012114869
0.00015723427
0.00021499355
0.00032189723
0.0005734978
0.0014514716
2.8279076e-05
2.9700954e-05
3.284677e-05
3.7696371e-05
4.4339085e-05
5.2956681e-05
6.3904059e-05
7.7854126e-05
9.6055966e-05
0.00012085998
0.00015695237
0.00021474215
0.00032171363
0.00057345908
0.0014518016
2.8324541e-05
2.9729215e-05
3.2839322e-05
3.7640061e-05
4.4227179e-05
5.2789347e-05
6.3687403e-05
7.7598463e-05
9.577431e-05
0.00012056742
0.0001566668
0.000214487
0.00032152524
0.00057341096
0.0014520964
2.835896e-05
2.9746989e-05
3.2822504e-05
3.7575797e-05
4.4108748e-05
5.2616696e-05
6.3466319e-05
7.7338972e-05
9.548923e-05
0.00012027174
0.00015637831
0.00021422882
0.00032133276
0.00057335411
0.0014523571
2.8382947e-05
2.9754876e-05
3.2796888e-05
3.7504128e-05
4.3984332e-05
5.2439285e-05
6.3241396e-05
7.7076279e-05
9.5201386e-05
0.00011997362
0.00015608757
0.00021396832
0.00032113686
0.00057328918
0.0014525846
2.8397096e-05
2.9753453e-05
3.2763027e-05
3.7425584e-05
4.3854455e-05
5.2257647e-05
6.3013197e-05
7.6810985e-05
9.4911418e-05
0.00011967372
0.00015579529
0.00021370616
0.00032093821
0.00057321683
0.0014527802
2.8401981e-05
2.9743281e-05
3.2721457e-05
3.7340675e-05
4.3719616e-05
5.2072295e-05
6.2782263e-05
7.654367e-05
9.4619939e-05
0.00011937269
0.0001555021
0.00021344302
0.00032073744
0.00057313771
0.0014529449
2.8398155e-05
2.97249e-05
3.2672691e-05
3.7249893e-05
4.3580297e-05
5.1883718e-05
6.2549112e-05
7.6274886e-05
9.432754e-05
0.00011907114
0.00015520866
0.00021317952
0.00032053517
0.00057305244
0.0014530799
2.8386152e-05
2.969883e-05
3.2617227e-05
3.7153709e-05
4.3436958e-05
5.1692386e-05
6.2314237e-05
7.6005162e-05
9.4034784e-05
0.00011876967
0.00015491557
0.00021291627
0.000320332
0.00057296163
0.0014531864
2.8366487e-05
2.9665573e-05
3.2555541e-05
3.7052578e-05
4.329004e-05
5.1498745e-05
6.2078108e-05
7.5735002e-05
9.3742212e-05
0.00011846885
0.0001546234
0.00021265386
0.0003201285
0.00057286587
0.0014532657
2.8339656e-05
2.9625611e-05
3.2488093e-05
3.6946935e-05
4.3139966e-05
5.1303222e-05
6.1841173e-05
7.5464885e-05
9.3450335e-05
0.00011816921
0.00015433273
0.00021239283
0.0003199252
0.00057276573
0.0014533189
2.8306135e-05
2.9579408e-05
3.2415324e-05
3.6837196e-05
4.298714e-05
5.1106224e-05
6.1603857e-05
7.5195266e-05
9.3159641e-05
0.00011787128
0.00015404406
0.00021213371
0.00031972261
0.00057266177
0.0014533474
2.8266381e-05
2.9527409e-05
3.2337656e-05
3.6723763e-05
4.2831946e-05
5.0908136e-05
6.1366565e-05
7.4926576e-05
9.2870588e-05
0.00011757552
0.0001537579
0.00021187699
0.00031952121
0.00057255449
0.0014533523
2.8220834e-05
2.9470043e-05
3.2255497e-05
3.6607018e-05
4.2674753e-05
5.0709326e-05
6.1129676e-05
7.4659221e-05
9.2583612e-05
0.00011728241
0.00015347471
0.00021162312
0.00031932145
0.0005724444
0.0014533349
2.8169915e-05
2.9407719e-05
3.2169234e-05
3.6487327e-05
4.2515911e-05
5.0510143e-05
6.0893553e-05
7.4393584e-05
9.229912e-05
0.00011699235
0.00015319493
0.00021137254
0.00031912374
0.00057233198
0.0014532964
2.8114029e-05
2.9340832e-05
3.2079241e-05
3.6365039e-05
4.2355753e-05
5.0310915e-05
6.0658535e-05
7.4130026e-05
9.2017494e-05
0.00011670577
0.00015291896
0.00021112565
0.00031892848
0.00057221766
0.0014532381
2.8053563e-05
2.9269756e-05
3.1985874e-05
3.6240488e-05
4.2194596e-05
5.0111956e-05
6.0424943e-05
7.3868883e-05
9.1739091e-05
0.00011642302
0.00015264718
0.0002108828
0.00031873601
0.00057210186
0.0014531611
2.7988887e-05
2.9194852e-05
3.1889472e-05
3.6113993e-05
4.2032741e-05
4.9913559e-05
6.0193076e-05
7.3610469e-05
9.1464242e-05
0.00011614445
0.00015237992
0.00021064433
0.00031854666
0.00057198497
0.0014530665
2.7920355e-05
2.9116465e-05
3.1790362e-05
3.5985856e-05
4.1870474e-05
4.9716002e-05
5.9963215e-05
7.335508e-05
9.1193257e-05
0.00011587037
0.00015211752
0.00021041054
0.00031836072
0.00057186737
0.0014529556
2.7848307e-05
2.9034924e-05
3.1688853e-05
3.5856367e-05
4.1708064e-05
4.9519547e-05
5.9735624e-05
7.3102986e-05
9.0926416e-05
0.00011560109
0.00015186024
0.00021018171
0.00031817846
0.00057174939
0.0014528295
2.7773065e-05
2.8950542e-05
3.1585241e-05
3.5725797e-05
4.1545767e-05
4.9324439e-05
5.9510548e-05
7.2854439e-05
9.0663982e-05
0.00011533685
0.00015160836
0.00020995808
0.00031800011
0.00057163136
0.0014526891
2.7694939e-05
2.8863618e-05
3.1479808e-05
3.5594409e-05
4.1383825e-05
4.9130907e-05
5.9288213e-05
7.2609671e-05
9.0406192e-05
0.00011507791
0.0001513621
0.00020973986
0.00031782589
0.00057151355
0.0014525357
2.7614222e-05
2.877444e-05
3.1372821e-05
3.5462449e-05
4.1222465e-05
4.8939166e-05
5.9068831e-05
7.2368895e-05
9.0153262e-05
0.00011482447
0.00015112167
0.00020952726
0.00031765597
0.00057139624
0.0014523702
2.7531195e-05
2.8683277e-05
3.1264535e-05
3.5330149e-05
4.1061901e-05
4.8749417e-05
5.8852596e-05
7.2132304e-05
8.9905385e-05
0.00011457673
0.00015088725
0.00020932041
0.00031749051
0.00057127966
0.0014521936
2.7446125e-05
2.8590388e-05
3.1155192e-05
3.5197732e-05
4.0902334e-05
4.8561847e-05
5.8639686e-05
7.1900074e-05
8.9662738e-05
0.00011433485
0.000150659
0.00020911947
0.00031732966
0.00057116407
0.0014520068
2.7359267e-05
2.849602e-05
3.1045021e-05
3.5065405e-05
4.0743952e-05
4.8376628e-05
5.8430265e-05
7.1672365e-05
8.9425474e-05
0.00011409899
0.00015043704
0.00020892458
0.00031717366
0.00057104999
0.0014518108
2.727086e-05
2.8400404e-05
3.0934238e-05
3.4933366e-05
4.0586933e-05
4.8193921e-05
5.8224483e-05
7.1449319e-05
8.919373e-05
0.00011386926
0.0001502215
0.00020873582
0.0003170225
0.00057093664
0.0014516062
2.7181134e-05
2.8303764e-05
3.082305e-05
3.48018e-05
4.0431441e-05
4.8013873e-05
5.8022475e-05
7.1231063e-05
8.8967624e-05
0.00011364579
0.00015001246
0.00020855324
0.00031687611
0.00057082384
0.0014513937
2.7090307e-05
2.8206307e-05
3.0711651e-05
3.4670881e-05
4.0277629e-05
4.783662e-05
5.7824362e-05
7.1017706e-05
8.8747259e-05
0.00011342865
0.00014981001
0.00020837698
0.00031673488
0.00057071085
0.001451174
2.6998585e-05
2.8108233e-05
3.0600224e-05
3.4540773e-05
4.0125641e-05
4.7662285e-05
5.7630253e-05
7.0809348e-05
8.8532719e-05
0.00011321792
0.0001496142
0.00020820704
0.0003165984
0.00057059807
0.0014509477
2.6906162e-05
2.8009729e-05
3.0488941e-05
3.4411628e-05
3.9975609e-05
4.7490983e-05
5.7440246e-05
7.0606071e-05
8.8324074e-05
0.00011301365
0.00014942505
0.00020804334
0.00031646642
0.00057048599
0.0014507155
2.6813223e-05
2.7910973e-05
3.0377966e-05
3.4283591e-05
3.9827654e-05
4.7322815e-05
5.7254425e-05
7.0407945e-05
8.8121382e-05
0.0001128159
0.00014924262
0.00020788602
0.00031633845
0.00057037513
0.0014504783
2.6719942e-05
2.7812132e-05
3.0267452e-05
3.4156795e-05
3.968189e-05
4.7157874e-05
5.7072866e-05
7.0215029e-05
8.7924687e-05
0.00011262468
0.00014906691
0.00020773491
0.00031621448
0.00057026589
0.0014502367
2.6626484e-05
2.7713363e-05
3.0157541e-05
3.4031363e-05
3.953842e-05
4.6996241e-05
5.6895631e-05
7.002737e-05
8.7734017e-05
0.00011244
0.00014889784
0.00020758978
0.00031609469
0.0005701585
0.0014499915
2.6533003e-05
2.7614815e-05
3.0048369e-05
3.3907413e-05
3.9397338e-05
4.6837991e-05
5.6722775e-05
6.9845005e-05
8.7549396e-05
0.00011226188
0.00014873548
0.00020745023
0.00031597926
0.00057005317
0.0014497434
2.6439646e-05
2.7516627e-05
2.994006e-05
3.3785052e-05
3.925873e-05
4.6683189e-05
5.6554342e-05
6.966796e-05
8.7370831e-05
0.0001120903
0.00014857967
0.00020731621
0.00031586828
0.00056995008
0.001449493
2.6346549e-05
2.7418929e-05
2.9832734e-05
3.3664377e-05
3.9122675e-05
4.653189e-05
5.6390368e-05
6.9496249e-05
8.7198306e-05
0.00011192518
0.00014843024
0.00020718776
0.0003157618
0.00056984937
0.001449241
2.6253842e-05
2.7321845e-05
2.9726497e-05
3.3545481e-05
3.8989242e-05
4.6384144e-05
5.6230882e-05
6.9329886e-05
8.7031837e-05
0.00011176658
0.00014828683
0.00020706489
0.00031565984
0.00056975115
0.001448988
2.6161644e-05
2.7225488e-05
2.9621454e-05
3.3428447e-05
3.8858496e-05
4.6239992e-05
5.6075904e-05
6.9168866e-05
8.6871373e-05
0.00011161431
0.00014814943
0.0002069476
0.0003155624
0.00056965552
0.0014487344
2.607007e-05
2.7129966e-05
2.9517697e-05
3.3313353e-05
3.8730491e-05
4.6099468e-05
5.5925448e-05
6.9013185e-05
8.6716898e-05
0.00011146816
0.00014801802
0.00020683584
0.00031546947
0.00056956255
0.0014484807
2.5979224e-05
2.7035378e-05
2.9415314e-05
3.3200268e-05
3.8605278e-05
4.5962601e-05
5.5779519e-05
6.8862825e-05
8.6568353e-05
0.00011132797
0.00014789256
0.00020672957
0.00031538101
0.00056947228
0.0014482275
2.5889205e-05
2.6941817e-05
2.9314386e-05
3.3089255e-05
3.84829e-05
4.5829413e-05
5.5638117e-05
6.8717756e-05
8.6425572e-05
0.0001111937
0.00014777297
0.0002066287
0.00031529697
0.00056938475
0.0014479752
2.5800104e-05
2.6849369e-05
2.9214987e-05
3.2980374e-05
3.8363396e-05
4.569992e-05
5.550124e-05
6.8577967e-05
8.6288386e-05
0.0001110653
0.00014765919
0.00020653317
0.00031521731
0.00056929999
0.0014477242
2.5712007e-05
2.6758114e-05
2.9117186e-05
3.2873675e-05
3.8246797e-05
4.5574135e-05
5.5368875e-05
6.8443319e-05
8.6156748e-05
0.00011094269
0.00014755112
0.00020644289
0.00031514194
0.000569218
0.0014474749
2.5624994e-05
2.6668125e-05
2.9021044e-05
3.2769205e-05
3.8133132e-05
4.5452064e-05
5.5241011e-05
6.8313688e-05
8.6030594e-05
0.00011082579
0.00014744868
0.00020635777
0.00031507079
0.00056913878
0.0014472276
2.5539137e-05
2.6579472e-05
2.892662e-05
3.2667008e-05
3.8022427e-05
4.5333722e-05
5.5117539e-05
6.8189025e-05
8.5909853e-05
0.00011071451
0.00014735177
0.0002062777
0.00031500378
0.00056906234
0.0014469826
2.5454503e-05
2.6492216e-05
2.8833965e-05
3.256712e-05
3.7914701e-05
4.521908e-05
5.4998391e-05
6.8069273e-05
8.5794451e-05
0.00011060877
0.00014726028
0.00020620256
0.00031494081
0.00056898865
0.0014467403
2.5371157e-05
2.6406416e-05
2.8743128e-05
3.2469577e-05
3.7809978e-05
4.5108069e-05
5.4883526e-05
6.795437e-05
8.5684304e-05
0.00011050845
0.0001471741
0.00020613225
0.00031488179
0.00056891769
0.0014465009
2.5289156e-05
2.6322126e-05
2.8654158e-05
3.2374419e-05
3.7708217e-05
4.5000664e-05
5.4772897e-05
6.784425e-05
8.5579329e-05
0.00011041347
0.00014709311
0.00020606665
0.00031482661
0.00056884944
0.0014462647
2.5208556e-05
2.62394e-05
2.8567095e-05
3.2281638e-05
3.7609409e-05
4.4896838e-05
5.4666457e-05
6.7738843e-05
8.5479435e-05
0.00011032371
0.00014701719
0.00020600563
0.00031477518
0.00056878385
0.0014460319
2.5129407e-05
2.6158279e-05
2.8481958e-05
3.2191242e-05
3.7513543e-05
4.4796557e-05
5.4564152e-05
6.7638078e-05
8.5384529e-05
0.00011023905
0.00014694621
0.00020594906
0.00031472739
0.00056872091
0.0014458027
2.505175e-05
2.6078796e-05
2.8398769e-05
3.2103236e-05
3.7420605e-05
4.469979e-05
5.446593e-05
6.7541878e-05
8.5294515e-05
0.0001101594
0.00014688006
0.00020589682
0.00031468313
0.00056866056
0.0014455772
2.4975617e-05
2.6000978e-05
2.8317544e-05
3.201762e-05
3.7330579e-05
4.46065e-05
5.4371732e-05
6.7450164e-05
8.5209292e-05
0.00011008461
0.00014681859
0.00020584877
0.00031464229
0.00056860276
0.0014453558
2.4901039e-05
2.5924849e-05
2.8238295e-05
3.1934394e-05
3.7243446e-05
4.4516648e-05
5.42815e-05
6.7362854e-05
8.5128759e-05
0.00011001459
0.00014676167
0.00020580479
0.00031460475
0.00056854747
0.0014451385
2.482804e-05
2.5850431e-05
2.8161034e-05
3.1853555e-05
3.7159185e-05
4.4430194e-05
5.419517e-05
6.7279866e-05
8.5052811e-05
0.0001099492
0.00014670918
0.00020576473
0.00031457041
0.00056849464
0.0014449254
2.4756643e-05
2.5777739e-05
2.8085768e-05
3.1775095e-05
3.7077774e-05
4.4347095e-05
5.4112678e-05
6.7201112e-05
8.498134e-05
0.00010988831
0.00014666097
0.00020572846
0.00031453916
0.00056844422
0.0014447168
2.4686867e-05
2.5706789e-05
2.8012503e-05
3.1699007e-05
3.6999185e-05
4.4267305e-05
5.4033959e-05
6.7126504e-05
8.4914238e-05
0.00010983181
0.00014661691
0.00020569586
0.00031451087
0.00056839616
0.0014445126
2.4618726e-05
2.5637592e-05
2.7941239e-05
3.1625279e-05
3.6923392e-05
4.4190777e-05
5.3958942e-05
6.7055953e-05
8.4851395e-05
0.00010977957
0.00014657686
0.00020566677
0.00031448545
0.00056835041
0.001444313
2.4552234e-05
2.5570156e-05
2.7871977e-05
3.1553898e-05
3.6850364e-05
4.4117462e-05
5.388756e-05
6.6989367e-05
8.4792699e-05
0.00010973146
0.00014654069
0.00020564109
0.00031446278
0.0005683069
0.0014441181
2.44874e-05
2.5504487e-05
2.7804715e-05
3.1484848e-05
3.6780069e-05
4.4047308e-05
5.3819739e-05
6.6926654e-05
8.4738039e-05
0.00010968734
0.00014650827
0.00020561866
0.00031444276
0.0005682656
0.001443928
2.4424232e-05
2.5440589e-05
2.7739446e-05
3.1418112e-05
3.6712475e-05
4.3980265e-05
5.3755406e-05
6.6867719e-05
8.4687301e-05
0.0001096471
0.00014647944
0.00020559936
0.00031442527
0.00056822644
0.0014437426
2.4362734e-05
2.5378463e-05
2.7676164e-05
3.135367e-05
3.6647544e-05
4.3916276e-05
5.3694488e-05
6.6812467e-05
8.4640371e-05
0.00010961061
0.00014645409
0.00020558306
0.0003144102
0.00056818936
0.001443562
2.430291e-05
2.5318106e-05
2.761486e-05
3.1291501e-05
3.6585241e-05
4.3855286e-05
5.3636908e-05
6.6760803e-05
8.4597136e-05
0.00010957773
0.00014643207
0.00020556963
0.00031439746
0.00056815432
0.0014433864
2.4244759e-05
2.5259518e-05
2.7555521e-05
3.1231581e-05
3.6525525e-05
4.3797239e-05
5.3582589e-05
6.6712631e-05
8.4557482e-05
0.00010954834
0.00014641326
0.00020555895
0.00031438694
0.00056812126
0.0014432156
2.4188281e-05
2.5202691e-05
2.7498136e-05
3.1173885e-05
3.6468358e-05
4.3742077e-05
5.3531455e-05
6.6667853e-05
8.4521294e-05
0.00010952232
0.00014639752
0.00020555089
0.00031437854
0.00056809012
0.0014430497
2.4133471e-05
2.5147619e-05
2.7442689e-05
3.1118386e-05
3.6413697e-05
4.3689739e-05
5.3483427e-05
6.6626373e-05
8.4488458e-05
0.00010949953
0.00014638472
0.00020554533
0.00031437216
0.00056806084
0.0014428887
2.4080324e-05
2.5094293e-05
2.7389163e-05
3.1065058e-05
3.6361499e-05
4.3640166e-05
5.3438426e-05
6.6588093e-05
8.4458863e-05
0.00010947986
0.00014637474
0.00020554216
0.00031436771
0.00056803338
0.0014427327
2.4028833e-05
2.5042702e-05
2.733754e-05
3.1013869e-05
3.631172e-05
4.3593298e-05
5.3396373e-05
6.6552917e-05
8.4432394e-05
0.00010946318
0.00014636745
0.00020554124
0.00031436508
0.00056800767
0.0014425815
2.3978989e-05
2.4992833e-05
2.72878e-05
3.0964789e-05
3.6264316e-05
4.3549071e-05
5.3357188e-05
6.6520746e-05
8.4408941e-05
0.00010944937
0.00014636273
0.00020554247
0.00031436419
0.00056798367
0.0014424353
2.393078e-05
2.4944674e-05
2.7239922e-05
3.0917786e-05
3.621924e-05
4.3507424e-05
5.3320791e-05
6.6491485e-05
8.4388392e-05
0.0001094383
0.00014636045
0.00020554574
0.00031436495
0.00056796132
0.0014422939
2.3884196e-05
2.4898207e-05
2.7193884e-05
3.0872827e-05
3.6176446e-05
4.3468294e-05
5.3287103e-05
6.6465037e-05
8.4370638e-05
0.00010942987
0.0001463605
0.00020555094
0.00031436727
0.00056794057
0.0014421573
2.3839223e-05
2.4853418e-05
2.7149661e-05
3.0829878e-05
3.6135885e-05
4.3431616e-05
5.3256042e-05
6.6441306e-05
8.4355568e-05
0.00010942395
0.00014636276
0.00020555795
0.00031437106
0.00056792137
0.0014420255
2.3795844e-05
2.4810287e-05
2.7107229e-05
3.0788903e-05
3.6097508e-05
4.3397329e-05
5.3227531e-05
6.6420196e-05
8.4343077e-05
0.00010942044
0.00014636711
0.00020556668
0.00031437624
0.00056790365
0.0014418985
2.3754046e-05
2.4768795e-05
2.7066561e-05
3.0749866e-05
3.6061268e-05
4.3365367e-05
5.3201487e-05
6.6401615e-05
8.4333058e-05
0.0001094192
0.00014637345
0.00020557703
0.00031438273
0.00056788739
0.0014417762
2.3713809e-05
2.4728921e-05
2.7027631e-05
3.071273e-05
3.6027114e-05
4.3335666e-05
5.3177833e-05
6.6385467e-05
8.4325406e-05
0.00010942015
0.00014638167
0.00020558889
0.00031439045
0.00056787252
0.0014416586
2.3675115e-05
2.4690645e-05
2.6990411e-05
3.0677458e-05
3.5994996e-05
4.3308162e-05
5.3156489e-05
6.637166e-05
8.4320018e-05
0.00010942317
0.00014639165
0.00020560218
0.00031439933
0.00056785899
0.0014415456
2.3637945e-05
2.4653943e-05
2.695487e-05
3.064401e-05
3.5964864e-05
4.328279e-05
5.3137377e-05
6.6360104e-05
8.4316792e-05
0.00010942814
0.0001464033
0.00020561679
0.00031440929
0.00056784676
0.0014414371
2.3602277e-05
2.4618792e-05
2.6920981e-05
3.0612349e-05
3.5936667e-05
4.3259488e-05
5.3120418e-05
6.6350706e-05
8.431563e-05
0.00010943498
0.00014641651
0.00020563264
0.00031442026
0.00056783578
0.0014413331
2.3568091e-05
2.4585168e-05
2.6888712e-05
3.0582434e-05
3.5910353e-05
4.3238189e-05
5.3105535e-05
6.6343377e-05
8.4316431e-05
0.00010944357
0.00014643119
0.00020564964
0.00031443218
0.000567826
0.0014412335
2.3535364e-05
2.4553045e-05
2.6858031e-05
3.0554226e-05
3.5885873e-05
4.3218831e-05
5.3092652e-05
6.6338031e-05
8.4319102e-05
0.00010945382
0.00014644724
0.0002056677
0.00031444497
0.00056781738
0.0014411382
2.3504073e-05
2.4522397e-05
2.6828908e-05
3.0527683e-05
3.5863174e-05
4.320135e-05
5.3081691e-05
6.6334579e-05
8.4323547e-05
0.00010946563
0.00014646457
0.00020568675
0.00031445857
0.00056780987
0.0014410473
2.3474193e-05
2.4493198e-05
2.680131e-05
3.0502766e-05
3.5842205e-05
4.3185682e-05
5.307258e-05
6.6332936e-05
8.4329673e-05
0.00010947891
0.00014648308
0.00020570671
0.00031447292
0.00056780343
0.0014409605
2.3445699e-05
2.446542e-05
2.6775203e-05
3.0479433e-05
3.5822914e-05
4.3171766e-05
5.3065242e-05
6.6333019e-05
8.4337391e-05
0.00010949356
0.0001465027
0.0002057275
0.00031448797
0.00056779802
0.0014408779
2.3418567e-05
2.4439036e-05
2.6750556e-05
3.0457643e-05
3.5805252e-05
4.3159538e-05
5.3059605e-05
6.6334745e-05
8.4346613e-05
0.0001095095
0.00014652334
0.00020574904
0.00031450364
0.00056779358
0.0014407993
2.339277e-05
2.4414016e-05
2.6727333e-05
3.0437355e-05
3.5789166e-05
4.3148937e-05
5.3055597e-05
6.6338033e-05
8.4357251e-05
0.00010952663
0.00014654491
0.00020577127
0.00031451989
0.00056779008
0.0014407247
2.3368282e-05
2.4390333e-05
2.6705501e-05
3.0418527e-05
3.5774606e-05
4.3139901e-05
5.3053146e-05
6.6342803e-05
8.4369222e-05
0.00010954489
0.00014656733
0.00020579412
0.00031453666
0.00056778748
0.001440654
2.3345076e-05
2.4367957e-05
2.6685026e-05
3.0401118e-05
3.576152e-05
4.3132371e-05
5.3052182e-05
6.6348978e-05
8.4382444e-05
0.00010956417
0.00014659054
0.00020581752
0.00031455391
0.00056778575
0.001440587
2.3323124e-05
2.4346858e-05
2.6665873e-05
3.0385085e-05
3.574986e-05
4.3126286e-05
5.3052637e-05
6.6356482e-05
8.4396836e-05
0.00010958441
0.00014661445
0.00020584141
0.00031457158
0.00056778482
0.0014405238
2.3302399e-05
2.4327006e-05
2.6648008e-05
3.0370388e-05
3.5739575e-05
4.3121588e-05
5.3054443e-05
6.636524e-05
8.4412321e-05
0.00010960552
0.000146639
0.00020586573
0.00031458962
0.00056778468
0.0014404642
2.3282872e-05
2.430837e-05
2.6631396e-05
3.0356986e-05
3.5730614e-05
4.3118217e-05
5.3057532e-05
6.637518e-05
8.4428824e-05
0.00010962744
0.00014666412
0.00020589042
0.00031460799
0.00056778529
0.0014404081
2.3264515e-05
2.4290922e-05
2.6616001e-05
3.0344835e-05
3.572293e-05
4.3116116e-05
5.3061841e-05
6.638623e-05
8.4446269e-05
0.00010965009
0.00014668973
0.00020591543
0.00031462665
0.0005677866
0.0014403555
2.32473e-05
2.4274629e-05
2.6601789e-05
3.0333897e-05
3.5716473e-05
4.311523e-05
5.3067305e-05
6.6398321e-05
8.4464588e-05
0.0001096734
0.00014671579
0.0002059407
0.00031464555
0.00056778858
0.0014403062
2.3231197e-05
2.4259461e-05
2.6588725e-05
3.0324129e-05
3.5711196e-05
4.3115502e-05
5.3073861e-05
6.6411387e-05
8.4483709e-05
0.0001096973
0.00014674222
0.00020596618
0.00031466466
0.0005677912
0.0014402602
2.3216178e-05
2.4245388e-05
2.6576774e-05
3.0315491e-05
3.5707051e-05
4.3116877e-05
5.3081449e-05
6.642536e-05
8.4503566e-05
0.00010972173
0.00014676898
0.00020599182
0.00031468393
0.00056779442
0.0014402174
2.3202212e-05
2.4232377e-05
2.6565901e-05
3.0307944e-05
3.5703991e-05
4.3119301e-05
5.3090008e-05
6.6440178e-05
8.4524094e-05
0.00010974663
0.000146796
0.00020601758
0.00031470333
0.00056779821
0.0014401777
2.3189272e-05
2.4220399e-05
2.6556072e-05
3.0301446e-05
3.5701969e-05
4.3122722e-05
5.309948e-05
6.6455778e-05
8.4545231e-05
0.00010977194
0.00014682322
0.00020604342
0.00031472283
0.00056780254
0.001440141
2.3177328e-05
2.4209422e-05
2.6547252e-05
3.0295958e-05
3.570094e-05
4.3127088e-05
5.3109808e-05
6.64721e-05
8.4566915e-05
0.00010979759
0.00014685061
0.00020606928
0.00031474238
0.00056780737
0.0014401072
2.3166351e-05
2.4199415e-05
2.6539407e-05
3.0291441e-05
3.570086e-05
4.3132349e-05
5.3120936e-05
6.6489085e-05
8.4589089e-05
0.00010982355
0.00014687811
0.00020609514
0.00031476197
0.00056781268
0.0014400762
2.315631e-05
2.4190348e-05
2.6532503e-05
3.0287857e-05
3.5701683e-05
4.3138453e-05
5.313281e-05
6.6506677e-05
8.4611695e-05
0.00010984974
0.00014690568
0.00020612095
0.00031478156
0.00056781843
0.0014400479
2.3147178e-05
2.4182189e-05
2.6526505e-05
3.0285167e-05
3.5703367e-05
4.3145354e-05
5.3145378e-05
6.6524821e-05
8.463468e-05
0.00010987612
0.00014693327
0.00020614667
0.00031480112
0.00056782461
0.0014400223
2.3138925e-05
2.4174909e-05
2.652138e-05
3.0283333e-05
3.5705869e-05
4.3153003e-05
5.3158587e-05
6.6543463e-05
8.4657991e-05
0.00010990265
0.00014696083
0.00020617228
0.00031482063
0.00056783117
0.0014399992
2.3131521e-05
2.4168477e-05
2.6517096e-05
3.0282318e-05
3.5709146e-05
4.3161354e-05
5.3172389e-05
6.6562553e-05
8.4681578e-05
0.00010992927
0.00014698833
0.00020619775
0.00031484005
0.00056783809
0.0014399786
2.3124939e-05
2.4162863e-05
2.6513618e-05
3.0282085e-05
3.5713158e-05
4.3170362e-05
5.3186735e-05
6.658204e-05
8.4705392e-05
0.00010995595
0.00014701574
0.00020622303
0.00031485937
0.00056784535
0.0014399604
2.311915e-05
2.4158037e-05
2.6510915e-05
3.0282598e-05
3.5717865e-05
4.3179983e-05
5.3201578e-05
6.6601877e-05
8.4729387e-05
0.00010998263
0.00014704301
0.0002062481
0.00031487857
0.00056785292
0.0014399445
2.3114124e-05
2.4153969e-05
2.6508955e-05
3.0283822e-05
3.5723226e-05
4.3190173e-05
5.3216872e-05
6.6622019e-05
8.475352e-05
0.00011000929
0.00014707011
0.00020627294
0.00031489761
0.00056786078
0.0014399308
2.3109834e-05
2.415063e-05
2.6507705e-05
3.0285722e-05
3.5729205e-05
4.3200891e-05
5.3232574e-05
6.6642419e-05
8.4777747e-05
0.00011003587
0.00014709701
0.00020629752
0.00031491649
0.00056786889
0.0014399192
2.3106253e-05
2.4147991e-05
2.6507135e-05
3.0288263e-05
3.5735762e-05
4.3212096e-05
5.3248642e-05
6.6663037e-05
8.4802028e-05
0.00011006236
0.00014712368
0.00020632182
0.00031493517
0.00056787724
0.0014399097
2.3103352e-05
2.4146023e-05
2.6507214e-05
3.0291411e-05
3.5742862e-05
4.322375e-05
5.3265033e-05
6.668383e-05
8.4826324e-05
0.0001100887
0.00014715009
0.00020634581
0.00031495365
0.0005678858
0.0014399021
2.3101103e-05
2.4144698e-05
2.6507912e-05
3.0295135e-05
3.5750468e-05
4.3235813e-05
5.3281709e-05
6.670476e-05
8.4850599e-05
0.00011011487
0.00014717621
0.00020636948
0.0003149719
0.00056789456
0.0014398964
2.3099481e-05
2.4143989e-05
2.6509198e-05
3.0299401e-05
3.5758546e-05
4.3248248e-05
5.3298631e-05
6.672579e-05
8.4874817e-05
0.00011014084
0.00014720202
0.0002063928
0.00031498992
0.00056790348
0.0014398925
2.3098458e-05
2.4143866e-05
2.6511043e-05
3.0304178e-05
3.5767061e-05
4.326102e-05
5.3315762e-05
6.6746882e-05
8.4898945e-05
0.00011016658
0.0001472275
0.00020641576
0.00031500768
0.00056791255
0.0014398903
2.3098007e-05
2.4144305e-05
2.6513419e-05
3.0309436e-05
3.5775981e-05
4.3274094e-05
5.3333068e-05
6.6768003e-05
8.4922951e-05
0.00011019206
0.00014725262
0.00020643834
0.00031502518
0.00056792176
0.0014398897
2.3098104e-05
2.4145277e-05
2.6516298e-05
3.0315143e-05
3.5785273e-05
4.3287436e-05
5.3350514e-05
6.678912e-05
8.4946806e-05
0.00011021725
0.00014727737
0.00020646052
0.00031504239
0.00056793107
0.0014398907
2.3098723e-05
2.4146757e-05
2.6519652e-05
3.0321271e-05
3.5794906e-05
4.3301014e-05
5.3368068e-05
6.6810202e-05
8.4970481e-05
0.00011024214
0.00014730172
0.0002064823
0.00031505931
0.00056794047
0.0014398932
2.3099838e-05
2.4148719e-05
2.6523453e-05
3.0327791e-05
3.5804851e-05
4.3314797e-05
5.3385698e-05
6.6831219e-05
8.4993949e-05
0.0001102667
0.00014732566
0.00020650366
0.00031507593
0.00056794995
0.0014398971
2.3101424e-05
2.4151137e-05
2.6527677e-05
3.0334675e-05
3.5815077e-05
4.3328754e-05
5.3403375e-05
6.6852143e-05
8.5017186e-05
0.00011029091
0.00014734917
0.00020652458
0.00031509224
0.00056795949
0.0014399023
2.3103459e-05
2.4153987e-05
2.6532296e-05
3.0341896e-05
3.5825556e-05
4.3342857e-05
5.342107e-05
6.6872947e-05
8.5040168e-05
0.00011031475
0.00014737225
0.00020654507
0.00031510823
0.00056796907
0.0014399088
2.3105917e-05
2.4157245e-05
2.6537285e-05
3.0349427e-05
3.5836262e-05
4.3357078e-05
5.3438756e-05
6.6893605e-05
8.5062873e-05
0.0001103382
0.00014739486
0.00020656511
0.00031512389
0.00056797868
0.0014399165
2.3108776e-05
2.4160887e-05
2.654262e-05
3.0357243e-05
3.5847167e-05
4.337139e-05
5.3456407e-05
6.6914095e-05
8.5085281e-05
0.00011036124
0.00014741701
0.00020658468
0.00031513922
0.0005679883
0.0014399254
2.3112012e-05
2.416489e-05
2.6548277e-05
3.0365319e-05
3.5858246e-05
4.3385767e-05
5.3473998e-05
6.6934393e-05
8.5107371e-05
0.00011038387
0.00014743869
0.0002066038
0.0003151542
0.00056799791
0.0014399353
2.3115604e-05
2.416923e-05
2.6554233e-05
3.0373631e-05
3.5869474e-05
4.3400185e-05
5.3491506e-05
6.6954478e-05
8.5129127e-05
0.00011040607
0.00014745988
0.00020662244
0.00031516884
0.00056800752
0.0014399462
2.311953e-05
2.4173887e-05
2.6560465e-05
3.0382156e-05
3.5880827e-05
4.3414621e-05
5.3508909e-05
6.6974331e-05
8.5150531e-05
0.00011042782
0.00014748057
0.00020664061
0.00031518313
0.00056801709
0.0014399581
2.3123769e-05
2.4178838e-05
2.656695e-05
3.039087e-05
3.5892284e-05
4.3429052e-05
5.3526186e-05
6.6993932e-05
8.517157e-05
0.00011044912
0.00014750077
0.0002066583
0.00031519706
0.00056802663
0.0014399708
2.3128298e-05
2.4184063e-05
2.6573668e-05
3.0399753e-05
3.5903822e-05
4.3443457e-05
5.3543317e-05
6.7013265e-05
8.5192228e-05
0.00011046995
0.00014752046
0.0002066755
0.00031521064
0.00056803611
0.0014399844
2.31331e-05
2.418954e-05
2.6580597e-05
3.0408782e-05
3.5915419e-05
4.3457816e-05
5.3560283e-05
6.7032313e-05
8.5212493e-05
0.00011049031
0.00014753963
0.00020669223
0.00031522385
0.00056804553
0.0014399987
2.3138153e-05
2.4195251e-05
2.6587718e-05
3.0417939e-05
3.5927056e-05
4.3472109e-05
5.3577066e-05
6.7051061e-05
8.5232354e-05
0.00011051018
0.00014755829
0.00020670846
0.0003152367
0.00056805487
0.0014400137
2.3143439e-05
2.4201175e-05
2.659501e-05
3.0427202e-05
3.5938714e-05
4.3486318e-05
5.3593651e-05
6.7069495e-05
8.5251799e-05
0.00011052957
0.00014757643
0.00020672421
0.00031524919
0.00056806415
0.0014400294
2.3148939e-05
2.4207295e-05
2.6602456e-05
3.0436554e-05
3.5950374e-05
4.3500426e-05
5.3610022e-05
6.7087604e-05
8.5270821e-05
0.00011054846
0.00014759405
0.00020673947
0.00031526132
0.00056807332
0.0014400457
2.3154634e-05
2.4213591e-05
2.6610037e-05
3.0445976e-05
3.5962019e-05
4.3514416e-05
5.3626163e-05
6.7105375e-05
8.528941e-05
0.00011056685
0.00014761115
0.00020675425
0.00031527308
0.00056808232
0.0014400625
2.3160508e-05
2.4220047e-05
2.6617735e-05
3.0455452e-05
3.5973632e-05
4.3528273e-05
5.3642063e-05
6.7122797e-05
8.5307559e-05
0.00011058474
0.00014762773
0.00020676855
0.00031528448
0.0005680911
0.0014400797
2.3166543e-05
2.4226645e-05
2.6625533e-05
3.0464963e-05
3.5985197e-05
4.3541983e-05
5.3657709e-05
6.7139861e-05
8.5325263e-05
0.00011060213
0.00014764378
0.00020678237
0.00031529552
0.00056809962
0.0014400973
2.3172723e-05
2.423337e-05
2.6633416e-05
3.0474495e-05
3.5996699e-05
4.3555532e-05
5.3673088e-05
6.7156559e-05
8.5342515e-05
0.00011061901
0.00014765932
0.00020679571
0.00031530617
0.0005681079
0.0014401153
2.3179032e-05
2.4240204e-05
2.6641367e-05
3.0484033e-05
3.6008124e-05
4.3568907e-05
5.3688192e-05
6.7172883e-05
8.5359313e-05
0.00011063538
0.00014767434
0.00020680857
0.00031531641
0.00056811597
0.0014401336
2.3185455e-05
2.4247133e-05
2.6649371e-05
3.0493561e-05
3.6019458e-05
4.3582097e-05
5.3703009e-05
6.7188826e-05
8.5375651e-05
0.00011065125
0.00014768884
0.00020682096
0.00031532621
0.00056812384
0.0014401521
2.3191976e-05
2.4254142e-05
2.6657414e-05
3.0503066e-05
3.6030689e-05
4.359509e-05
5.3717533e-05
6.7204383e-05
8.5391529e-05
0.00011066661
0.00014770284
0.00020683288
0.00031533558
0.00056813154
0.0014401708
2.3198582e-05
2.4261217e-05
2.6665483e-05
3.0512535e-05
3.6041805e-05
4.3607877e-05
5.3731754e-05
6.7219548e-05
8.5406945e-05
0.00011068146
0.00014771632
0.00020684431
0.00031534454
0.00056813906
0.0014401897
2.3205258e-05
2.4268344e-05
2.6673563e-05
3.0521956e-05
3.6052795e-05
4.3620447e-05
5.3745665e-05
6.7234318e-05
8.5421897e-05
0.00011069582
0.0001477293
0.00020685524
0.0003153531
0.00056814642
0.0014402088
2.3211992e-05
2.427551e-05
2.6681643e-05
3.0531316e-05
3.6063647e-05
4.3632793e-05
5.3759262e-05
6.724869e-05
8.5436387e-05
0.00011070967
0.00014774178
0.00020686566
0.00031536129
0.00056815362
0.0014402281
2.321877e-05
2.4282703e-05
2.668971e-05
3.0540604e-05
3.6074353e-05
4.3644906e-05
5.3772538e-05
6.7262661e-05
8.5450415e-05
0.00011072303
0.00014775375
0.0002068756
0.00031536911
0.00056816066
0.0014402474
2.3225581e-05
2.4289911e-05
2.6697753e-05
3.0549811e-05
3.6084903e-05
4.3656779e-05
5.3785489e-05
6.7276231e-05
8.5463982e-05
0.0001107359
0.0001477652
0.00020688507
0.00031537657
0.00056816754
0.0014402667
2.3232413e-05
2.4297122e-05
2.670576e-05
3.0558925e-05
3.6095288e-05
4.3668406e-05
5.3798111e-05
6.7289397e-05
8.5477091e-05
0.00011074827
0.00014777614
0.00020689407
0.00031538369
0.00056817427
0.0014402862
2.3239254e-05
2.4304326e-05
2.6713723e-05
3.0567939e-05
3.6105502e-05
4.3679782e-05
5.3810401e-05
6.730216e-05
8.5489743e-05
0.00011076016
0.00014778657
0.00020690263
0.00031539048
0.00056818084
0.0014403056
2.3246095e-05
2.4311511e-05
2.672163e-05
3.0576842e-05
3.6115536e-05
4.3690901e-05
5.3822357e-05
6.7314521e-05
8.5501945e-05
0.00011077154
0.00014779651
0.00020691076
0.00031539693
0.00056818726
0.001440325
2.3252924e-05
2.4318668e-05
2.6729473e-05
3.0585627e-05
3.6125385e-05
4.3701759e-05
5.3833977e-05
6.732648e-05
8.5513694e-05
0.00011078242
0.00014780598
0.00020691846
0.00031540308
0.00056819353
0.0014403444
2.3259732e-05
2.4325789e-05
2.6737243e-05
3.0594287e-05
3.6135043e-05
4.3712353e-05
5.3845261e-05
6.7338042e-05
8.552498e-05
0.00011079282
0.00014781497
0.00020692575
0.00031540891
0.00056819964
0.0014403637
2.3266511e-05
2.4332863e-05
2.6744932e-05
3.0602814e-05
3.6144503e-05
4.3722679e-05
5.3856207e-05
6.7349204e-05
8.5535808e-05
0.00011080275
0.00014782349
0.00020693263
0.00031541444
0.0005682056
0.001440383
2.327325e-05
2.4339882e-05
2.6752532e-05
3.0611202e-05
3.6153763e-05
4.3732735e-05
5.3866817e-05
6.735996e-05
8.5546184e-05
0.0001108122
0.00014783158
0.00020693913
0.00031541967
0.0005682114
0.0014404021
2.3279943e-05
2.4346839e-05
2.6760036e-05
3.0619445e-05
3.6162817e-05
4.3742519e-05
5.387709e-05
6.7370311e-05
8.5556114e-05
0.0001108212
0.00014783922
0.00020694524
0.00031542462
0.00056821705
0.0014404211
2.3286581e-05
2.4353726e-05
2.6767438e-05
3.0627538e-05
3.6171662e-05
4.3752033e-05
5.3887019e-05
6.738026e-05
8.5565605e-05
0.00011082974
0.00014784643
0.00020695098
0.00031542929
0.00056822254
0.0014404399
2.3293157e-05
2.4360537e-05
2.6774731e-05
3.0635477e-05
3.6180297e-05
4.376127e-05
5.3896605e-05
6.7389812e-05
8.5574663e-05
0.00011083785
0.00014785322
0.00020695636
0.00031543369
0.00056822787
0.0014404586
2.3299665e-05
2.4367264e-05
2.678191e-05
3.0643257e-05
3.6188718e-05
4.3770227e-05
5.3905848e-05
6.7398971e-05
8.5583297e-05
0.00011084552
0.00014785961
0.00020696138
0.00031543782
0.00056823305
0.001440477
2.3306097e-05
2.4373902e-05
2.6788971e-05
3.0650876e-05
3.619692e-05
4.3778903e-05
5.3914751e-05
6.7407741e-05
8.5591513e-05
0.00011085278
0.0001478656
0.00020696607
0.0003154417
0.00056823807
0.0014404953
2.3312449e-05
2.4380447e-05
2.6795908e-05
3.0658327e-05
3.6204899e-05
4.3787298e-05
5.3923316e-05
6.7416128e-05
8.5599319e-05
0.00011085962
0.00014787121
0.00020697042
0.00031544532
0.00056824293
0.0014405133
2.3318714e-05
2.4386891e-05
2.6802717e-05
3.0665606e-05
3.6212655e-05
4.3795411e-05
5.3931547e-05
6.7424138e-05
8.5606723e-05
0.00011086605
0.00014787644
0.00020697445
0.0003154487
0.00056824764
0.0014405311
2.3324888e-05
2.4393232e-05
2.6809392e-05
3.0672711e-05
3.6220184e-05
4.3803244e-05
5.3939447e-05
6.7431777e-05
8.5613734e-05
0.0001108721
0.0001478813
0.00020697817
0.00031545184
0.00056825218
0.0014405486
2.3330965e-05
2.4399462e-05
2.681593e-05
3.0679638e-05
3.6227487e-05
4.3810798e-05
5.3947018e-05
6.7439051e-05
8.562036e-05
0.00011087776
0.00014788581
0.00020698159
0.00031545475
0.00056825657
0.0014405658
2.3336941e-05
2.4405578e-05
2.6822327e-05
3.0686384e-05
3.6234562e-05
4.3818075e-05
5.3954266e-05
6.7445966e-05
8.562661e-05
0.00011088306
0.00014788997
0.00020698471
0.00031545743
0.00056826081
0.0014405827
2.334281e-05
2.4411576e-05
2.6828579e-05
3.0692949e-05
3.624141e-05
4.3825076e-05
5.3961195e-05
6.7452529e-05
8.5632492e-05
0.00011088798
0.0001478938
0.00020698755
0.0003154599
0.00056826489
0.0014405994
2.3348569e-05
2.4417452e-05
2.6834684e-05
3.069933e-05
3.624803e-05
4.3831804e-05
5.396781e-05
6.7458747e-05
8.5638016e-05
0.00011089256
0.00014789731
0.00020699012
0.00031546216
0.00056826882
0.0014406157
2.3354215e-05
2.4423203e-05
2.6840639e-05
3.0705526e-05
3.6254424e-05
4.3838261e-05
5.3974115e-05
6.7464627e-05
8.5643189e-05
0.0001108968
0.00014790051
0.00020699243
0.00031546422
0.00056827259
0.0014406317
2.3359743e-05
2.4428825e-05
2.6846442e-05
3.0711536e-05
3.6260592e-05
4.3844452e-05
5.3980116e-05
6.7470178e-05
8.5648023e-05
0.0001109007
0.0001479034
0.00020699447
0.00031546608
0.00056827622
0.0014406474
2.3365151e-05
2.4434316e-05
2.685209e-05
3.071736e-05
3.6266535e-05
4.3850378e-05
5.3985818e-05
6.7475405e-05
8.5652525e-05
0.00011090429
0.00014790601
0.00020699628
0.00031546775
0.0005682797
0.0014406628
2.3370435e-05
2.4439673e-05
2.6857584e-05
3.0722998e-05
3.6272256e-05
4.3856044e-05
5.3991227e-05
6.7480317e-05
8.5656705e-05
0.00011090756
0.00014790833
0.00020699785
0.00031546924
0.00056828304
0.0014406778
2.3375595e-05
2.4444896e-05
2.6862921e-05
3.072845e-05
3.6277755e-05
4.3861453e-05
5.3996349e-05
6.7484922e-05
8.5660572e-05
0.00011091053
0.00014791038
0.00020699919
0.00031547055
0.00056828624
0.0014406925
2.3380627e-05
2.4449981e-05
2.6868101e-05
3.0733716e-05
3.6283035e-05
4.386661e-05
5.400119e-05
6.7489228e-05
8.5664136e-05
0.00011091321
0.00014791217
0.00020700032
0.00031547169
0.00056828929
0.0014407068
2.3385529e-05
2.4454928e-05
2.6873124e-05
3.0738797e-05
3.6288099e-05
4.3871518e-05
5.4005756e-05
6.7493242e-05
8.5667406e-05
0.00011091561
0.00014791371
0.00020700123
0.00031547267
0.00056829221
0.0014407208
2.3390301e-05
2.4459736e-05
2.6877988e-05
3.0743694e-05
3.6292948e-05
4.3876183e-05
5.4010053e-05
6.7496972e-05
8.5670391e-05
0.00011091774
0.000147915
0.00020700195
0.0003154735
0.000568295
0.0014407344
2.3394942e-05
2.4464403e-05
2.6882695e-05
3.0748409e-05
3.6297587e-05
4.3880608e-05
5.4014088e-05
6.7500427e-05
8.56731e-05
0.00011091961
0.00014791607
0.00020700248
0.00031547418
0.00056829766
0.0014407477
2.339945e-05
2.446893e-05
2.6887244e-05
3.0752942e-05
3.6302017e-05
4.3884798e-05
5.4017867e-05
6.7503614e-05
8.5675543e-05
0.00011092123
0.00014791692
0.00020700282
0.00031547471
0.00056830018
0.0014407606
2.3403824e-05
2.4473316e-05
2.6891636e-05
3.0757296e-05
3.6306243e-05
4.3888759e-05
5.4021396e-05
6.7506542e-05
8.5677729e-05
0.00011092261
0.00014791755
0.00020700299
0.00031547511
0.00056830258
0.0014407731
2.3408066e-05
2.4477561e-05
2.6895871e-05
3.0761473e-05
3.6310267e-05
4.3892495e-05
5.4024683e-05
6.7509218e-05
8.5679667e-05
0.00011092375
0.00014791798
0.00020700299
0.00031547537
0.00056830485
0.0014407853
2.3412173e-05
2.4481665e-05
2.6899951e-05
3.0765474e-05
3.6314093e-05
4.3896011e-05
5.4027734e-05
6.7511651e-05
8.5681365e-05
0.00011092468
0.00014791822
0.00020700284
0.00031547551
0.000568307
0.0014407971
2.3416146e-05
2.4485629e-05
2.6903878e-05
3.0769303e-05
3.6317724e-05
4.3899313e-05
5.4030556e-05
6.7513849e-05
8.5682834e-05
0.00011092539
0.00014791827
0.00020700253
0.00031547553
0.00056830902
0.0014408086
2.3419987e-05
2.4489453e-05
2.6907651e-05
3.077296e-05
3.6321165e-05
4.3902406e-05
5.4033155e-05
6.7515819e-05
8.5684081e-05
0.0001109259
0.00014791814
0.00020700208
0.00031547543
0.00056831093
0.0014408197
2.3423694e-05
2.4493138e-05
2.6911273e-05
3.0776449e-05
3.6324419e-05
4.3905295e-05
5.4035538e-05
6.751757e-05
8.5685115e-05
0.00011092621
0.00014791785
0.0002070015
0.00031547523
0.00056831272
0.0014408304
2.3427269e-05
2.4496686e-05
2.6914746e-05
3.0779774e-05
3.6327491e-05
4.3907986e-05
5.4037713e-05
6.7519109e-05
8.5685946e-05
0.00011092633
0.0001479174
0.00020700078
0.00031547492
0.00056831439
0.0014408407
2.3430713e-05
2.4500097e-05
2.691807e-05
3.0782935e-05
3.6330383e-05
4.3910484e-05
5.4039685e-05
6.7520445e-05
8.5686581e-05
0.00011092628
0.0001479168
0.00020699995
0.00031547451
0.00056831595
0.0014408507
2.3434027e-05
2.4503372e-05
2.692125e-05
3.0785937e-05
3.6333102e-05
4.3912794e-05
5.4041462e-05
6.7521584e-05
8.5687029e-05
0.00011092606
0.00014791605
0.000206999
0.000315474
0.0005683174
0.0014408603
2.3437211e-05
2.4506514e-05
2.6924285e-05
3.0788783e-05
3.633565e-05
4.3914922e-05
5.404305e-05
6.7522536e-05
8.5687298e-05
0.00011092568
0.00014791517
0.00020699794
0.00031547341
0.00056831874
0.0014408695
2.3440268e-05
2.4509524e-05
2.692718e-05
3.0791476e-05
3.6338032e-05
4.3916874e-05
5.4044456e-05
6.7523307e-05
8.5687397e-05
0.00011092515
0.00014791416
0.00020699678
0.00031547273
0.00056831998
0.0014408784
2.3443198e-05
2.4512403e-05
2.6929935e-05
3.0794018e-05
3.6340253e-05
4.3918655e-05
5.4045686e-05
6.7523906e-05
8.5687334e-05
0.00011092448
0.00014791303
0.00020699552
0.00031547197
0.00056832111
0.0014408869
2.3446004e-05
2.4515153e-05
2.6932555e-05
3.0796414e-05
3.6342317e-05
4.3920271e-05
5.4046748e-05
6.7524338e-05
8.5687117e-05
0.00011092367
0.00014791179
0.00020699418
0.00031547114
0.00056832214
0.0014408951
2.3448686e-05
2.4517777e-05
2.693504e-05
3.0798667e-05
3.6344229e-05
4.3921727e-05
5.4047647e-05
6.7524613e-05
8.5686753e-05
0.00011092273
0.00014791045
0.00020699276
0.00031547024
0.00056832309
0.0014409029
2.3451247e-05
2.4520276e-05
2.6937394e-05
3.080078e-05
3.6345992e-05
4.3923028e-05
5.4048391e-05
6.7524737e-05
8.568625e-05
0.00011092167
0.00014790901
0.00020699126
0.00031546928
0.00056832394
0.0014409103
2.3453689e-05
2.4522653e-05
2.693962e-05
3.0802757e-05
3.6347611e-05
4.3924181e-05
5.4048986e-05
6.7524717e-05
8.5685616e-05
0.00011092049
0.00014790747
0.00020698969
0.00031546826
0.0005683247
0.0014409175
2.3456014e-05
2.452491e-05
2.694172e-05
3.0804602e-05
3.6349091e-05
4.3925191e-05
5.4049437e-05
6.7524561e-05
8.5684858e-05
0.00011091922
0.00014790586
0.00020698806
0.00031546718
0.00056832538
0.0014409243
2.3458224e-05
2.4527049e-05
2.6943697e-05
3.0806317e-05
3.6350437e-05
4.3926063e-05
5.4049752e-05
6.7524275e-05
8.5683983e-05
0.00011091784
0.00014790417
0.00020698637
0.00031546606
0.00056832599
0.0014409308
2.346032e-05
2.4529073e-05
2.6945555e-05
3.0807907e-05
3.6351652e-05
4.3926802e-05
5.4049936e-05
6.7523865e-05
8.5682999e-05
0.00011091637
0.0001479024
0.00020698463
0.00031546489
0.00056832652
0.0014409369
2.3462306e-05
2.4530984e-05
2.6947295e-05
3.0809375e-05
3.6352741e-05
4.3927414e-05
5.4049996e-05
6.7523339e-05
8.5681911e-05
0.00011091482
0.00014790057
0.00020698285
0.00031546368
0.00056832699
0.0014409428
2.3464184e-05
2.4532785e-05
2.6948921e-05
3.0810725e-05
3.6353709e-05
4.3927903e-05
5.4049937e-05
6.7522703e-05
8.5680727e-05
0.00011091319
0.00014789869
0.00020698102
0.00031546243
0.00056832738
0.0014409484
2.3465955e-05
2.4534478e-05
2.6950437e-05
3.081196e-05
3.635456e-05
4.3928276e-05
5.4049765e-05
6.7521963e-05
8.5679453e-05
0.00011091149
0.00014789675
0.00020697915
0.00031546115
0.00056832772
0.0014409537
2.3467622e-05
2.4536065e-05
2.6951844e-05
3.0813084e-05
3.6355298e-05
4.3928536e-05
5.4049485e-05
6.7521126e-05
8.5678096e-05
0.00011090972
0.00014789476
0.00020697726
0.00031545984
0.00056832799
0.0014409588
2.3469189e-05
2.453755e-05
2.6953147e-05
3.0814101e-05
3.6355927e-05
4.392869e-05
5.4049105e-05
6.7520196e-05
8.5676661e-05
0.00011090789
0.00014789273
0.00020697533
0.00031545851
0.00056832821
0.0014409636
2.3470656e-05
2.4538936e-05
2.6954348e-05
3.0815015e-05
3.6356452e-05
4.3928742e-05
5.4048627e-05
6.751918e-05
8.5675154e-05
0.00011090601
0.00014789067
0.00020697338
0.00031545716
0.00056832837
0.001440968
2.3472028e-05
2.4540224e-05
2.695545e-05
3.0815828e-05
3.6356878e-05
4.3928696e-05
5.4048059e-05
6.7518084e-05
8.5673581e-05
0.00011090407
0.00014788857
0.00020697142
0.00031545578
0.00056832846
0.0014409723
2.3473305e-05
2.4541418e-05
2.6956456e-05
3.0816544e-05
3.6357207e-05
4.3928558e-05
5.4047406e-05
6.7516913e-05
8.5671947e-05
0.0001109021
0.00014788644
0.00020696943
0.00031545439
0.00056832851
0.0014409762
2.3474492e-05
2.454252e-05
2.695737e-05
3.0817168e-05
3.6357445e-05
4.3928332e-05
5.4046671e-05
6.7515672e-05
8.5670257e-05
0.00011090008
0.00014788429
0.00020696743
0.00031545298
0.00056832849
0.0014409799
2.347559e-05
2.4543533e-05
2.6958194e-05
3.0817702e-05
3.6357595e-05
4.3928022e-05
5.4045861e-05
6.7514367e-05
8.5668518e-05
0.00011089803
0.00014788212
0.00020696543
0.00031545155
0.00056832842
0.0014409833
2.3476602e-05
2.4544459e-05
2.6958931e-05
3.0818151e-05
3.6357661e-05
4.3927634e-05
5.404498e-05
6.7513002e-05
8.5666732e-05
0.00011089595
0.00014787994
0.00020696341
0.00031545011
0.00056832828
0.0014409865
2.3477531e-05
2.4545303e-05
2.6959586e-05
3.0818517e-05
3.6357647e-05
4.3927171e-05
5.4044033e-05
6.7511583e-05
8.5664907e-05
0.00011089384
0.00014787774
0.00020696139
0.00031544866
0.00056832809
0.0014409893
2.3478379e-05
2.4546065e-05
2.696016e-05
3.0818803e-05
3.6357558e-05
4.3926638e-05
5.4043025e-05
6.7510114e-05
8.5663045e-05
0.00011089171
0.00014787553
0.00020695937
0.0003154472
0.00056832785
0.001440992
2.3479149e-05
2.454675e-05
2.6960656e-05
3.0819015e-05
3.6357396e-05
4.3926039e-05
5.4041959e-05
6.7508599e-05
8.5661152e-05
0.00011088957
0.00014787332
0.00020695735
0.00031544573
0.00056832755
0.0014409943
2.3479843e-05
2.4547359e-05
2.6961078e-05
3.0819153e-05
3.6357167e-05
4.3925378e-05
5.4040841e-05
6.7507045e-05
8.5659233e-05
0.00011088741
0.00014787111
0.00020695534
0.00031544426
0.00056832721
0.0014409964
2.3480465e-05
2.4547896e-05
2.6961429e-05
3.0819223e-05
3.6356872e-05
4.392466e-05
5.4039676e-05
6.7505454e-05
8.5657291e-05
0.00011088524
0.0001478689
0.00020695333
0.00031544279
0.00056832682
0.0014409983
2.3481016e-05
2.4548363e-05
2.6961712e-05
3.0819228e-05
3.6356517e-05
4.3923887e-05
5.4038466e-05
6.7503831e-05
8.5655331e-05
0.00011088307
0.0001478667
0.00020695133
0.00031544132
0.0005683264
0.001441
2.34815e-05
2.4548763e-05
2.6961928e-05
3.0819169e-05
3.6356104e-05
4.3923065e-05
5.4037216e-05
6.7502181e-05
8.5653356e-05
0.0001108809
0.00014786451
0.00020694935
0.00031543986
0.00056832595
0.0014410015
2.3481918e-05
2.4549099e-05
2.6962082e-05
3.0819052e-05
3.6355637e-05
4.3922197e-05
5.403593e-05
6.7500507e-05
8.5651372e-05
0.00011087873
0.00014786233
0.00020694739
0.00031543841
0.00056832548
0.0014410028
2.3482274e-05
2.4549373e-05
2.6962177e-05
3.0818878e-05
3.635512e-05
4.3921286e-05
5.4034612e-05
6.7498813e-05
8.5649381e-05
0.00011087657
0.00014786017
0.00020694545
0.00031543698
0.000568325
0.001441004
2.3482569e-05
2.4549587e-05
2.6962214e-05
3.081865e-05
3.6354555e-05
4.3920335e-05
5.4033265e-05
6.7497103e-05
8.5647388e-05
0.00011087442
0.00014785803
0.00020694353
0.00031543556
0.00056832452
0.001441005
2.3482807e-05
2.4549744e-05
2.6962196e-05
3.0818372e-05
3.6353945e-05
4.3919349e-05
5.4031894e-05
6.7495381e-05
8.5645395e-05
0.00011087228
0.00014785591
0.00020694164
0.00031543417
0.00056832404
0.001441006
2.3482989e-05
2.4549847e-05
2.6962127e-05
3.0818047e-05
3.6353295e-05
4.391833e-05
5.40305e-05
6.7493648e-05
8.5643405e-05
0.00011087016
0.00014785382
0.00020693978
0.00031543281
0.00056832357
0.0014410068
2.3483119e-05
2.4549899e-05
2.6962008e-05
3.0817676e-05
3.6352606e-05
4.3917282e-05
5.4029087e-05
6.749191e-05
8.5641421e-05
0.00011086805
0.00014785175
0.00020693796
0.00031543148
0.00056832312
0.0014410076
2.3483198e-05
2.4549901e-05
2.6961843e-05
3.0817264e-05
3.6351881e-05
4.3916207e-05
5.4027659e-05
6.7490167e-05
8.5639447e-05
0.00011086597
0.00014784972
0.00020693616
0.00031543017
0.00056832267
0.0014410083
2.3483228e-05
2.4549855e-05
2.6961633e-05
3.0816811e-05
3.6351124e-05
4.3915107e-05
5.4026217e-05
6.7488423e-05
8.5637483e-05
0.0001108639
0.00014784771
0.00020693441
0.0003154289
0.00056832222
0.0014410089
2.3483213e-05
2.4549766e-05
2.6961382e-05
3.0816322e-05
3.6350336e-05
4.3913987e-05
5.4024764e-05
6.748668e-05
8.5635532e-05
0.00011086187
0.00014784574
0.00020693268
0.00031542765
0.00056832178
0.0014410095
2.3483154e-05
2.4549633e-05
2.6961091e-05
3.0815798e-05
3.6349521e-05
4.3912847e-05
5.4023304e-05
6.748494e-05
8.5633595e-05
0.00011085985
0.00014784379
0.00020693099
0.00031542642
0.00056832132
0.0014410099
2.3483053e-05
2.454946e-05
2.6960763e-05
3.0815242e-05
3.634868e-05
4.3911692e-05
5.4021837e-05
6.7483206e-05
8.5631675e-05
0.00011085786
0.00014784188
0.00020692933
0.00031542521
0.00056832083
0.0014410101
2.3482913e-05
2.454925e-05
2.69604e-05
3.0814656e-05
3.6347817e-05
4.3910523e-05
5.4020367e-05
6.7481479e-05
8.5629773e-05
0.0001108559
0.00014784
0.0002069277
0.00031542401
0.0005683203
0.0014410102
2.3482735e-05
2.4549003e-05
2.6960004e-05
3.0814043e-05
3.6346933e-05
4.3909342e-05
5.4018896e-05
6.7479761e-05
8.562789e-05
0.00011085396
0.00014783815
0.00020692609
0.00031542282
0.00056831972
0.00144101
2.3482522e-05
2.4548723e-05
2.6959578e-05
3.0813405e-05
3.6346032e-05
4.3908152e-05
5.4017425e-05
6.7478055e-05
8.5626027e-05
0.00011085206
0.00014783633
0.00020692451
0.00031542163
0.00056831907
0.0014410096
2.3482276e-05
2.4548411e-05
2.6959124e-05
3.0812743e-05
3.6345114e-05
4.3906955e-05
5.4015958e-05
6.7476362e-05
8.5624187e-05
0.00011085018
0.00014783454
0.00020692295
0.00031542044
0.00056831835
0.0014410089
2.3481999e-05
2.4548069e-05
2.6958643e-05
3.0812061e-05
3.6344184e-05
4.3905754e-05
5.4014496e-05
6.7474684e-05
8.562237e-05
0.00011084833
0.00014783278
0.00020692141
0.00031541924
0.00056831753
0.0014410079
2.3481693e-05
2.45477e-05
2.6958139e-05
3.081136e-05
3.6343242e-05
4.390455e-05
5.4013041e-05
6.7473023e-05
8.5620579e-05
0.00011084651
0.00014783105
0.00020691989
0.00031541803
0.00056831665
0.0014410067
2.3481359e-05
2.4547305e-05
2.6957612e-05
3.0810643e-05
3.6342291e-05
4.3903346e-05
5.4011597e-05
6.7471382e-05
8.5618816e-05
0.00011084472
0.00014782936
0.0002069184
0.00031541683
0.0005683157
0.0014410052
2.3481e-05
2.4546886e-05
2.6957065e-05
3.0809911e-05
3.6341333e-05
4.3902145e-05
5.4010164e-05
6.7469762e-05
8.5617083e-05
0.00011084297
0.00014782769
0.00020691693
0.00031541563
0.0005683147
0.0014410034
2.3480617e-05
2.4546445e-05
2.69565e-05
3.0809167e-05
3.634037e-05
4.3900948e-05
5.4008746e-05
6.7468167e-05
8.5615383e-05
0.00011084125
0.00014782607
0.00020691549
0.00031541443
0.00056831368
0.0014410015
2.3480212e-05
2.4545984e-05
2.6955919e-05
3.0808412e-05
3.6339404e-05
4.3899756e-05
5.4007344e-05
6.7466597e-05
8.5613717e-05
0.00011083958
0.00014782449
0.00020691409
0.00031541327
0.00056831266
0.0014409995
2.3479787e-05
2.4545505e-05
2.6955323e-05
3.0807648e-05
3.6338437e-05
4.3898573e-05
5.400596e-05
6.7465056e-05
8.5612088e-05
0.00011083795
0.00014782295
0.00020691273
0.00031541214
0.00056831167
0.0014409976
2.3479343e-05
2.4545008e-05
2.6954714e-05
3.0806877e-05
3.633747e-05
4.38974e-05
5.4004596e-05
6.7463546e-05
8.5610498e-05
0.00011083637
0.00014782146
0.00020691142
0.00031541106
0.00056831075
0.0014409957
2.3478883e-05
2.4544496e-05
2.6954093e-05
3.08061e-05
3.6336505e-05
4.3896238e-05
5.4003253e-05
6.7462067e-05
8.5608951e-05
0.00011083484
0.00014782003
0.00020691017
0.00031541005
0.00056830996
0.0014409941
2.3478406e-05
2.454397e-05
2.6953461e-05
3.0805318e-05
3.6335544e-05
4.3895088e-05
5.4001933e-05
6.7460621e-05
8.5607446e-05
0.00011083335
0.00014781866
0.000206909
0.00031540913
0.00056830932
0.0014409929
2.3477915e-05
2.4543432e-05
2.6952821e-05
3.0804534e-05
3.6334587e-05
4.3893952e-05
5.4000636e-05
6.7459209e-05
8.5605985e-05
0.00011083193
0.00014781735
0.00020690789
0.00031540831
0.00056830888
0.001440992
2.3477411e-05
2.4542882e-05
2.6952173e-05
3.0803747e-05
3.6333635e-05
4.3892829e-05
5.3999364e-05
6.7457831e-05
8.5604568e-05
0.00011083055
0.00014781611
0.00020690687
0.0003154076
0.00056830863
0.0014409916
2.3476896e-05
2.4542322e-05
2.6951519e-05
3.0802959e-05
3.6332689e-05
4.3891722e-05
5.3998115e-05
6.7456487e-05
8.5603195e-05
0.00011082923
0.00014781493
0.00020690592
0.00031540698
0.00056830855
0.0014409916
2.347637e-05
2.4541753e-05
2.6950859e-05
3.080217e-05
3.6331749e-05
4.3890629e-05
5.3996891e-05
6.7455176e-05
8.5601865e-05
0.00011082796
0.00014781381
0.00020690504
0.00031540645
0.00056830861
0.0014409919
2.3475835e-05
2.4541176e-05
2.6950194e-05
3.0801383e-05
3.6330817e-05
4.3889551e-05
5.3995689e-05
6.7453897e-05
8.5600574e-05
0.00011082674
0.00014781275
0.00020690423
0.00031540599
0.00056830874
0.0014409925
2.3475292e-05
2.4540593e-05
2.6949527e-05
3.0800597e-05
3.6329893e-05
4.3888488e-05
5.3994511e-05
6.7452649e-05
8.559932e-05
0.00011082556
0.00014781173
0.00020690346
0.00031540557
0.00056830888
0.0014409932
2.3474742e-05
2.4540004e-05
2.6948857e-05
3.0799813e-05
3.6328977e-05
4.3887441e-05
5.3993355e-05
6.7451429e-05
8.5598101e-05
0.00011082442
0.00014781074
0.00020690272
0.00031540515
0.00056830897
0.0014409937
2.3474187e-05
2.4539411e-05
2.6948185e-05
3.0799032e-05
3.6328069e-05
4.3886408e-05
5.399222e-05
6.7450237e-05
8.5596913e-05
0.00011082331
0.00014780979
0.00020690199
0.00031540471
0.00056830891
0.001440994
2.3473627e-05
2.4538815e-05
2.6947513e-05
3.0798255e-05
3.6327172e-05
4.3885391e-05
5.3991107e-05
6.744907e-05
8.5595753e-05
0.00011082222
0.00014780886
0.00020690127
0.00031540424
0.00056830865
0.0014409939
2.3473064e-05
2.4538217e-05
2.6946843e-05
3.0797484e-05
3.6326284e-05
4.388439e-05
5.3990014e-05
6.7447928e-05
8.559462e-05
0.00011082116
0.00014780793
0.00020690054
0.00031540371
0.00056830817
0.0014409931
2.3472499e-05
2.4537619e-05
2.6946174e-05
3.0796719e-05
3.6325408e-05
4.3883406e-05
5.3988943e-05
6.744681e-05
8.5593511e-05
0.00011082012
0.00014780702
0.00020689979
0.0003154031
0.00056830742
0.0014409916
2.3471934e-05
2.4537021e-05
2.6945509e-05
3.0795961e-05
3.6324544e-05
4.3882438e-05
5.3987893e-05
6.7445717e-05
8.5592424e-05
0.0001108191
0.0001478061
0.00020689901
0.00031540239
0.00056830639
0.0014409893
2.3471368e-05
2.4536424e-05
2.6944849e-05
3.0795212e-05
3.6323694e-05
4.388149e-05
5.3986866e-05
6.7444648e-05
8.5591359e-05
0.00011081809
0.00014780519
0.0002068982
0.00031540159
0.00056830507
0.001440986
2.3470804e-05
2.4535831e-05
2.6944194e-05
3.0794473e-05
3.6322859e-05
4.3880562e-05
5.3985864e-05
6.7443604e-05
8.5590317e-05
0.00011081709
0.00014780427
0.00020689735
0.00031540069
0.00056830349
0.0014409819
2.3470243e-05
2.4535241e-05
2.6943547e-05
3.0793746e-05
3.6322041e-05
4.3879656e-05
5.3984887e-05
6.7442588e-05
8.55893e-05
0.00011081611
0.00014780335
0.00020689648
0.0003153997
0.00056830168
0.0014409771
2.3469685e-05
2.4534657e-05
2.6942908e-05
3.0793032e-05
3.6321242e-05
4.3878774e-05
5.3983939e-05
6.7441603e-05
8.5588312e-05
0.00011081515
0.00014780244
0.00020689558
0.00031539865
0.00056829971
0.0014409717
2.3469131e-05
2.4534079e-05
2.6942278e-05
3.0792332e-05
3.6320462e-05
4.3877918e-05
5.3983023e-05
6.7440652e-05
8.5587358e-05
0.00011081423
0.00014780155
0.00020689468
0.00031539756
0.00056829769
0.0014409659
2.3468581e-05
2.4533507e-05
2.6941659e-05
3.0791647e-05
3.6319704e-05
4.3877089e-05
5.398214e-05
6.7439739e-05
8.5586444e-05
0.00011081333
0.00014780068
0.00020689378
0.00031539647
0.00056829574
0.0014409602
2.3468038e-05
2.4532942e-05
2.694105e-05
3.0790978e-05
3.6318968e-05
4.3876291e-05
5.3981295e-05
6.7438869e-05
8.5585576e-05
0.00011081249
0.00014779985
0.00020689292
0.00031539544
0.00056829399
0.0014409548
2.34675e-05
2.4532385e-05
2.6940453e-05
3.0790326e-05
3.6318255e-05
4.3875523e-05
5.3980488e-05
6.7438047e-05
8.5584761e-05
0.0001108117
0.00014779909
0.00020689214
0.00031539452
0.00056829259
0.0014409502
2.3466968e-05
2.4531836e-05
2.6939867e-05
3.078969e-05
3.6317565e-05
4.3874786e-05
5.3979722e-05
6.7437275e-05
8.5584008e-05
0.00011081098
0.00014779841
0.00020689145
0.00031539377
0.00056829165
0.0014409468
2.3466442e-05
2.4531295e-05
2.6939292e-05
3.078907e-05
3.6316898e-05
4.3874081e-05
5.3978995e-05
6.7436553e-05
8.5583319e-05
0.00011081034
0.00014779783
0.00020689091
0.00031539325
0.00056829126
0.0014409448
2.3465922e-05
2.4530762e-05
2.6938728e-05
3.0788466e-05
3.6316254e-05
4.3873405e-05
5.3978308e-05
6.7435882e-05
8.5582693e-05
0.00011080979
0.00014779736
0.00020689055
0.00031539303
0.00056829151
0.0014409446
2.3465409e-05
2.4530236e-05
2.6938175e-05
3.0787877e-05
3.6315629e-05
4.3872756e-05
5.3977656e-05
6.7435256e-05
8.5582127e-05
0.00011080932
0.00014779701
0.00020689036
0.00031539313
0.00056829244
0.001440946
2.3464905e-05
2.4529721e-05
2.6937634e-05
3.0787305e-05
3.6315027e-05
4.3872135e-05
5.3977039e-05
6.7434674e-05
8.5581615e-05
0.00011080891
0.00014779676
0.00020689034
0.00031539352
0.00056829402
0.0014409491
)
;

boundaryField
{
    water_inlet
    {
        type            turbulentMixingLengthDissipationRateInlet;
        mixingLength    0.005;
        phi             phi;
        k               k;
        value           uniform 0.00011791765;
    }
    water_outlet
    {
        type            inletOutlet;
        inletValue      uniform 0.0001;
        value           nonuniform List<scalar> 
15
(
2.3464905e-05
2.4529721e-05
2.6937634e-05
3.0787305e-05
3.6315027e-05
4.3872135e-05
5.3977039e-05
6.7434674e-05
8.5581615e-05
0.00011080891
0.00014779676
0.00020689034
0.00031539352
0.00056829402
0.0014409491
)
;
    }
    water_wedge1
    {
        type            wedge;
    }
    water_wedge2
    {
        type            wedge;
    }
    water_to_rock
    {
        type            epsilonWallFunction;
        blending        stepwise;
        value           nonuniform List<scalar> 
400
(
0.00073980483
0.0010520452
0.0013270628
0.0015411415
0.0016895689
0.0017792142
0.0018218943
0.0018300463
0.0018145574
0.0017840405
0.001744886
0.0017016307
0.00165739
0.0016142425
0.0015735325
0.0015360911
0.0015023901
0.0014726449
0.0014468811
0.00142498
0.0014067117
0.0013917631
0.0013797649
0.0013703185
0.0013630208
0.0013574861
0.001353362
0.0013503406
0.0013481619
0.0013466143
0.00134553
0.0013447795
0.0013442658
0.0013439174
0.0013436835
0.0013435288
0.0013434302
0.001343373
0.0013433493
0.0013433553
0.0013433902
0.0013434553
0.0013435527
0.0013436849
0.0013438547
0.0013440645
0.0013443165
0.0013446125
0.0013449537
0.001345341
0.0013457749
0.0013462556
0.0013467828
0.001347356
0.0013479746
0.0013486378
0.0013493444
0.0013500934
0.0013508836
0.0013517137
0.0013525823
0.0013534881
0.0013544294
0.0013554045
0.001356411
0.001357447
0.0013585105
0.0013595997
0.0013607133
0.0013618503
0.0013630097
0.0013641909
0.0013653934
0.0013666164
0.001367859
0.0013691204
0.0013703998
0.0013716964
0.0013730095
0.0013743381
0.0013756815
0.0013770387
0.0013784091
0.0013797918
0.0013811859
0.0013825908
0.0013840055
0.0013854293
0.0013868614
0.001388301
0.0013897474
0.0013911997
0.0013926573
0.0013941193
0.001395585
0.0013970536
0.0013985243
0.0013999965
0.0014014692
0.0014029417
0.0014044133
0.001405883
0.0014073501
0.0014088137
0.0014102728
0.0014117266
0.0014131741
0.0014146143
0.0014160462
0.0014174686
0.0014188805
0.0014202805
0.0014216676
0.0014230404
0.0014243975
0.0014257376
0.0014270593
0.0014283611
0.0014296415
0.0014308991
0.0014321323
0.0014333396
0.0014345195
0.0014356706
0.0014367914
0.0014378807
0.001438937
0.0014399591
0.001440946
0.0014418966
0.00144281
0.0014436853
0.0014445219
0.0014453192
0.0014460769
0.0014467946
0.0014474721
0.0014481095
0.0014487069
0.0014492645
0.0014497826
0.0014502617
0.0014507025
0.0014511055
0.0014514716
0.0014518016
0.0014520964
0.0014523571
0.0014525846
0.0014527802
0.0014529449
0.0014530799
0.0014531864
0.0014532657
0.0014533189
0.0014533474
0.0014533523
0.0014533349
0.0014532964
0.0014532381
0.0014531611
0.0014530665
0.0014529556
0.0014528295
0.0014526891
0.0014525357
0.0014523702
0.0014521936
0.0014520068
0.0014518108
0.0014516062
0.0014513937
0.001451174
0.0014509477
0.0014507155
0.0014504783
0.0014502367
0.0014499915
0.0014497434
0.001449493
0.001449241
0.001448988
0.0014487344
0.0014484807
0.0014482275
0.0014479752
0.0014477242
0.0014474749
0.0014472276
0.0014469826
0.0014467403
0.0014465009
0.0014462647
0.0014460319
0.0014458027
0.0014455772
0.0014453558
0.0014451385
0.0014449254
0.0014447168
0.0014445126
0.001444313
0.0014441181
0.001443928
0.0014437426
0.001443562
0.0014433864
0.0014432156
0.0014430497
0.0014428887
0.0014427327
0.0014425815
0.0014424353
0.0014422939
0.0014421573
0.0014420255
0.0014418985
0.0014417762
0.0014416586
0.0014415456
0.0014414371
0.0014413331
0.0014412335
0.0014411382
0.0014410473
0.0014409605
0.0014408779
0.0014407993
0.0014407247
0.001440654
0.001440587
0.0014405238
0.0014404642
0.0014404081
0.0014403555
0.0014403062
0.0014402602
0.0014402174
0.0014401777
0.001440141
0.0014401072
0.0014400762
0.0014400479
0.0014400223
0.0014399992
0.0014399786
0.0014399604
0.0014399445
0.0014399308
0.0014399192
0.0014399097
0.0014399021
0.0014398964
0.0014398925
0.0014398903
0.0014398897
0.0014398907
0.0014398932
0.0014398971
0.0014399023
0.0014399088
0.0014399165
0.0014399254
0.0014399353
0.0014399462
0.0014399581
0.0014399708
0.0014399844
0.0014399987
0.0014400137
0.0014400294
0.0014400457
0.0014400625
0.0014400797
0.0014400973
0.0014401153
0.0014401336
0.0014401521
0.0014401708
0.0014401897
0.0014402088
0.0014402281
0.0014402474
0.0014402667
0.0014402862
0.0014403056
0.001440325
0.0014403444
0.0014403637
0.001440383
0.0014404021
0.0014404211
0.0014404399
0.0014404586
0.001440477
0.0014404953
0.0014405133
0.0014405311
0.0014405486
0.0014405658
0.0014405827
0.0014405994
0.0014406157
0.0014406317
0.0014406474
0.0014406628
0.0014406778
0.0014406925
0.0014407068
0.0014407208
0.0014407344
0.0014407477
0.0014407606
0.0014407731
0.0014407853
0.0014407971
0.0014408086
0.0014408197
0.0014408304
0.0014408407
0.0014408507
0.0014408603
0.0014408695
0.0014408784
0.0014408869
0.0014408951
0.0014409029
0.0014409103
0.0014409175
0.0014409243
0.0014409308
0.0014409369
0.0014409428
0.0014409484
0.0014409537
0.0014409588
0.0014409636
0.001440968
0.0014409723
0.0014409762
0.0014409799
0.0014409833
0.0014409865
0.0014409893
0.001440992
0.0014409943
0.0014409964
0.0014409983
0.001441
0.0014410015
0.0014410028
0.001441004
0.001441005
0.001441006
0.0014410068
0.0014410076
0.0014410083
0.0014410089
0.0014410095
0.0014410099
0.0014410101
0.0014410102
0.00144101
0.0014410096
0.0014410089
0.0014410079
0.0014410067
0.0014410052
0.0014410034
0.0014410015
0.0014409995
0.0014409976
0.0014409957
0.0014409941
0.0014409929
0.001440992
0.0014409916
0.0014409916
0.0014409919
0.0014409925
0.0014409932
0.0014409937
0.001440994
0.0014409939
0.0014409931
0.0014409916
0.0014409893
0.001440986
0.0014409819
0.0014409771
0.0014409717
0.0014409659
0.0014409602
0.0014409548
0.0014409502
0.0014409468
0.0014409448
0.0014409446
0.001440946
0.0014409491
)
;
    }
}


// ************************************************************************* //
