/*--------------------------------*- C++ -*----------------------------------*\
| =========                 |                                                 |
| \\      /  F ield         | OpenFOAM: The Open Source CFD Toolbox           |
|  \\    /   O peration     | Version:  2506                                  |
|   \\  /    A nd           | Website:  www.openfoam.com                      |
|    \\/     M anipulation  |                                                 |
\*---------------------------------------------------------------------------*/
FoamFile
{
    version     2.0;
    format      ascii;
    arch        "LSB;label=32;scalar=64";
    note        "nPoints:17487  nCells:8600  nFaces:34443  nInternalFaces:16957";
    class       labelList;
    location    "constant/polyMesh";
    object      neighbour;
}
// * * * * * * * * * * * * * * * * * * * * * * * * * * * * * * * * * * * * * //


16957
(
1
13
2
14
3
15
4
16
5
17
6
18
7
19
8
20
9
21
10
22
11
23
12
24
25
2600
14
26
15
27
16
28
17
29
18
30
19
31
20
32
21
33
22
34
23
35
24
36
25
37
38
2630
27
39
28
40
29
41
30
42
31
43
32
44
33
45
34
46
35
47
36
48
37
49
38
50
51
2660
40
52
41
53
42
54
43
55
44
56
45
57
46
58
47
59
48
60
49
61
50
62
51
63
64
2690
53
65
54
66
55
67
56
68
57
69
58
70
59
71
60
72
61
73
62
74
63
75
64
76
77
2720
66
78
67
79
68
80
69
81
70
82
71
83
72
84
73
85
74
86
75
87
76
88
77
89
90
2750
79
91
80
92
81
93
82
94
83
95
84
96
85
97
86
98
87
99
88
100
89
101
90
102
103
2780
92
104
93
105
94
106
95
107
96
108
97
109
98
110
99
111
100
112
101
113
102
114
103
115
116
2810
105
117
106
118
107
119
108
120
109
121
110
122
111
123
112
124
113
125
114
126
115
127
116
128
129
2840
118
130
119
131
120
132
121
133
122
134
123
135
124
136
125
137
126
138
127
139
128
140
129
141
142
2870
131
143
132
144
133
145
134
146
135
147
136
148
137
149
138
150
139
151
140
152
141
153
142
154
155
2900
144
156
145
157
146
158
147
159
148
160
149
161
150
162
151
163
152
164
153
165
154
166
155
167
168
2930
157
169
158
170
159
171
160
172
161
173
162
174
163
175
164
176
165
177
166
178
167
179
168
180
181
2960
170
182
171
183
172
184
173
185
174
186
175
187
176
188
177
189
178
190
179
191
180
192
181
193
194
2990
183
195
184
196
185
197
186
198
187
199
188
200
189
201
190
202
191
203
192
204
193
205
194
206
207
3020
196
208
197
209
198
210
199
211
200
212
201
213
202
214
203
215
204
216
205
217
206
218
207
219
220
3050
209
221
210
222
211
223
212
224
213
225
214
226
215
227
216
228
217
229
218
230
219
231
220
232
233
3080
222
234
223
235
224
236
225
237
226
238
227
239
228
240
229
241
230
242
231
243
232
244
233
245
246
3110
235
247
236
248
237
249
238
250
239
251
240
252
241
253
242
254
243
255
244
256
245
257
246
258
259
3140
248
260
249
261
250
262
251
263
252
264
253
265
254
266
255
267
256
268
257
269
258
270
259
271
272
3170
261
273
262
274
263
275
264
276
265
277
266
278
267
279
268
280
269
281
270
282
271
283
272
284
285
3200
274
286
275
287
276
288
277
289
278
290
279
291
280
292
281
293
282
294
283
295
284
296
285
297
298
3230
287
299
288
300
289
301
290
302
291
303
292
304
293
305
294
306
295
307
296
308
297
309
298
310
311
3260
300
312
301
313
302
314
303
315
304
316
305
317
306
318
307
319
308
320
309
321
310
322
311
323
324
3290
313
325
314
326
315
327
316
328
317
329
318
330
319
331
320
332
321
333
322
334
323
335
324
336
337
3320
326
338
327
339
328
340
329
341
330
342
331
343
332
344
333
345
334
346
335
347
336
348
337
349
350
3350
339
351
340
352
341
353
342
354
343
355
344
356
345
357
346
358
347
359
348
360
349
361
350
362
363
3380
352
364
353
365
354
366
355
367
356
368
357
369
358
370
359
371
360
372
361
373
362
374
363
375
376
3410
365
377
366
378
367
379
368
380
369
381
370
382
371
383
372
384
373
385
374
386
375
387
376
388
389
3440
378
390
379
391
380
392
381
393
382
394
383
395
384
396
385
397
386
398
387
399
388
400
389
401
402
3470
391
403
392
404
393
405
394
406
395
407
396
408
397
409
398
410
399
411
400
412
401
413
402
414
415
3500
404
416
405
417
406
418
407
419
408
420
409
421
410
422
411
423
412
424
413
425
414
426
415
427
428
3530
417
429
418
430
419
431
420
432
421
433
422
434
423
435
424
436
425
437
426
438
427
439
428
440
441
3560
430
442
431
443
432
444
433
445
434
446
435
447
436
448
437
449
438
450
439
451
440
452
441
453
454
3590
443
455
444
456
445
457
446
458
447
459
448
460
449
461
450
462
451
463
452
464
453
465
454
466
467
3620
456
468
457
469
458
470
459
471
460
472
461
473
462
474
463
475
464
476
465
477
466
478
467
479
480
3650
469
481
470
482
471
483
472
484
473
485
474
486
475
487
476
488
477
489
478
490
479
491
480
492
493
3680
482
494
483
495
484
496
485
497
486
498
487
499
488
500
489
501
490
502
491
503
492
504
493
505
506
3710
495
507
496
508
497
509
498
510
499
511
500
512
501
513
502
514
503
515
504
516
505
517
506
518
519
3740
508
520
509
521
510
522
511
523
512
524
513
525
514
526
515
527
516
528
517
529
518
530
519
531
532
3770
521
533
522
534
523
535
524
536
525
537
526
538
527
539
528
540
529
541
530
542
531
543
532
544
545
3800
534
546
535
547
536
548
537
549
538
550
539
551
540
552
541
553
542
554
543
555
544
556
545
557
558
3830
547
559
548
560
549
561
550
562
551
563
552
564
553
565
554
566
555
567
556
568
557
569
558
570
571
3860
560
572
561
573
562
574
563
575
564
576
565
577
566
578
567
579
568
580
569
581
570
582
571
583
584
3890
573
585
574
586
575
587
576
588
577
589
578
590
579
591
580
592
581
593
582
594
583
595
584
596
597
3920
586
598
587
599
588
600
589
601
590
602
591
603
592
604
593
605
594
606
595
607
596
608
597
609
610
3950
599
611
600
612
601
613
602
614
603
615
604
616
605
617
606
618
607
619
608
620
609
621
610
622
623
3980
612
624
613
625
614
626
615
627
616
628
617
629
618
630
619
631
620
632
621
633
622
634
623
635
636
4010
625
637
626
638
627
639
628
640
629
641
630
642
631
643
632
644
633
645
634
646
635
647
636
648
649
4040
638
650
639
651
640
652
641
653
642
654
643
655
644
656
645
657
646
658
647
659
648
660
649
661
662
4070
651
663
652
664
653
665
654
666
655
667
656
668
657
669
658
670
659
671
660
672
661
673
662
674
675
4100
664
676
665
677
666
678
667
679
668
680
669
681
670
682
671
683
672
684
673
685
674
686
675
687
688
4130
677
689
678
690
679
691
680
692
681
693
682
694
683
695
684
696
685
697
686
698
687
699
688
700
701
4160
690
702
691
703
692
704
693
705
694
706
695
707
696
708
697
709
698
710
699
711
700
712
701
713
714
4190
703
715
704
716
705
717
706
718
707
719
708
720
709
721
710
722
711
723
712
724
713
725
714
726
727
4220
716
728
717
729
718
730
719
731
720
732
721
733
722
734
723
735
724
736
725
737
726
738
727
739
740
4250
729
741
730
742
731
743
732
744
733
745
734
746
735
747
736
748
737
749
738
750
739
751
740
752
753
4280
742
754
743
755
744
756
745
757
746
758
747
759
748
760
749
761
750
762
751
763
752
764
753
765
766
4310
755
767
756
768
757
769
758
770
759
771
760
772
761
773
762
774
763
775
764
776
765
777
766
778
779
4340
768
780
769
781
770
782
771
783
772
784
773
785
774
786
775
787
776
788
777
789
778
790
779
791
792
4370
781
793
782
794
783
795
784
796
785
797
786
798
787
799
788
800
789
801
790
802
791
803
792
804
805
4400
794
806
795
807
796
808
797
809
798
810
799
811
800
812
801
813
802
814
803
815
804
816
805
817
818
4430
807
819
808
820
809
821
810
822
811
823
812
824
813
825
814
826
815
827
816
828
817
829
818
830
831
4460
820
832
821
833
822
834
823
835
824
836
825
837
826
838
827
839
828
840
829
841
830
842
831
843
844
4490
833
845
834
846
835
847
836
848
837
849
838
850
839
851
840
852
841
853
842
854
843
855
844
856
857
4520
846
858
847
859
848
860
849
861
850
862
851
863
852
864
853
865
854
866
855
867
856
868
857
869
870
4550
859
871
860
872
861
873
862
874
863
875
864
876
865
877
866
878
867
879
868
880
869
881
870
882
883
4580
872
884
873
885
874
886
875
887
876
888
877
889
878
890
879
891
880
892
881
893
882
894
883
895
896
4610
885
897
886
898
887
899
888
900
889
901
890
902
891
903
892
904
893
905
894
906
895
907
896
908
909
4640
898
910
899
911
900
912
901
913
902
914
903
915
904
916
905
917
906
918
907
919
908
920
909
921
922
4670
911
923
912
924
913
925
914
926
915
927
916
928
917
929
918
930
919
931
920
932
921
933
922
934
935
4700
924
936
925
937
926
938
927
939
928
940
929
941
930
942
931
943
932
944
933
945
934
946
935
947
948
4730
937
949
938
950
939
951
940
952
941
953
942
954
943
955
944
956
945
957
946
958
947
959
948
960
961
4760
950
962
951
963
952
964
953
965
954
966
955
967
956
968
957
969
958
970
959
971
960
972
961
973
974
4790
963
975
964
976
965
977
966
978
967
979
968
980
969
981
970
982
971
983
972
984
973
985
974
986
987
4820
976
988
977
989
978
990
979
991
980
992
981
993
982
994
983
995
984
996
985
997
986
998
987
999
1000
4850
989
1001
990
1002
991
1003
992
1004
993
1005
994
1006
995
1007
996
1008
997
1009
998
1010
999
1011
1000
1012
1013
4880
1002
1014
1003
1015
1004
1016
1005
1017
1006
1018
1007
1019
1008
1020
1009
1021
1010
1022
1011
1023
1012
1024
1013
1025
1026
4910
1015
1027
1016
1028
1017
1029
1018
1030
1019
1031
1020
1032
1021
1033
1022
1034
1023
1035
1024
1036
1025
1037
1026
1038
1039
4940
1028
1040
1029
1041
1030
1042
1031
1043
1032
1044
1033
1045
1034
1046
1035
1047
1036
1048
1037
1049
1038
1050
1039
1051
1052
4970
1041
1053
1042
1054
1043
1055
1044
1056
1045
1057
1046
1058
1047
1059
1048
1060
1049
1061
1050
1062
1051
1063
1052
1064
1065
5000
1054
1066
1055
1067
1056
1068
1057
1069
1058
1070
1059
1071
1060
1072
1061
1073
1062
1074
1063
1075
1064
1076
1065
1077
1078
5030
1067
1079
1068
1080
1069
1081
1070
1082
1071
1083
1072
1084
1073
1085
1074
1086
1075
1087
1076
1088
1077
1089
1078
1090
1091
5060
1080
1092
1081
1093
1082
1094
1083
1095
1084
1096
1085
1097
1086
1098
1087
1099
1088
1100
1089
1101
1090
1102
1091
1103
1104
5090
1093
1105
1094
1106
1095
1107
1096
1108
1097
1109
1098
1110
1099
1111
1100
1112
1101
1113
1102
1114
1103
1115
1104
1116
1117
5120
1106
1118
1107
1119
1108
1120
1109
1121
1110
1122
1111
1123
1112
1124
1113
1125
1114
1126
1115
1127
1116
1128
1117
1129
1130
5150
1119
1131
1120
1132
1121
1133
1122
1134
1123
1135
1124
1136
1125
1137
1126
1138
1127
1139
1128
1140
1129
1141
1130
1142
1143
5180
1132
1144
1133
1145
1134
1146
1135
1147
1136
1148
1137
1149
1138
1150
1139
1151
1140
1152
1141
1153
1142
1154
1143
1155
1156
5210
1145
1157
1146
1158
1147
1159
1148
1160
1149
1161
1150
1162
1151
1163
1152
1164
1153
1165
1154
1166
1155
1167
1156
1168
1169
5240
1158
1170
1159
1171
1160
1172
1161
1173
1162
1174
1163
1175
1164
1176
1165
1177
1166
1178
1167
1179
1168
1180
1169
1181
1182
5270
1171
1183
1172
1184
1173
1185
1174
1186
1175
1187
1176
1188
1177
1189
1178
1190
1179
1191
1180
1192
1181
1193
1182
1194
1195
5300
1184
1196
1185
1197
1186
1198
1187
1199
1188
1200
1189
1201
1190
1202
1191
1203
1192
1204
1193
1205
1194
1206
1195
1207
1208
5330
1197
1209
1198
1210
1199
1211
1200
1212
1201
1213
1202
1214
1203
1215
1204
1216
1205
1217
1206
1218
1207
1219
1208
1220
1221
5360
1210
1222
1211
1223
1212
1224
1213
1225
1214
1226
1215
1227
1216
1228
1217
1229
1218
1230
1219
1231
1220
1232
1221
1233
1234
5390
1223
1235
1224
1236
1225
1237
1226
1238
1227
1239
1228
1240
1229
1241
1230
1242
1231
1243
1232
1244
1233
1245
1234
1246
1247
5420
1236
1248
1237
1249
1238
1250
1239
1251
1240
1252
1241
1253
1242
1254
1243
1255
1244
1256
1245
1257
1246
1258
1247
1259
1260
5450
1249
1261
1250
1262
1251
1263
1252
1264
1253
1265
1254
1266
1255
1267
1256
1268
1257
1269
1258
1270
1259
1271
1260
1272
1273
5480
1262
1274
1263
1275
1264
1276
1265
1277
1266
1278
1267
1279
1268
1280
1269
1281
1270
1282
1271
1283
1272
1284
1273
1285
1286
5510
1275
1287
1276
1288
1277
1289
1278
1290
1279
1291
1280
1292
1281
1293
1282
1294
1283
1295
1284
1296
1285
1297
1286
1298
1299
5540
1288
1300
1289
1301
1290
1302
1291
1303
1292
1304
1293
1305
1294
1306
1295
1307
1296
1308
1297
1309
1298
1310
1299
1311
1312
5570
1301
1313
1302
1314
1303
1315
1304
1316
1305
1317
1306
1318
1307
1319
1308
1320
1309
1321
1310
1322
1311
1323
1312
1324
1325
5600
1314
1326
1315
1327
1316
1328
1317
1329
1318
1330
1319
1331
1320
1332
1321
1333
1322
1334
1323
1335
1324
1336
1325
1337
1338
5630
1327
1339
1328
1340
1329
1341
1330
1342
1331
1343
1332
1344
1333
1345
1334
1346
1335
1347
1336
1348
1337
1349
1338
1350
1351
5660
1340
1352
1341
1353
1342
1354
1343
1355
1344
1356
1345
1357
1346
1358
1347
1359
1348
1360
1349
1361
1350
1362
1351
1363
1364
5690
1353
1365
1354
1366
1355
1367
1356
1368
1357
1369
1358
1370
1359
1371
1360
1372
1361
1373
1362
1374
1363
1375
1364
1376
1377
5720
1366
1378
1367
1379
1368
1380
1369
1381
1370
1382
1371
1383
1372
1384
1373
1385
1374
1386
1375
1387
1376
1388
1377
1389
1390
5750
1379
1391
1380
1392
1381
1393
1382
1394
1383
1395
1384
1396
1385
1397
1386
1398
1387
1399
1388
1400
1389
1401
1390
1402
1403
5780
1392
1404
1393
1405
1394
1406
1395
1407
1396
1408
1397
1409
1398
1410
1399
1411
1400
1412
1401
1413
1402
1414
1403
1415
1416
5810
1405
1417
1406
1418
1407
1419
1408
1420
1409
1421
1410
1422
1411
1423
1412
1424
1413
1425
1414
1426
1415
1427
1416
1428
1429
5840
1418
1430
1419
1431
1420
1432
1421
1433
1422
1434
1423
1435
1424
1436
1425
1437
1426
1438
1427
1439
1428
1440
1429
1441
1442
5870
1431
1443
1432
1444
1433
1445
1434
1446
1435
1447
1436
1448
1437
1449
1438
1450
1439
1451
1440
1452
1441
1453
1442
1454
1455
5900
1444
1456
1445
1457
1446
1458
1447
1459
1448
1460
1449
1461
1450
1462
1451
1463
1452
1464
1453
1465
1454
1466
1455
1467
1468
5930
1457
1469
1458
1470
1459
1471
1460
1472
1461
1473
1462
1474
1463
1475
1464
1476
1465
1477
1466
1478
1467
1479
1468
1480
1481
5960
1470
1482
1471
1483
1472
1484
1473
1485
1474
1486
1475
1487
1476
1488
1477
1489
1478
1490
1479
1491
1480
1492
1481
1493
1494
5990
1483
1495
1484
1496
1485
1497
1486
1498
1487
1499
1488
1500
1489
1501
1490
1502
1491
1503
1492
1504
1493
1505
1494
1506
1507
6020
1496
1508
1497
1509
1498
1510
1499
1511
1500
1512
1501
1513
1502
1514
1503
1515
1504
1516
1505
1517
1506
1518
1507
1519
1520
6050
1509
1521
1510
1522
1511
1523
1512
1524
1513
1525
1514
1526
1515
1527
1516
1528
1517
1529
1518
1530
1519
1531
1520
1532
1533
6080
1522
1534
1523
1535
1524
1536
1525
1537
1526
1538
1527
1539
1528
1540
1529
1541
1530
1542
1531
1543
1532
1544
1533
1545
1546
6110
1535
1547
1536
1548
1537
1549
1538
1550
1539
1551
1540
1552
1541
1553
1542
1554
1543
1555
1544
1556
1545
1557
1546
1558
1559
6140
1548
1560
1549
1561
1550
1562
1551
1563
1552
1564
1553
1565
1554
1566
1555
1567
1556
1568
1557
1569
1558
1570
1559
1571
1572
6170
1561
1573
1562
1574
1563
1575
1564
1576
1565
1577
1566
1578
1567
1579
1568
1580
1569
1581
1570
1582
1571
1583
1572
1584
1585
6200
1574
1586
1575
1587
1576
1588
1577
1589
1578
1590
1579
1591
1580
1592
1581
1593
1582
1594
1583
1595
1584
1596
1585
1597
1598
6230
1587
1599
1588
1600
1589
1601
1590
1602
1591
1603
1592
1604
1593
1605
1594
1606
1595
1607
1596
1608
1597
1609
1598
1610
1611
6260
1600
1612
1601
1613
1602
1614
1603
1615
1604
1616
1605
1617
1606
1618
1607
1619
1608
1620
1609
1621
1610
1622
1611
1623
1624
6290
1613
1625
1614
1626
1615
1627
1616
1628
1617
1629
1618
1630
1619
1631
1620
1632
1621
1633
1622
1634
1623
1635
1624
1636
1637
6320
1626
1638
1627
1639
1628
1640
1629
1641
1630
1642
1631
1643
1632
1644
1633
1645
1634
1646
1635
1647
1636
1648
1637
1649
1650
6350
1639
1651
1640
1652
1641
1653
1642
1654
1643
1655
1644
1656
1645
1657
1646
1658
1647
1659
1648
1660
1649
1661
1650
1662
1663
6380
1652
1664
1653
1665
1654
1666
1655
1667
1656
1668
1657
1669
1658
1670
1659
1671
1660
1672
1661
1673
1662
1674
1663
1675
1676
6410
1665
1677
1666
1678
1667
1679
1668
1680
1669
1681
1670
1682
1671
1683
1672
1684
1673
1685
1674
1686
1675
1687
1676
1688
1689
6440
1678
1690
1679
1691
1680
1692
1681
1693
1682
1694
1683
1695
1684
1696
1685
1697
1686
1698
1687
1699
1688
1700
1689
1701
1702
6470
1691
1703
1692
1704
1693
1705
1694
1706
1695
1707
1696
1708
1697
1709
1698
1710
1699
1711
1700
1712
1701
1713
1702
1714
1715
6500
1704
1716
1705
1717
1706
1718
1707
1719
1708
1720
1709
1721
1710
1722
1711
1723
1712
1724
1713
1725
1714
1726
1715
1727
1728
6530
1717
1729
1718
1730
1719
1731
1720
1732
1721
1733
1722
1734
1723
1735
1724
1736
1725
1737
1726
1738
1727
1739
1728
1740
1741
6560
1730
1742
1731
1743
1732
1744
1733
1745
1734
1746
1735
1747
1736
1748
1737
1749
1738
1750
1739
1751
1740
1752
1741
1753
1754
6590
1743
1755
1744
1756
1745
1757
1746
1758
1747
1759
1748
1760
1749
1761
1750
1762
1751
1763
1752
1764
1753
1765
1754
1766
1767
6620
1756
1768
1757
1769
1758
1770
1759
1771
1760
1772
1761
1773
1762
1774
1763
1775
1764
1776
1765
1777
1766
1778
1767
1779
1780
6650
1769
1781
1770
1782
1771
1783
1772
1784
1773
1785
1774
1786
1775
1787
1776
1788
1777
1789
1778
1790
1779
1791
1780
1792
1793
6680
1782
1794
1783
1795
1784
1796
1785
1797
1786
1798
1787
1799
1788
1800
1789
1801
1790
1802
1791
1803
1792
1804
1793
1805
1806
6710
1795
1807
1796
1808
1797
1809
1798
1810
1799
1811
1800
1812
1801
1813
1802
1814
1803
1815
1804
1816
1805
1817
1806
1818
1819
6740
1808
1820
1809
1821
1810
1822
1811
1823
1812
1824
1813
1825
1814
1826
1815
1827
1816
1828
1817
1829
1818
1830
1819
1831
1832
6770
1821
1833
1822
1834
1823
1835
1824
1836
1825
1837
1826
1838
1827
1839
1828
1840
1829
1841
1830
1842
1831
1843
1832
1844
1845
6800
1834
1846
1835
1847
1836
1848
1837
1849
1838
1850
1839
1851
1840
1852
1841
1853
1842
1854
1843
1855
1844
1856
1845
1857
1858
6830
1847
1859
1848
1860
1849
1861
1850
1862
1851
1863
1852
1864
1853
1865
1854
1866
1855
1867
1856
1868
1857
1869
1858
1870
1871
6860
1860
1872
1861
1873
1862
1874
1863
1875
1864
1876
1865
1877
1866
1878
1867
1879
1868
1880
1869
1881
1870
1882
1871
1883
1884
6890
1873
1885
1874
1886
1875
1887
1876
1888
1877
1889
1878
1890
1879
1891
1880
1892
1881
1893
1882
1894
1883
1895
1884
1896
1897
6920
1886
1898
1887
1899
1888
1900
1889
1901
1890
1902
1891
1903
1892
1904
1893
1905
1894
1906
1895
1907
1896
1908
1897
1909
1910
6950
1899
1911
1900
1912
1901
1913
1902
1914
1903
1915
1904
1916
1905
1917
1906
1918
1907
1919
1908
1920
1909
1921
1910
1922
1923
6980
1912
1924
1913
1925
1914
1926
1915
1927
1916
1928
1917
1929
1918
1930
1919
1931
1920
1932
1921
1933
1922
1934
1923
1935
1936
7010
1925
1937
1926
1938
1927
1939
1928
1940
1929
1941
1930
1942
1931
1943
1932
1944
1933
1945
1934
1946
1935
1947
1936
1948
1949
7040
1938
1950
1939
1951
1940
1952
1941
1953
1942
1954
1943
1955
1944
1956
1945
1957
1946
1958
1947
1959
1948
1960
1949
1961
1962
7070
1951
1963
1952
1964
1953
1965
1954
1966
1955
1967
1956
1968
1957
1969
1958
1970
1959
1971
1960
1972
1961
1973
1962
1974
1975
7100
1964
1976
1965
1977
1966
1978
1967
1979
1968
1980
1969
1981
1970
1982
1971
1983
1972
1984
1973
1985
1974
1986
1975
1987
1988
7130
1977
1989
1978
1990
1979
1991
1980
1992
1981
1993
1982
1994
1983
1995
1984
1996
1985
1997
1986
1998
1987
1999
1988
2000
2001
7160
1990
2002
1991
2003
1992
2004
1993
2005
1994
2006
1995
2007
1996
2008
1997
2009
1998
2010
1999
2011
2000
2012
2001
2013
2014
7190
2003
2015
2004
2016
2005
2017
2006
2018
2007
2019
2008
2020
2009
2021
2010
2022
2011
2023
2012
2024
2013
2025
2014
2026
2027
7220
2016
2028
2017
2029
2018
2030
2019
2031
2020
2032
2021
2033
2022
2034
2023
2035
2024
2036
2025
2037
2026
2038
2027
2039
2040
7250
2029
2041
2030
2042
2031
2043
2032
2044
2033
2045
2034
2046
2035
2047
2036
2048
2037
2049
2038
2050
2039
2051
2040
2052
2053
7280
2042
2054
2043
2055
2044
2056
2045
2057
2046
2058
2047
2059
2048
2060
2049
2061
2050
2062
2051
2063
2052
2064
2053
2065
2066
7310
2055
2067
2056
2068
2057
2069
2058
2070
2059
2071
2060
2072
2061
2073
2062
2074
2063
2075
2064
2076
2065
2077
2066
2078
2079
7340
2068
2080
2069
2081
2070
2082
2071
2083
2072
2084
2073
2085
2074
2086
2075
2087
2076
2088
2077
2089
2078
2090
2079
2091
2092
7370
2081
2093
2082
2094
2083
2095
2084
2096
2085
2097
2086
2098
2087
2099
2088
2100
2089
2101
2090
2102
2091
2103
2092
2104
2105
7400
2094
2106
2095
2107
2096
2108
2097
2109
2098
2110
2099
2111
2100
2112
2101
2113
2102
2114
2103
2115
2104
2116
2105
2117
2118
7430
2107
2119
2108
2120
2109
2121
2110
2122
2111
2123
2112
2124
2113
2125
2114
2126
2115
2127
2116
2128
2117
2129
2118
2130
2131
7460
2120
2132
2121
2133
2122
2134
2123
2135
2124
2136
2125
2137
2126
2138
2127
2139
2128
2140
2129
2141
2130
2142
2131
2143
2144
7490
2133
2145
2134
2146
2135
2147
2136
2148
2137
2149
2138
2150
2139
2151
2140
2152
2141
2153
2142
2154
2143
2155
2144
2156
2157
7520
2146
2158
2147
2159
2148
2160
2149
2161
2150
2162
2151
2163
2152
2164
2153
2165
2154
2166
2155
2167
2156
2168
2157
2169
2170
7550
2159
2171
2160
2172
2161
2173
2162
2174
2163
2175
2164
2176
2165
2177
2166
2178
2167
2179
2168
2180
2169
2181
2170
2182
2183
7580
2172
2184
2173
2185
2174
2186
2175
2187
2176
2188
2177
2189
2178
2190
2179
2191
2180
2192
2181
2193
2182
2194
2183
2195
2196
7610
2185
2197
2186
2198
2187
2199
2188
2200
2189
2201
2190
2202
2191
2203
2192
2204
2193
2205
2194
2206
2195
2207
2196
2208
2209
7640
2198
2210
2199
2211
2200
2212
2201
2213
2202
2214
2203
2215
2204
2216
2205
2217
2206
2218
2207
2219
2208
2220
2209
2221
2222
7670
2211
2223
2212
2224
2213
2225
2214
2226
2215
2227
2216
2228
2217
2229
2218
2230
2219
2231
2220
2232
2221
2233
2222
2234
2235
7700
2224
2236
2225
2237
2226
2238
2227
2239
2228
2240
2229
2241
2230
2242
2231
2243
2232
2244
2233
2245
2234
2246
2235
2247
2248
7730
2237
2249
2238
2250
2239
2251
2240
2252
2241
2253
2242
2254
2243
2255
2244
2256
2245
2257
2246
2258
2247
2259
2248
2260
2261
7760
2250
2262
2251
2263
2252
2264
2253
2265
2254
2266
2255
2267
2256
2268
2257
2269
2258
2270
2259
2271
2260
2272
2261
2273
2274
7790
2263
2275
2264
2276
2265
2277
2266
2278
2267
2279
2268
2280
2269
2281
2270
2282
2271
2283
2272
2284
2273
2285
2274
2286
2287
7820
2276
2288
2277
2289
2278
2290
2279
2291
2280
2292
2281
2293
2282
2294
2283
2295
2284
2296
2285
2297
2286
2298
2287
2299
2300
7850
2289
2301
2290
2302
2291
2303
2292
2304
2293
2305
2294
2306
2295
2307
2296
2308
2297
2309
2298
2310
2299
2311
2300
2312
2313
7880
2302
2314
2303
2315
2304
2316
2305
2317
2306
2318
2307
2319
2308
2320
2309
2321
2310
2322
2311
2323
2312
2324
2313
2325
2326
7910
2315
2327
2316
2328
2317
2329
2318
2330
2319
2331
2320
2332
2321
2333
2322
2334
2323
2335
2324
2336
2325
2337
2326
2338
2339
7940
2328
2340
2329
2341
2330
2342
2331
2343
2332
2344
2333
2345
2334
2346
2335
2347
2336
2348
2337
2349
2338
2350
2339
2351
2352
7970
2341
2353
2342
2354
2343
2355
2344
2356
2345
2357
2346
2358
2347
2359
2348
2360
2349
2361
2350
2362
2351
2363
2352
2364
2365
8000
2354
2366
2355
2367
2356
2368
2357
2369
2358
2370
2359
2371
2360
2372
2361
2373
2362
2374
2363
2375
2364
2376
2365
2377
2378
8030
2367
2379
2368
2380
2369
2381
2370
2382
2371
2383
2372
2384
2373
2385
2374
2386
2375
2387
2376
2388
2377
2389
2378
2390
2391
8060
2380
2392
2381
2393
2382
2394
2383
2395
2384
2396
2385
2397
2386
2398
2387
2399
2388
2400
2389
2401
2390
2402
2391
2403
2404
8090
2393
2405
2394
2406
2395
2407
2396
2408
2397
2409
2398
2410
2399
2411
2400
2412
2401
2413
2402
2414
2403
2415
2404
2416
2417
8120
2406
2418
2407
2419
2408
2420
2409
2421
2410
2422
2411
2423
2412
2424
2413
2425
2414
2426
2415
2427
2416
2428
2417
2429
2430
8150
2419
2431
2420
2432
2421
2433
2422
2434
2423
2435
2424
2436
2425
2437
2426
2438
2427
2439
2428
2440
2429
2441
2430
2442
2443
8180
2432
2444
2433
2445
2434
2446
2435
2447
2436
2448
2437
2449
2438
2450
2439
2451
2440
2452
2441
2453
2442
2454
2443
2455
2456
8210
2445
2457
2446
2458
2447
2459
2448
2460
2449
2461
2450
2462
2451
2463
2452
2464
2453
2465
2454
2466
2455
2467
2456
2468
2469
8240
2458
2470
2459
2471
2460
2472
2461
2473
2462
2474
2463
2475
2464
2476
2465
2477
2466
2478
2467
2479
2468
2480
2469
2481
2482
8270
2471
2483
2472
2484
2473
2485
2474
2486
2475
2487
2476
2488
2477
2489
2478
2490
2479
2491
2480
2492
2481
2493
2482
2494
2495
8300
2484
2496
2485
2497
2486
2498
2487
2499
2488
2500
2489
2501
2490
2502
2491
2503
2492
2504
2493
2505
2494
2506
2495
2507
2508
8330
2497
2509
2498
2510
2499
2511
2500
2512
2501
2513
2502
2514
2503
2515
2504
2516
2505
2517
2506
2518
2507
2519
2508
2520
2521
8360
2510
2522
2511
2523
2512
2524
2513
2525
2514
2526
2515
2527
2516
2528
2517
2529
2518
2530
2519
2531
2520
2532
2521
2533
2534
8390
2523
2535
2524
2536
2525
2537
2526
2538
2527
2539
2528
2540
2529
2541
2530
2542
2531
2543
2532
2544
2533
2545
2534
2546
2547
8420
2536
2548
2537
2549
2538
2550
2539
2551
2540
2552
2541
2553
2542
2554
2543
2555
2544
2556
2545
2557
2546
2558
2547
2559
2560
8450
2549
2561
2550
2562
2551
2563
2552
2564
2553
2565
2554
2566
2555
2567
2556
2568
2557
2569
2558
2570
2559
2571
2560
2572
2573
8480
2562
2574
2563
2575
2564
2576
2565
2577
2566
2578
2567
2579
2568
2580
2569
2581
2570
2582
2571
2583
2572
2584
2573
2585
2586
8510
2575
2587
2576
2588
2577
2589
2578
2590
2579
2591
2580
2592
2581
2593
2582
2594
2583
2595
2584
2596
2585
2597
2586
2598
2599
8540
2588
2589
2590
2591
2592
2593
2594
2595
2596
2597
2598
2599
8570
2601
2630
2602
2631
2603
2632
2604
2633
2605
2634
2606
2635
2607
2636
2608
2637
2609
2638
2610
2639
2611
2640
2612
2641
2613
2642
2614
2643
2615
2644
2616
2645
2617
2646
2618
2647
2619
2648
2620
2649
2621
2650
2622
2651
2623
2652
2624
2653
2625
2654
2626
2655
2627
2656
2628
2657
2629
2658
2659
2631
2660
2632
2661
2633
2662
2634
2663
2635
2664
2636
2665
2637
2666
2638
2667
2639
2668
2640
2669
2641
2670
2642
2671
2643
2672
2644
2673
2645
2674
2646
2675
2647
2676
2648
2677
2649
2678
2650
2679
2651
2680
2652
2681
2653
2682
2654
2683
2655
2684
2656
2685
2657
2686
2658
2687
2659
2688
2689
2661
2690
2662
2691
2663
2692
2664
2693
2665
2694
2666
2695
2667
2696
2668
2697
2669
2698
2670
2699
2671
2700
2672
2701
2673
2702
2674
2703
2675
2704
2676
2705
2677
2706
2678
2707
2679
2708
2680
2709
2681
2710
2682
2711
2683
2712
2684
2713
2685
2714
2686
2715
2687
2716
2688
2717
2689
2718
2719
2691
2720
2692
2721
2693
2722
2694
2723
2695
2724
2696
2725
2697
2726
2698
2727
2699
2728
2700
2729
2701
2730
2702
2731
2703
2732
2704
2733
2705
2734
2706
2735
2707
2736
2708
2737
2709
2738
2710
2739
2711
2740
2712
2741
2713
2742
2714
2743
2715
2744
2716
2745
2717
2746
2718
2747
2719
2748
2749
2721
2750
2722
2751
2723
2752
2724
2753
2725
2754
2726
2755
2727
2756
2728
2757
2729
2758
2730
2759
2731
2760
2732
2761
2733
2762
2734
2763
2735
2764
2736
2765
2737
2766
2738
2767
2739
2768
2740
2769
2741
2770
2742
2771
2743
2772
2744
2773
2745
2774
2746
2775
2747
2776
2748
2777
2749
2778
2779
2751
2780
2752
2781
2753
2782
2754
2783
2755
2784
2756
2785
2757
2786
2758
2787
2759
2788
2760
2789
2761
2790
2762
2791
2763
2792
2764
2793
2765
2794
2766
2795
2767
2796
2768
2797
2769
2798
2770
2799
2771
2800
2772
2801
2773
2802
2774
2803
2775
2804
2776
2805
2777
2806
2778
2807
2779
2808
2809
2781
2810
2782
2811
2783
2812
2784
2813
2785
2814
2786
2815
2787
2816
2788
2817
2789
2818
2790
2819
2791
2820
2792
2821
2793
2822
2794
2823
2795
2824
2796
2825
2797
2826
2798
2827
2799
2828
2800
2829
2801
2830
2802
2831
2803
2832
2804
2833
2805
2834
2806
2835
2807
2836
2808
2837
2809
2838
2839
2811
2840
2812
2841
2813
2842
2814
2843
2815
2844
2816
2845
2817
2846
2818
2847
2819
2848
2820
2849
2821
2850
2822
2851
2823
2852
2824
2853
2825
2854
2826
2855
2827
2856
2828
2857
2829
2858
2830
2859
2831
2860
2832
2861
2833
2862
2834
2863
2835
2864
2836
2865
2837
2866
2838
2867
2839
2868
2869
2841
2870
2842
2871
2843
2872
2844
2873
2845
2874
2846
2875
2847
2876
2848
2877
2849
2878
2850
2879
2851
2880
2852
2881
2853
2882
2854
2883
2855
2884
2856
2885
2857
2886
2858
2887
2859
2888
2860
2889
2861
2890
2862
2891
2863
2892
2864
2893
2865
2894
2866
2895
2867
2896
2868
2897
2869
2898
2899
2871
2900
2872
2901
2873
2902
2874
2903
2875
2904
2876
2905
2877
2906
2878
2907
2879
2908
2880
2909
2881
2910
2882
2911
2883
2912
2884
2913
2885
2914
2886
2915
2887
2916
2888
2917
2889
2918
2890
2919
2891
2920
2892
2921
2893
2922
2894
2923
2895
2924
2896
2925
2897
2926
2898
2927
2899
2928
2929
2901
2930
2902
2931
2903
2932
2904
2933
2905
2934
2906
2935
2907
2936
2908
2937
2909
2938
2910
2939
2911
2940
2912
2941
2913
2942
2914
2943
2915
2944
2916
2945
2917
2946
2918
2947
2919
2948
2920
2949
2921
2950
2922
2951
2923
2952
2924
2953
2925
2954
2926
2955
2927
2956
2928
2957
2929
2958
2959
2931
2960
2932
2961
2933
2962
2934
2963
2935
2964
2936
2965
2937
2966
2938
2967
2939
2968
2940
2969
2941
2970
2942
2971
2943
2972
2944
2973
2945
2974
2946
2975
2947
2976
2948
2977
2949
2978
2950
2979
2951
2980
2952
2981
2953
2982
2954
2983
2955
2984
2956
2985
2957
2986
2958
2987
2959
2988
2989
2961
2990
2962
2991
2963
2992
2964
2993
2965
2994
2966
2995
2967
2996
2968
2997
2969
2998
2970
2999
2971
3000
2972
3001
2973
3002
2974
3003
2975
3004
2976
3005
2977
3006
2978
3007
2979
3008
2980
3009
2981
3010
2982
3011
2983
3012
2984
3013
2985
3014
2986
3015
2987
3016
2988
3017
2989
3018
3019
2991
3020
2992
3021
2993
3022
2994
3023
2995
3024
2996
3025
2997
3026
2998
3027
2999
3028
3000
3029
3001
3030
3002
3031
3003
3032
3004
3033
3005
3034
3006
3035
3007
3036
3008
3037
3009
3038
3010
3039
3011
3040
3012
3041
3013
3042
3014
3043
3015
3044
3016
3045
3017
3046
3018
3047
3019
3048
3049
3021
3050
3022
3051
3023
3052
3024
3053
3025
3054
3026
3055
3027
3056
3028
3057
3029
3058
3030
3059
3031
3060
3032
3061
3033
3062
3034
3063
3035
3064
3036
3065
3037
3066
3038
3067
3039
3068
3040
3069
3041
3070
3042
3071
3043
3072
3044
3073
3045
3074
3046
3075
3047
3076
3048
3077
3049
3078
3079
3051
3080
3052
3081
3053
3082
3054
3083
3055
3084
3056
3085
3057
3086
3058
3087
3059
3088
3060
3089
3061
3090
3062
3091
3063
3092
3064
3093
3065
3094
3066
3095
3067
3096
3068
3097
3069
3098
3070
3099
3071
3100
3072
3101
3073
3102
3074
3103
3075
3104
3076
3105
3077
3106
3078
3107
3079
3108
3109
3081
3110
3082
3111
3083
3112
3084
3113
3085
3114
3086
3115
3087
3116
3088
3117
3089
3118
3090
3119
3091
3120
3092
3121
3093
3122
3094
3123
3095
3124
3096
3125
3097
3126
3098
3127
3099
3128
3100
3129
3101
3130
3102
3131
3103
3132
3104
3133
3105
3134
3106
3135
3107
3136
3108
3137
3109
3138
3139
3111
3140
3112
3141
3113
3142
3114
3143
3115
3144
3116
3145
3117
3146
3118
3147
3119
3148
3120
3149
3121
3150
3122
3151
3123
3152
3124
3153
3125
3154
3126
3155
3127
3156
3128
3157
3129
3158
3130
3159
3131
3160
3132
3161
3133
3162
3134
3163
3135
3164
3136
3165
3137
3166
3138
3167
3139
3168
3169
3141
3170
3142
3171
3143
3172
3144
3173
3145
3174
3146
3175
3147
3176
3148
3177
3149
3178
3150
3179
3151
3180
3152
3181
3153
3182
3154
3183
3155
3184
3156
3185
3157
3186
3158
3187
3159
3188
3160
3189
3161
3190
3162
3191
3163
3192
3164
3193
3165
3194
3166
3195
3167
3196
3168
3197
3169
3198
3199
3171
3200
3172
3201
3173
3202
3174
3203
3175
3204
3176
3205
3177
3206
3178
3207
3179
3208
3180
3209
3181
3210
3182
3211
3183
3212
3184
3213
3185
3214
3186
3215
3187
3216
3188
3217
3189
3218
3190
3219
3191
3220
3192
3221
3193
3222
3194
3223
3195
3224
3196
3225
3197
3226
3198
3227
3199
3228
3229
3201
3230
3202
3231
3203
3232
3204
3233
3205
3234
3206
3235
3207
3236
3208
3237
3209
3238
3210
3239
3211
3240
3212
3241
3213
3242
3214
3243
3215
3244
3216
3245
3217
3246
3218
3247
3219
3248
3220
3249
3221
3250
3222
3251
3223
3252
3224
3253
3225
3254
3226
3255
3227
3256
3228
3257
3229
3258
3259
3231
3260
3232
3261
3233
3262
3234
3263
3235
3264
3236
3265
3237
3266
3238
3267
3239
3268
3240
3269
3241
3270
3242
3271
3243
3272
3244
3273
3245
3274
3246
3275
3247
3276
3248
3277
3249
3278
3250
3279
3251
3280
3252
3281
3253
3282
3254
3283
3255
3284
3256
3285
3257
3286
3258
3287
3259
3288
3289
3261
3290
3262
3291
3263
3292
3264
3293
3265
3294
3266
3295
3267
3296
3268
3297
3269
3298
3270
3299
3271
3300
3272
3301
3273
3302
3274
3303
3275
3304
3276
3305
3277
3306
3278
3307
3279
3308
3280
3309
3281
3310
3282
3311
3283
3312
3284
3313
3285
3314
3286
3315
3287
3316
3288
3317
3289
3318
3319
3291
3320
3292
3321
3293
3322
3294
3323
3295
3324
3296
3325
3297
3326
3298
3327
3299
3328
3300
3329
3301
3330
3302
3331
3303
3332
3304
3333
3305
3334
3306
3335
3307
3336
3308
3337
3309
3338
3310
3339
3311
3340
3312
3341
3313
3342
3314
3343
3315
3344
3316
3345
3317
3346
3318
3347
3319
3348
3349
3321
3350
3322
3351
3323
3352
3324
3353
3325
3354
3326
3355
3327
3356
3328
3357
3329
3358
3330
3359
3331
3360
3332
3361
3333
3362
3334
3363
3335
3364
3336
3365
3337
3366
3338
3367
3339
3368
3340
3369
3341
3370
3342
3371
3343
3372
3344
3373
3345
3374
3346
3375
3347
3376
3348
3377
3349
3378
3379
3351
3380
3352
3381
3353
3382
3354
3383
3355
3384
3356
3385
3357
3386
3358
3387
3359
3388
3360
3389
3361
3390
3362
3391
3363
3392
3364
3393
3365
3394
3366
3395
3367
3396
3368
3397
3369
3398
3370
3399
3371
3400
3372
3401
3373
3402
3374
3403
3375
3404
3376
3405
3377
3406
3378
3407
3379
3408
3409
3381
3410
3382
3411
3383
3412
3384
3413
3385
3414
3386
3415
3387
3416
3388
3417
3389
3418
3390
3419
3391
3420
3392
3421
3393
3422
3394
3423
3395
3424
3396
3425
3397
3426
3398
3427
3399
3428
3400
3429
3401
3430
3402
3431
3403
3432
3404
3433
3405
3434
3406
3435
3407
3436
3408
3437
3409
3438
3439
3411
3440
3412
3441
3413
3442
3414
3443
3415
3444
3416
3445
3417
3446
3418
3447
3419
3448
3420
3449
3421
3450
3422
3451
3423
3452
3424
3453
3425
3454
3426
3455
3427
3456
3428
3457
3429
3458
3430
3459
3431
3460
3432
3461
3433
3462
3434
3463
3435
3464
3436
3465
3437
3466
3438
3467
3439
3468
3469
3441
3470
3442
3471
3443
3472
3444
3473
3445
3474
3446
3475
3447
3476
3448
3477
3449
3478
3450
3479
3451
3480
3452
3481
3453
3482
3454
3483
3455
3484
3456
3485
3457
3486
3458
3487
3459
3488
3460
3489
3461
3490
3462
3491
3463
3492
3464
3493
3465
3494
3466
3495
3467
3496
3468
3497
3469
3498
3499
3471
3500
3472
3501
3473
3502
3474
3503
3475
3504
3476
3505
3477
3506
3478
3507
3479
3508
3480
3509
3481
3510
3482
3511
3483
3512
3484
3513
3485
3514
3486
3515
3487
3516
3488
3517
3489
3518
3490
3519
3491
3520
3492
3521
3493
3522
3494
3523
3495
3524
3496
3525
3497
3526
3498
3527
3499
3528
3529
3501
3530
3502
3531
3503
3532
3504
3533
3505
3534
3506
3535
3507
3536
3508
3537
3509
3538
3510
3539
3511
3540
3512
3541
3513
3542
3514
3543
3515
3544
3516
3545
3517
3546
3518
3547
3519
3548
3520
3549
3521
3550
3522
3551
3523
3552
3524
3553
3525
3554
3526
3555
3527
3556
3528
3557
3529
3558
3559
3531
3560
3532
3561
3533
3562
3534
3563
3535
3564
3536
3565
3537
3566
3538
3567
3539
3568
3540
3569
3541
3570
3542
3571
3543
3572
3544
3573
3545
3574
3546
3575
3547
3576
3548
3577
3549
3578
3550
3579
3551
3580
3552
3581
3553
3582
3554
3583
3555
3584
3556
3585
3557
3586
3558
3587
3559
3588
3589
3561
3590
3562
3591
3563
3592
3564
3593
3565
3594
3566
3595
3567
3596
3568
3597
3569
3598
3570
3599
3571
3600
3572
3601
3573
3602
3574
3603
3575
3604
3576
3605
3577
3606
3578
3607
3579
3608
3580
3609
3581
3610
3582
3611
3583
3612
3584
3613
3585
3614
3586
3615
3587
3616
3588
3617
3589
3618
3619
3591
3620
3592
3621
3593
3622
3594
3623
3595
3624
3596
3625
3597
3626
3598
3627
3599
3628
3600
3629
3601
3630
3602
3631
3603
3632
3604
3633
3605
3634
3606
3635
3607
3636
3608
3637
3609
3638
3610
3639
3611
3640
3612
3641
3613
3642
3614
3643
3615
3644
3616
3645
3617
3646
3618
3647
3619
3648
3649
3621
3650
3622
3651
3623
3652
3624
3653
3625
3654
3626
3655
3627
3656
3628
3657
3629
3658
3630
3659
3631
3660
3632
3661
3633
3662
3634
3663
3635
3664
3636
3665
3637
3666
3638
3667
3639
3668
3640
3669
3641
3670
3642
3671
3643
3672
3644
3673
3645
3674
3646
3675
3647
3676
3648
3677
3649
3678
3679
3651
3680
3652
3681
3653
3682
3654
3683
3655
3684
3656
3685
3657
3686
3658
3687
3659
3688
3660
3689
3661
3690
3662
3691
3663
3692
3664
3693
3665
3694
3666
3695
3667
3696
3668
3697
3669
3698
3670
3699
3671
3700
3672
3701
3673
3702
3674
3703
3675
3704
3676
3705
3677
3706
3678
3707
3679
3708
3709
3681
3710
3682
3711
3683
3712
3684
3713
3685
3714
3686
3715
3687
3716
3688
3717
3689
3718
3690
3719
3691
3720
3692
3721
3693
3722
3694
3723
3695
3724
3696
3725
3697
3726
3698
3727
3699
3728
3700
3729
3701
3730
3702
3731
3703
3732
3704
3733
3705
3734
3706
3735
3707
3736
3708
3737
3709
3738
3739
3711
3740
3712
3741
3713
3742
3714
3743
3715
3744
3716
3745
3717
3746
3718
3747
3719
3748
3720
3749
3721
3750
3722
3751
3723
3752
3724
3753
3725
3754
3726
3755
3727
3756
3728
3757
3729
3758
3730
3759
3731
3760
3732
3761
3733
3762
3734
3763
3735
3764
3736
3765
3737
3766
3738
3767
3739
3768
3769
3741
3770
3742
3771
3743
3772
3744
3773
3745
3774
3746
3775
3747
3776
3748
3777
3749
3778
3750
3779
3751
3780
3752
3781
3753
3782
3754
3783
3755
3784
3756
3785
3757
3786
3758
3787
3759
3788
3760
3789
3761
3790
3762
3791
3763
3792
3764
3793
3765
3794
3766
3795
3767
3796
3768
3797
3769
3798
3799
3771
3800
3772
3801
3773
3802
3774
3803
3775
3804
3776
3805
3777
3806
3778
3807
3779
3808
3780
3809
3781
3810
3782
3811
3783
3812
3784
3813
3785
3814
3786
3815
3787
3816
3788
3817
3789
3818
3790
3819
3791
3820
3792
3821
3793
3822
3794
3823
3795
3824
3796
3825
3797
3826
3798
3827
3799
3828
3829
3801
3830
3802
3831
3803
3832
3804
3833
3805
3834
3806
3835
3807
3836
3808
3837
3809
3838
3810
3839
3811
3840
3812
3841
3813
3842
3814
3843
3815
3844
3816
3845
3817
3846
3818
3847
3819
3848
3820
3849
3821
3850
3822
3851
3823
3852
3824
3853
3825
3854
3826
3855
3827
3856
3828
3857
3829
3858
3859
3831
3860
3832
3861
3833
3862
3834
3863
3835
3864
3836
3865
3837
3866
3838
3867
3839
3868
3840
3869
3841
3870
3842
3871
3843
3872
3844
3873
3845
3874
3846
3875
3847
3876
3848
3877
3849
3878
3850
3879
3851
3880
3852
3881
3853
3882
3854
3883
3855
3884
3856
3885
3857
3886
3858
3887
3859
3888
3889
3861
3890
3862
3891
3863
3892
3864
3893
3865
3894
3866
3895
3867
3896
3868
3897
3869
3898
3870
3899
3871
3900
3872
3901
3873
3902
3874
3903
3875
3904
3876
3905
3877
3906
3878
3907
3879
3908
3880
3909
3881
3910
3882
3911
3883
3912
3884
3913
3885
3914
3886
3915
3887
3916
3888
3917
3889
3918
3919
3891
3920
3892
3921
3893
3922
3894
3923
3895
3924
3896
3925
3897
3926
3898
3927
3899
3928
3900
3929
3901
3930
3902
3931
3903
3932
3904
3933
3905
3934
3906
3935
3907
3936
3908
3937
3909
3938
3910
3939
3911
3940
3912
3941
3913
3942
3914
3943
3915
3944
3916
3945
3917
3946
3918
3947
3919
3948
3949
3921
3950
3922
3951
3923
3952
3924
3953
3925
3954
3926
3955
3927
3956
3928
3957
3929
3958
3930
3959
3931
3960
3932
3961
3933
3962
3934
3963
3935
3964
3936
3965
3937
3966
3938
3967
3939
3968
3940
3969
3941
3970
3942
3971
3943
3972
3944
3973
3945
3974
3946
3975
3947
3976
3948
3977
3949
3978
3979
3951
3980
3952
3981
3953
3982
3954
3983
3955
3984
3956
3985
3957
3986
3958
3987
3959
3988
3960
3989
3961
3990
3962
3991
3963
3992
3964
3993
3965
3994
3966
3995
3967
3996
3968
3997
3969
3998
3970
3999
3971
4000
3972
4001
3973
4002
3974
4003
3975
4004
3976
4005
3977
4006
3978
4007
3979
4008
4009
3981
4010
3982
4011
3983
4012
3984
4013
3985
4014
3986
4015
3987
4016
3988
4017
3989
4018
3990
4019
3991
4020
3992
4021
3993
4022
3994
4023
3995
4024
3996
4025
3997
4026
3998
4027
3999
4028
4000
4029
4001
4030
4002
4031
4003
4032
4004
4033
4005
4034
4006
4035
4007
4036
4008
4037
4009
4038
4039
4011
4040
4012
4041
4013
4042
4014
4043
4015
4044
4016
4045
4017
4046
4018
4047
4019
4048
4020
4049
4021
4050
4022
4051
4023
4052
4024
4053
4025
4054
4026
4055
4027
4056
4028
4057
4029
4058
4030
4059
4031
4060
4032
4061
4033
4062
4034
4063
4035
4064
4036
4065
4037
4066
4038
4067
4039
4068
4069
4041
4070
4042
4071
4043
4072
4044
4073
4045
4074
4046
4075
4047
4076
4048
4077
4049
4078
4050
4079
4051
4080
4052
4081
4053
4082
4054
4083
4055
4084
4056
4085
4057
4086
4058
4087
4059
4088
4060
4089
4061
4090
4062
4091
4063
4092
4064
4093
4065
4094
4066
4095
4067
4096
4068
4097
4069
4098
4099
4071
4100
4072
4101
4073
4102
4074
4103
4075
4104
4076
4105
4077
4106
4078
4107
4079
4108
4080
4109
4081
4110
4082
4111
4083
4112
4084
4113
4085
4114
4086
4115
4087
4116
4088
4117
4089
4118
4090
4119
4091
4120
4092
4121
4093
4122
4094
4123
4095
4124
4096
4125
4097
4126
4098
4127
4099
4128
4129
4101
4130
4102
4131
4103
4132
4104
4133
4105
4134
4106
4135
4107
4136
4108
4137
4109
4138
4110
4139
4111
4140
4112
4141
4113
4142
4114
4143
4115
4144
4116
4145
4117
4146
4118
4147
4119
4148
4120
4149
4121
4150
4122
4151
4123
4152
4124
4153
4125
4154
4126
4155
4127
4156
4128
4157
4129
4158
4159
4131
4160
4132
4161
4133
4162
4134
4163
4135
4164
4136
4165
4137
4166
4138
4167
4139
4168
4140
4169
4141
4170
4142
4171
4143
4172
4144
4173
4145
4174
4146
4175
4147
4176
4148
4177
4149
4178
4150
4179
4151
4180
4152
4181
4153
4182
4154
4183
4155
4184
4156
4185
4157
4186
4158
4187
4159
4188
4189
4161
4190
4162
4191
4163
4192
4164
4193
4165
4194
4166
4195
4167
4196
4168
4197
4169
4198
4170
4199
4171
4200
4172
4201
4173
4202
4174
4203
4175
4204
4176
4205
4177
4206
4178
4207
4179
4208
4180
4209
4181
4210
4182
4211
4183
4212
4184
4213
4185
4214
4186
4215
4187
4216
4188
4217
4189
4218
4219
4191
4220
4192
4221
4193
4222
4194
4223
4195
4224
4196
4225
4197
4226
4198
4227
4199
4228
4200
4229
4201
4230
4202
4231
4203
4232
4204
4233
4205
4234
4206
4235
4207
4236
4208
4237
4209
4238
4210
4239
4211
4240
4212
4241
4213
4242
4214
4243
4215
4244
4216
4245
4217
4246
4218
4247
4219
4248
4249
4221
4250
4222
4251
4223
4252
4224
4253
4225
4254
4226
4255
4227
4256
4228
4257
4229
4258
4230
4259
4231
4260
4232
4261
4233
4262
4234
4263
4235
4264
4236
4265
4237
4266
4238
4267
4239
4268
4240
4269
4241
4270
4242
4271
4243
4272
4244
4273
4245
4274
4246
4275
4247
4276
4248
4277
4249
4278
4279
4251
4280
4252
4281
4253
4282
4254
4283
4255
4284
4256
4285
4257
4286
4258
4287
4259
4288
4260
4289
4261
4290
4262
4291
4263
4292
4264
4293
4265
4294
4266
4295
4267
4296
4268
4297
4269
4298
4270
4299
4271
4300
4272
4301
4273
4302
4274
4303
4275
4304
4276
4305
4277
4306
4278
4307
4279
4308
4309
4281
4310
4282
4311
4283
4312
4284
4313
4285
4314
4286
4315
4287
4316
4288
4317
4289
4318
4290
4319
4291
4320
4292
4321
4293
4322
4294
4323
4295
4324
4296
4325
4297
4326
4298
4327
4299
4328
4300
4329
4301
4330
4302
4331
4303
4332
4304
4333
4305
4334
4306
4335
4307
4336
4308
4337
4309
4338
4339
4311
4340
4312
4341
4313
4342
4314
4343
4315
4344
4316
4345
4317
4346
4318
4347
4319
4348
4320
4349
4321
4350
4322
4351
4323
4352
4324
4353
4325
4354
4326
4355
4327
4356
4328
4357
4329
4358
4330
4359
4331
4360
4332
4361
4333
4362
4334
4363
4335
4364
4336
4365
4337
4366
4338
4367
4339
4368
4369
4341
4370
4342
4371
4343
4372
4344
4373
4345
4374
4346
4375
4347
4376
4348
4377
4349
4378
4350
4379
4351
4380
4352
4381
4353
4382
4354
4383
4355
4384
4356
4385
4357
4386
4358
4387
4359
4388
4360
4389
4361
4390
4362
4391
4363
4392
4364
4393
4365
4394
4366
4395
4367
4396
4368
4397
4369
4398
4399
4371
4400
4372
4401
4373
4402
4374
4403
4375
4404
4376
4405
4377
4406
4378
4407
4379
4408
4380
4409
4381
4410
4382
4411
4383
4412
4384
4413
4385
4414
4386
4415
4387
4416
4388
4417
4389
4418
4390
4419
4391
4420
4392
4421
4393
4422
4394
4423
4395
4424
4396
4425
4397
4426
4398
4427
4399
4428
4429
4401
4430
4402
4431
4403
4432
4404
4433
4405
4434
4406
4435
4407
4436
4408
4437
4409
4438
4410
4439
4411
4440
4412
4441
4413
4442
4414
4443
4415
4444
4416
4445
4417
4446
4418
4447
4419
4448
4420
4449
4421
4450
4422
4451
4423
4452
4424
4453
4425
4454
4426
4455
4427
4456
4428
4457
4429
4458
4459
4431
4460
4432
4461
4433
4462
4434
4463
4435
4464
4436
4465
4437
4466
4438
4467
4439
4468
4440
4469
4441
4470
4442
4471
4443
4472
4444
4473
4445
4474
4446
4475
4447
4476
4448
4477
4449
4478
4450
4479
4451
4480
4452
4481
4453
4482
4454
4483
4455
4484
4456
4485
4457
4486
4458
4487
4459
4488
4489
4461
4490
4462
4491
4463
4492
4464
4493
4465
4494
4466
4495
4467
4496
4468
4497
4469
4498
4470
4499
4471
4500
4472
4501
4473
4502
4474
4503
4475
4504
4476
4505
4477
4506
4478
4507
4479
4508
4480
4509
4481
4510
4482
4511
4483
4512
4484
4513
4485
4514
4486
4515
4487
4516
4488
4517
4489
4518
4519
4491
4520
4492
4521
4493
4522
4494
4523
4495
4524
4496
4525
4497
4526
4498
4527
4499
4528
4500
4529
4501
4530
4502
4531
4503
4532
4504
4533
4505
4534
4506
4535
4507
4536
4508
4537
4509
4538
4510
4539
4511
4540
4512
4541
4513
4542
4514
4543
4515
4544
4516
4545
4517
4546
4518
4547
4519
4548
4549
4521
4550
4522
4551
4523
4552
4524
4553
4525
4554
4526
4555
4527
4556
4528
4557
4529
4558
4530
4559
4531
4560
4532
4561
4533
4562
4534
4563
4535
4564
4536
4565
4537
4566
4538
4567
4539
4568
4540
4569
4541
4570
4542
4571
4543
4572
4544
4573
4545
4574
4546
4575
4547
4576
4548
4577
4549
4578
4579
4551
4580
4552
4581
4553
4582
4554
4583
4555
4584
4556
4585
4557
4586
4558
4587
4559
4588
4560
4589
4561
4590
4562
4591
4563
4592
4564
4593
4565
4594
4566
4595
4567
4596
4568
4597
4569
4598
4570
4599
4571
4600
4572
4601
4573
4602
4574
4603
4575
4604
4576
4605
4577
4606
4578
4607
4579
4608
4609
4581
4610
4582
4611
4583
4612
4584
4613
4585
4614
4586
4615
4587
4616
4588
4617
4589
4618
4590
4619
4591
4620
4592
4621
4593
4622
4594
4623
4595
4624
4596
4625
4597
4626
4598
4627
4599
4628
4600
4629
4601
4630
4602
4631
4603
4632
4604
4633
4605
4634
4606
4635
4607
4636
4608
4637
4609
4638
4639
4611
4640
4612
4641
4613
4642
4614
4643
4615
4644
4616
4645
4617
4646
4618
4647
4619
4648
4620
4649
4621
4650
4622
4651
4623
4652
4624
4653
4625
4654
4626
4655
4627
4656
4628
4657
4629
4658
4630
4659
4631
4660
4632
4661
4633
4662
4634
4663
4635
4664
4636
4665
4637
4666
4638
4667
4639
4668
4669
4641
4670
4642
4671
4643
4672
4644
4673
4645
4674
4646
4675
4647
4676
4648
4677
4649
4678
4650
4679
4651
4680
4652
4681
4653
4682
4654
4683
4655
4684
4656
4685
4657
4686
4658
4687
4659
4688
4660
4689
4661
4690
4662
4691
4663
4692
4664
4693
4665
4694
4666
4695
4667
4696
4668
4697
4669
4698
4699
4671
4700
4672
4701
4673
4702
4674
4703
4675
4704
4676
4705
4677
4706
4678
4707
4679
4708
4680
4709
4681
4710
4682
4711
4683
4712
4684
4713
4685
4714
4686
4715
4687
4716
4688
4717
4689
4718
4690
4719
4691
4720
4692
4721
4693
4722
4694
4723
4695
4724
4696
4725
4697
4726
4698
4727
4699
4728
4729
4701
4730
4702
4731
4703
4732
4704
4733
4705
4734
4706
4735
4707
4736
4708
4737
4709
4738
4710
4739
4711
4740
4712
4741
4713
4742
4714
4743
4715
4744
4716
4745
4717
4746
4718
4747
4719
4748
4720
4749
4721
4750
4722
4751
4723
4752
4724
4753
4725
4754
4726
4755
4727
4756
4728
4757
4729
4758
4759
4731
4760
4732
4761
4733
4762
4734
4763
4735
4764
4736
4765
4737
4766
4738
4767
4739
4768
4740
4769
4741
4770
4742
4771
4743
4772
4744
4773
4745
4774
4746
4775
4747
4776
4748
4777
4749
4778
4750
4779
4751
4780
4752
4781
4753
4782
4754
4783
4755
4784
4756
4785
4757
4786
4758
4787
4759
4788
4789
4761
4790
4762
4791
4763
4792
4764
4793
4765
4794
4766
4795
4767
4796
4768
4797
4769
4798
4770
4799
4771
4800
4772
4801
4773
4802
4774
4803
4775
4804
4776
4805
4777
4806
4778
4807
4779
4808
4780
4809
4781
4810
4782
4811
4783
4812
4784
4813
4785
4814
4786
4815
4787
4816
4788
4817
4789
4818
4819
4791
4820
4792
4821
4793
4822
4794
4823
4795
4824
4796
4825
4797
4826
4798
4827
4799
4828
4800
4829
4801
4830
4802
4831
4803
4832
4804
4833
4805
4834
4806
4835
4807
4836
4808
4837
4809
4838
4810
4839
4811
4840
4812
4841
4813
4842
4814
4843
4815
4844
4816
4845
4817
4846
4818
4847
4819
4848
4849
4821
4850
4822
4851
4823
4852
4824
4853
4825
4854
4826
4855
4827
4856
4828
4857
4829
4858
4830
4859
4831
4860
4832
4861
4833
4862
4834
4863
4835
4864
4836
4865
4837
4866
4838
4867
4839
4868
4840
4869
4841
4870
4842
4871
4843
4872
4844
4873
4845
4874
4846
4875
4847
4876
4848
4877
4849
4878
4879
4851
4880
4852
4881
4853
4882
4854
4883
4855
4884
4856
4885
4857
4886
4858
4887
4859
4888
4860
4889
4861
4890
4862
4891
4863
4892
4864
4893
4865
4894
4866
4895
4867
4896
4868
4897
4869
4898
4870
4899
4871
4900
4872
4901
4873
4902
4874
4903
4875
4904
4876
4905
4877
4906
4878
4907
4879
4908
4909
4881
4910
4882
4911
4883
4912
4884
4913
4885
4914
4886
4915
4887
4916
4888
4917
4889
4918
4890
4919
4891
4920
4892
4921
4893
4922
4894
4923
4895
4924
4896
4925
4897
4926
4898
4927
4899
4928
4900
4929
4901
4930
4902
4931
4903
4932
4904
4933
4905
4934
4906
4935
4907
4936
4908
4937
4909
4938
4939
4911
4940
4912
4941
4913
4942
4914
4943
4915
4944
4916
4945
4917
4946
4918
4947
4919
4948
4920
4949
4921
4950
4922
4951
4923
4952
4924
4953
4925
4954
4926
4955
4927
4956
4928
4957
4929
4958
4930
4959
4931
4960
4932
4961
4933
4962
4934
4963
4935
4964
4936
4965
4937
4966
4938
4967
4939
4968
4969
4941
4970
4942
4971
4943
4972
4944
4973
4945
4974
4946
4975
4947
4976
4948
4977
4949
4978
4950
4979
4951
4980
4952
4981
4953
4982
4954
4983
4955
4984
4956
4985
4957
4986
4958
4987
4959
4988
4960
4989
4961
4990
4962
4991
4963
4992
4964
4993
4965
4994
4966
4995
4967
4996
4968
4997
4969
4998
4999
4971
5000
4972
5001
4973
5002
4974
5003
4975
5004
4976
5005
4977
5006
4978
5007
4979
5008
4980
5009
4981
5010
4982
5011
4983
5012
4984
5013
4985
5014
4986
5015
4987
5016
4988
5017
4989
5018
4990
5019
4991
5020
4992
5021
4993
5022
4994
5023
4995
5024
4996
5025
4997
5026
4998
5027
4999
5028
5029
5001
5030
5002
5031
5003
5032
5004
5033
5005
5034
5006
5035
5007
5036
5008
5037
5009
5038
5010
5039
5011
5040
5012
5041
5013
5042
5014
5043
5015
5044
5016
5045
5017
5046
5018
5047
5019
5048
5020
5049
5021
5050
5022
5051
5023
5052
5024
5053
5025
5054
5026
5055
5027
5056
5028
5057
5029
5058
5059
5031
5060
5032
5061
5033
5062
5034
5063
5035
5064
5036
5065
5037
5066
5038
5067
5039
5068
5040
5069
5041
5070
5042
5071
5043
5072
5044
5073
5045
5074
5046
5075
5047
5076
5048
5077
5049
5078
5050
5079
5051
5080
5052
5081
5053
5082
5054
5083
5055
5084
5056
5085
5057
5086
5058
5087
5059
5088
5089
5061
5090
5062
5091
5063
5092
5064
5093
5065
5094
5066
5095
5067
5096
5068
5097
5069
5098
5070
5099
5071
5100
5072
5101
5073
5102
5074
5103
5075
5104
5076
5105
5077
5106
5078
5107
5079
5108
5080
5109
5081
5110
5082
5111
5083
5112
5084
5113
5085
5114
5086
5115
5087
5116
5088
5117
5089
5118
5119
5091
5120
5092
5121
5093
5122
5094
5123
5095
5124
5096
5125
5097
5126
5098
5127
5099
5128
5100
5129
5101
5130
5102
5131
5103
5132
5104
5133
5105
5134
5106
5135
5107
5136
5108
5137
5109
5138
5110
5139
5111
5140
5112
5141
5113
5142
5114
5143
5115
5144
5116
5145
5117
5146
5118
5147
5119
5148
5149
5121
5150
5122
5151
5123
5152
5124
5153
5125
5154
5126
5155
5127
5156
5128
5157
5129
5158
5130
5159
5131
5160
5132
5161
5133
5162
5134
5163
5135
5164
5136
5165
5137
5166
5138
5167
5139
5168
5140
5169
5141
5170
5142
5171
5143
5172
5144
5173
5145
5174
5146
5175
5147
5176
5148
5177
5149
5178
5179
5151
5180
5152
5181
5153
5182
5154
5183
5155
5184
5156
5185
5157
5186
5158
5187
5159
5188
5160
5189
5161
5190
5162
5191
5163
5192
5164
5193
5165
5194
5166
5195
5167
5196
5168
5197
5169
5198
5170
5199
5171
5200
5172
5201
5173
5202
5174
5203
5175
5204
5176
5205
5177
5206
5178
5207
5179
5208
5209
5181
5210
5182
5211
5183
5212
5184
5213
5185
5214
5186
5215
5187
5216
5188
5217
5189
5218
5190
5219
5191
5220
5192
5221
5193
5222
5194
5223
5195
5224
5196
5225
5197
5226
5198
5227
5199
5228
5200
5229
5201
5230
5202
5231
5203
5232
5204
5233
5205
5234
5206
5235
5207
5236
5208
5237
5209
5238
5239
5211
5240
5212
5241
5213
5242
5214
5243
5215
5244
5216
5245
5217
5246
5218
5247
5219
5248
5220
5249
5221
5250
5222
5251
5223
5252
5224
5253
5225
5254
5226
5255
5227
5256
5228
5257
5229
5258
5230
5259
5231
5260
5232
5261
5233
5262
5234
5263
5235
5264
5236
5265
5237
5266
5238
5267
5239
5268
5269
5241
5270
5242
5271
5243
5272
5244
5273
5245
5274
5246
5275
5247
5276
5248
5277
5249
5278
5250
5279
5251
5280
5252
5281
5253
5282
5254
5283
5255
5284
5256
5285
5257
5286
5258
5287
5259
5288
5260
5289
5261
5290
5262
5291
5263
5292
5264
5293
5265
5294
5266
5295
5267
5296
5268
5297
5269
5298
5299
5271
5300
5272
5301
5273
5302
5274
5303
5275
5304
5276
5305
5277
5306
5278
5307
5279
5308
5280
5309
5281
5310
5282
5311
5283
5312
5284
5313
5285
5314
5286
5315
5287
5316
5288
5317
5289
5318
5290
5319
5291
5320
5292
5321
5293
5322
5294
5323
5295
5324
5296
5325
5297
5326
5298
5327
5299
5328
5329
5301
5330
5302
5331
5303
5332
5304
5333
5305
5334
5306
5335
5307
5336
5308
5337
5309
5338
5310
5339
5311
5340
5312
5341
5313
5342
5314
5343
5315
5344
5316
5345
5317
5346
5318
5347
5319
5348
5320
5349
5321
5350
5322
5351
5323
5352
5324
5353
5325
5354
5326
5355
5327
5356
5328
5357
5329
5358
5359
5331
5360
5332
5361
5333
5362
5334
5363
5335
5364
5336
5365
5337
5366
5338
5367
5339
5368
5340
5369
5341
5370
5342
5371
5343
5372
5344
5373
5345
5374
5346
5375
5347
5376
5348
5377
5349
5378
5350
5379
5351
5380
5352
5381
5353
5382
5354
5383
5355
5384
5356
5385
5357
5386
5358
5387
5359
5388
5389
5361
5390
5362
5391
5363
5392
5364
5393
5365
5394
5366
5395
5367
5396
5368
5397
5369
5398
5370
5399
5371
5400
5372
5401
5373
5402
5374
5403
5375
5404
5376
5405
5377
5406
5378
5407
5379
5408
5380
5409
5381
5410
5382
5411
5383
5412
5384
5413
5385
5414
5386
5415
5387
5416
5388
5417
5389
5418
5419
5391
5420
5392
5421
5393
5422
5394
5423
5395
5424
5396
5425
5397
5426
5398
5427
5399
5428
5400
5429
5401
5430
5402
5431
5403
5432
5404
5433
5405
5434
5406
5435
5407
5436
5408
5437
5409
5438
5410
5439
5411
5440
5412
5441
5413
5442
5414
5443
5415
5444
5416
5445
5417
5446
5418
5447
5419
5448
5449
5421
5450
5422
5451
5423
5452
5424
5453
5425
5454
5426
5455
5427
5456
5428
5457
5429
5458
5430
5459
5431
5460
5432
5461
5433
5462
5434
5463
5435
5464
5436
5465
5437
5466
5438
5467
5439
5468
5440
5469
5441
5470
5442
5471
5443
5472
5444
5473
5445
5474
5446
5475
5447
5476
5448
5477
5449
5478
5479
5451
5480
5452
5481
5453
5482
5454
5483
5455
5484
5456
5485
5457
5486
5458
5487
5459
5488
5460
5489
5461
5490
5462
5491
5463
5492
5464
5493
5465
5494
5466
5495
5467
5496
5468
5497
5469
5498
5470
5499
5471
5500
5472
5501
5473
5502
5474
5503
5475
5504
5476
5505
5477
5506
5478
5507
5479
5508
5509
5481
5510
5482
5511
5483
5512
5484
5513
5485
5514
5486
5515
5487
5516
5488
5517
5489
5518
5490
5519
5491
5520
5492
5521
5493
5522
5494
5523
5495
5524
5496
5525
5497
5526
5498
5527
5499
5528
5500
5529
5501
5530
5502
5531
5503
5532
5504
5533
5505
5534
5506
5535
5507
5536
5508
5537
5509
5538
5539
5511
5540
5512
5541
5513
5542
5514
5543
5515
5544
5516
5545
5517
5546
5518
5547
5519
5548
5520
5549
5521
5550
5522
5551
5523
5552
5524
5553
5525
5554
5526
5555
5527
5556
5528
5557
5529
5558
5530
5559
5531
5560
5532
5561
5533
5562
5534
5563
5535
5564
5536
5565
5537
5566
5538
5567
5539
5568
5569
5541
5570
5542
5571
5543
5572
5544
5573
5545
5574
5546
5575
5547
5576
5548
5577
5549
5578
5550
5579
5551
5580
5552
5581
5553
5582
5554
5583
5555
5584
5556
5585
5557
5586
5558
5587
5559
5588
5560
5589
5561
5590
5562
5591
5563
5592
5564
5593
5565
5594
5566
5595
5567
5596
5568
5597
5569
5598
5599
5571
5600
5572
5601
5573
5602
5574
5603
5575
5604
5576
5605
5577
5606
5578
5607
5579
5608
5580
5609
5581
5610
5582
5611
5583
5612
5584
5613
5585
5614
5586
5615
5587
5616
5588
5617
5589
5618
5590
5619
5591
5620
5592
5621
5593
5622
5594
5623
5595
5624
5596
5625
5597
5626
5598
5627
5599
5628
5629
5601
5630
5602
5631
5603
5632
5604
5633
5605
5634
5606
5635
5607
5636
5608
5637
5609
5638
5610
5639
5611
5640
5612
5641
5613
5642
5614
5643
5615
5644
5616
5645
5617
5646
5618
5647
5619
5648
5620
5649
5621
5650
5622
5651
5623
5652
5624
5653
5625
5654
5626
5655
5627
5656
5628
5657
5629
5658
5659
5631
5660
5632
5661
5633
5662
5634
5663
5635
5664
5636
5665
5637
5666
5638
5667
5639
5668
5640
5669
5641
5670
5642
5671
5643
5672
5644
5673
5645
5674
5646
5675
5647
5676
5648
5677
5649
5678
5650
5679
5651
5680
5652
5681
5653
5682
5654
5683
5655
5684
5656
5685
5657
5686
5658
5687
5659
5688
5689
5661
5690
5662
5691
5663
5692
5664
5693
5665
5694
5666
5695
5667
5696
5668
5697
5669
5698
5670
5699
5671
5700
5672
5701
5673
5702
5674
5703
5675
5704
5676
5705
5677
5706
5678
5707
5679
5708
5680
5709
5681
5710
5682
5711
5683
5712
5684
5713
5685
5714
5686
5715
5687
5716
5688
5717
5689
5718
5719
5691
5720
5692
5721
5693
5722
5694
5723
5695
5724
5696
5725
5697
5726
5698
5727
5699
5728
5700
5729
5701
5730
5702
5731
5703
5732
5704
5733
5705
5734
5706
5735
5707
5736
5708
5737
5709
5738
5710
5739
5711
5740
5712
5741
5713
5742
5714
5743
5715
5744
5716
5745
5717
5746
5718
5747
5719
5748
5749
5721
5750
5722
5751
5723
5752
5724
5753
5725
5754
5726
5755
5727
5756
5728
5757
5729
5758
5730
5759
5731
5760
5732
5761
5733
5762
5734
5763
5735
5764
5736
5765
5737
5766
5738
5767
5739
5768
5740
5769
5741
5770
5742
5771
5743
5772
5744
5773
5745
5774
5746
5775
5747
5776
5748
5777
5749
5778
5779
5751
5780
5752
5781
5753
5782
5754
5783
5755
5784
5756
5785
5757
5786
5758
5787
5759
5788
5760
5789
5761
5790
5762
5791
5763
5792
5764
5793
5765
5794
5766
5795
5767
5796
5768
5797
5769
5798
5770
5799
5771
5800
5772
5801
5773
5802
5774
5803
5775
5804
5776
5805
5777
5806
5778
5807
5779
5808
5809
5781
5810
5782
5811
5783
5812
5784
5813
5785
5814
5786
5815
5787
5816
5788
5817
5789
5818
5790
5819
5791
5820
5792
5821
5793
5822
5794
5823
5795
5824
5796
5825
5797
5826
5798
5827
5799
5828
5800
5829
5801
5830
5802
5831
5803
5832
5804
5833
5805
5834
5806
5835
5807
5836
5808
5837
5809
5838
5839
5811
5840
5812
5841
5813
5842
5814
5843
5815
5844
5816
5845
5817
5846
5818
5847
5819
5848
5820
5849
5821
5850
5822
5851
5823
5852
5824
5853
5825
5854
5826
5855
5827
5856
5828
5857
5829
5858
5830
5859
5831
5860
5832
5861
5833
5862
5834
5863
5835
5864
5836
5865
5837
5866
5838
5867
5839
5868
5869
5841
5870
5842
5871
5843
5872
5844
5873
5845
5874
5846
5875
5847
5876
5848
5877
5849
5878
5850
5879
5851
5880
5852
5881
5853
5882
5854
5883
5855
5884
5856
5885
5857
5886
5858
5887
5859
5888
5860
5889
5861
5890
5862
5891
5863
5892
5864
5893
5865
5894
5866
5895
5867
5896
5868
5897
5869
5898
5899
5871
5900
5872
5901
5873
5902
5874
5903
5875
5904
5876
5905
5877
5906
5878
5907
5879
5908
5880
5909
5881
5910
5882
5911
5883
5912
5884
5913
5885
5914
5886
5915
5887
5916
5888
5917
5889
5918
5890
5919
5891
5920
5892
5921
5893
5922
5894
5923
5895
5924
5896
5925
5897
5926
5898
5927
5899
5928
5929
5901
5930
5902
5931
5903
5932
5904
5933
5905
5934
5906
5935
5907
5936
5908
5937
5909
5938
5910
5939
5911
5940
5912
5941
5913
5942
5914
5943
5915
5944
5916
5945
5917
5946
5918
5947
5919
5948
5920
5949
5921
5950
5922
5951
5923
5952
5924
5953
5925
5954
5926
5955
5927
5956
5928
5957
5929
5958
5959
5931
5960
5932
5961
5933
5962
5934
5963
5935
5964
5936
5965
5937
5966
5938
5967
5939
5968
5940
5969
5941
5970
5942
5971
5943
5972
5944
5973
5945
5974
5946
5975
5947
5976
5948
5977
5949
5978
5950
5979
5951
5980
5952
5981
5953
5982
5954
5983
5955
5984
5956
5985
5957
5986
5958
5987
5959
5988
5989
5961
5990
5962
5991
5963
5992
5964
5993
5965
5994
5966
5995
5967
5996
5968
5997
5969
5998
5970
5999
5971
6000
5972
6001
5973
6002
5974
6003
5975
6004
5976
6005
5977
6006
5978
6007
5979
6008
5980
6009
5981
6010
5982
6011
5983
6012
5984
6013
5985
6014
5986
6015
5987
6016
5988
6017
5989
6018
6019
5991
6020
5992
6021
5993
6022
5994
6023
5995
6024
5996
6025
5997
6026
5998
6027
5999
6028
6000
6029
6001
6030
6002
6031
6003
6032
6004
6033
6005
6034
6006
6035
6007
6036
6008
6037
6009
6038
6010
6039
6011
6040
6012
6041
6013
6042
6014
6043
6015
6044
6016
6045
6017
6046
6018
6047
6019
6048
6049
6021
6050
6022
6051
6023
6052
6024
6053
6025
6054
6026
6055
6027
6056
6028
6057
6029
6058
6030
6059
6031
6060
6032
6061
6033
6062
6034
6063
6035
6064
6036
6065
6037
6066
6038
6067
6039
6068
6040
6069
6041
6070
6042
6071
6043
6072
6044
6073
6045
6074
6046
6075
6047
6076
6048
6077
6049
6078
6079
6051
6080
6052
6081
6053
6082
6054
6083
6055
6084
6056
6085
6057
6086
6058
6087
6059
6088
6060
6089
6061
6090
6062
6091
6063
6092
6064
6093
6065
6094
6066
6095
6067
6096
6068
6097
6069
6098
6070
6099
6071
6100
6072
6101
6073
6102
6074
6103
6075
6104
6076
6105
6077
6106
6078
6107
6079
6108
6109
6081
6110
6082
6111
6083
6112
6084
6113
6085
6114
6086
6115
6087
6116
6088
6117
6089
6118
6090
6119
6091
6120
6092
6121
6093
6122
6094
6123
6095
6124
6096
6125
6097
6126
6098
6127
6099
6128
6100
6129
6101
6130
6102
6131
6103
6132
6104
6133
6105
6134
6106
6135
6107
6136
6108
6137
6109
6138
6139
6111
6140
6112
6141
6113
6142
6114
6143
6115
6144
6116
6145
6117
6146
6118
6147
6119
6148
6120
6149
6121
6150
6122
6151
6123
6152
6124
6153
6125
6154
6126
6155
6127
6156
6128
6157
6129
6158
6130
6159
6131
6160
6132
6161
6133
6162
6134
6163
6135
6164
6136
6165
6137
6166
6138
6167
6139
6168
6169
6141
6170
6142
6171
6143
6172
6144
6173
6145
6174
6146
6175
6147
6176
6148
6177
6149
6178
6150
6179
6151
6180
6152
6181
6153
6182
6154
6183
6155
6184
6156
6185
6157
6186
6158
6187
6159
6188
6160
6189
6161
6190
6162
6191
6163
6192
6164
6193
6165
6194
6166
6195
6167
6196
6168
6197
6169
6198
6199
6171
6200
6172
6201
6173
6202
6174
6203
6175
6204
6176
6205
6177
6206
6178
6207
6179
6208
6180
6209
6181
6210
6182
6211
6183
6212
6184
6213
6185
6214
6186
6215
6187
6216
6188
6217
6189
6218
6190
6219
6191
6220
6192
6221
6193
6222
6194
6223
6195
6224
6196
6225
6197
6226
6198
6227
6199
6228
6229
6201
6230
6202
6231
6203
6232
6204
6233
6205
6234
6206
6235
6207
6236
6208
6237
6209
6238
6210
6239
6211
6240
6212
6241
6213
6242
6214
6243
6215
6244
6216
6245
6217
6246
6218
6247
6219
6248
6220
6249
6221
6250
6222
6251
6223
6252
6224
6253
6225
6254
6226
6255
6227
6256
6228
6257
6229
6258
6259
6231
6260
6232
6261
6233
6262
6234
6263
6235
6264
6236
6265
6237
6266
6238
6267
6239
6268
6240
6269
6241
6270
6242
6271
6243
6272
6244
6273
6245
6274
6246
6275
6247
6276
6248
6277
6249
6278
6250
6279
6251
6280
6252
6281
6253
6282
6254
6283
6255
6284
6256
6285
6257
6286
6258
6287
6259
6288
6289
6261
6290
6262
6291
6263
6292
6264
6293
6265
6294
6266
6295
6267
6296
6268
6297
6269
6298
6270
6299
6271
6300
6272
6301
6273
6302
6274
6303
6275
6304
6276
6305
6277
6306
6278
6307
6279
6308
6280
6309
6281
6310
6282
6311
6283
6312
6284
6313
6285
6314
6286
6315
6287
6316
6288
6317
6289
6318
6319
6291
6320
6292
6321
6293
6322
6294
6323
6295
6324
6296
6325
6297
6326
6298
6327
6299
6328
6300
6329
6301
6330
6302
6331
6303
6332
6304
6333
6305
6334
6306
6335
6307
6336
6308
6337
6309
6338
6310
6339
6311
6340
6312
6341
6313
6342
6314
6343
6315
6344
6316
6345
6317
6346
6318
6347
6319
6348
6349
6321
6350
6322
6351
6323
6352
6324
6353
6325
6354
6326
6355
6327
6356
6328
6357
6329
6358
6330
6359
6331
6360
6332
6361
6333
6362
6334
6363
6335
6364
6336
6365
6337
6366
6338
6367
6339
6368
6340
6369
6341
6370
6342
6371
6343
6372
6344
6373
6345
6374
6346
6375
6347
6376
6348
6377
6349
6378
6379
6351
6380
6352
6381
6353
6382
6354
6383
6355
6384
6356
6385
6357
6386
6358
6387
6359
6388
6360
6389
6361
6390
6362
6391
6363
6392
6364
6393
6365
6394
6366
6395
6367
6396
6368
6397
6369
6398
6370
6399
6371
6400
6372
6401
6373
6402
6374
6403
6375
6404
6376
6405
6377
6406
6378
6407
6379
6408
6409
6381
6410
6382
6411
6383
6412
6384
6413
6385
6414
6386
6415
6387
6416
6388
6417
6389
6418
6390
6419
6391
6420
6392
6421
6393
6422
6394
6423
6395
6424
6396
6425
6397
6426
6398
6427
6399
6428
6400
6429
6401
6430
6402
6431
6403
6432
6404
6433
6405
6434
6406
6435
6407
6436
6408
6437
6409
6438
6439
6411
6440
6412
6441
6413
6442
6414
6443
6415
6444
6416
6445
6417
6446
6418
6447
6419
6448
6420
6449
6421
6450
6422
6451
6423
6452
6424
6453
6425
6454
6426
6455
6427
6456
6428
6457
6429
6458
6430
6459
6431
6460
6432
6461
6433
6462
6434
6463
6435
6464
6436
6465
6437
6466
6438
6467
6439
6468
6469
6441
6470
6442
6471
6443
6472
6444
6473
6445
6474
6446
6475
6447
6476
6448
6477
6449
6478
6450
6479
6451
6480
6452
6481
6453
6482
6454
6483
6455
6484
6456
6485
6457
6486
6458
6487
6459
6488
6460
6489
6461
6490
6462
6491
6463
6492
6464
6493
6465
6494
6466
6495
6467
6496
6468
6497
6469
6498
6499
6471
6500
6472
6501
6473
6502
6474
6503
6475
6504
6476
6505
6477
6506
6478
6507
6479
6508
6480
6509
6481
6510
6482
6511
6483
6512
6484
6513
6485
6514
6486
6515
6487
6516
6488
6517
6489
6518
6490
6519
6491
6520
6492
6521
6493
6522
6494
6523
6495
6524
6496
6525
6497
6526
6498
6527
6499
6528
6529
6501
6530
6502
6531
6503
6532
6504
6533
6505
6534
6506
6535
6507
6536
6508
6537
6509
6538
6510
6539
6511
6540
6512
6541
6513
6542
6514
6543
6515
6544
6516
6545
6517
6546
6518
6547
6519
6548
6520
6549
6521
6550
6522
6551
6523
6552
6524
6553
6525
6554
6526
6555
6527
6556
6528
6557
6529
6558
6559
6531
6560
6532
6561
6533
6562
6534
6563
6535
6564
6536
6565
6537
6566
6538
6567
6539
6568
6540
6569
6541
6570
6542
6571
6543
6572
6544
6573
6545
6574
6546
6575
6547
6576
6548
6577
6549
6578
6550
6579
6551
6580
6552
6581
6553
6582
6554
6583
6555
6584
6556
6585
6557
6586
6558
6587
6559
6588
6589
6561
6590
6562
6591
6563
6592
6564
6593
6565
6594
6566
6595
6567
6596
6568
6597
6569
6598
6570
6599
6571
6600
6572
6601
6573
6602
6574
6603
6575
6604
6576
6605
6577
6606
6578
6607
6579
6608
6580
6609
6581
6610
6582
6611
6583
6612
6584
6613
6585
6614
6586
6615
6587
6616
6588
6617
6589
6618
6619
6591
6620
6592
6621
6593
6622
6594
6623
6595
6624
6596
6625
6597
6626
6598
6627
6599
6628
6600
6629
6601
6630
6602
6631
6603
6632
6604
6633
6605
6634
6606
6635
6607
6636
6608
6637
6609
6638
6610
6639
6611
6640
6612
6641
6613
6642
6614
6643
6615
6644
6616
6645
6617
6646
6618
6647
6619
6648
6649
6621
6650
6622
6651
6623
6652
6624
6653
6625
6654
6626
6655
6627
6656
6628
6657
6629
6658
6630
6659
6631
6660
6632
6661
6633
6662
6634
6663
6635
6664
6636
6665
6637
6666
6638
6667
6639
6668
6640
6669
6641
6670
6642
6671
6643
6672
6644
6673
6645
6674
6646
6675
6647
6676
6648
6677
6649
6678
6679
6651
6680
6652
6681
6653
6682
6654
6683
6655
6684
6656
6685
6657
6686
6658
6687
6659
6688
6660
6689
6661
6690
6662
6691
6663
6692
6664
6693
6665
6694
6666
6695
6667
6696
6668
6697
6669
6698
6670
6699
6671
6700
6672
6701
6673
6702
6674
6703
6675
6704
6676
6705
6677
6706
6678
6707
6679
6708
6709
6681
6710
6682
6711
6683
6712
6684
6713
6685
6714
6686
6715
6687
6716
6688
6717
6689
6718
6690
6719
6691
6720
6692
6721
6693
6722
6694
6723
6695
6724
6696
6725
6697
6726
6698
6727
6699
6728
6700
6729
6701
6730
6702
6731
6703
6732
6704
6733
6705
6734
6706
6735
6707
6736
6708
6737
6709
6738
6739
6711
6740
6712
6741
6713
6742
6714
6743
6715
6744
6716
6745
6717
6746
6718
6747
6719
6748
6720
6749
6721
6750
6722
6751
6723
6752
6724
6753
6725
6754
6726
6755
6727
6756
6728
6757
6729
6758
6730
6759
6731
6760
6732
6761
6733
6762
6734
6763
6735
6764
6736
6765
6737
6766
6738
6767
6739
6768
6769
6741
6770
6742
6771
6743
6772
6744
6773
6745
6774
6746
6775
6747
6776
6748
6777
6749
6778
6750
6779
6751
6780
6752
6781
6753
6782
6754
6783
6755
6784
6756
6785
6757
6786
6758
6787
6759
6788
6760
6789
6761
6790
6762
6791
6763
6792
6764
6793
6765
6794
6766
6795
6767
6796
6768
6797
6769
6798
6799
6771
6800
6772
6801
6773
6802
6774
6803
6775
6804
6776
6805
6777
6806
6778
6807
6779
6808
6780
6809
6781
6810
6782
6811
6783
6812
6784
6813
6785
6814
6786
6815
6787
6816
6788
6817
6789
6818
6790
6819
6791
6820
6792
6821
6793
6822
6794
6823
6795
6824
6796
6825
6797
6826
6798
6827
6799
6828
6829
6801
6830
6802
6831
6803
6832
6804
6833
6805
6834
6806
6835
6807
6836
6808
6837
6809
6838
6810
6839
6811
6840
6812
6841
6813
6842
6814
6843
6815
6844
6816
6845
6817
6846
6818
6847
6819
6848
6820
6849
6821
6850
6822
6851
6823
6852
6824
6853
6825
6854
6826
6855
6827
6856
6828
6857
6829
6858
6859
6831
6860
6832
6861
6833
6862
6834
6863
6835
6864
6836
6865
6837
6866
6838
6867
6839
6868
6840
6869
6841
6870
6842
6871
6843
6872
6844
6873
6845
6874
6846
6875
6847
6876
6848
6877
6849
6878
6850
6879
6851
6880
6852
6881
6853
6882
6854
6883
6855
6884
6856
6885
6857
6886
6858
6887
6859
6888
6889
6861
6890
6862
6891
6863
6892
6864
6893
6865
6894
6866
6895
6867
6896
6868
6897
6869
6898
6870
6899
6871
6900
6872
6901
6873
6902
6874
6903
6875
6904
6876
6905
6877
6906
6878
6907
6879
6908
6880
6909
6881
6910
6882
6911
6883
6912
6884
6913
6885
6914
6886
6915
6887
6916
6888
6917
6889
6918
6919
6891
6920
6892
6921
6893
6922
6894
6923
6895
6924
6896
6925
6897
6926
6898
6927
6899
6928
6900
6929
6901
6930
6902
6931
6903
6932
6904
6933
6905
6934
6906
6935
6907
6936
6908
6937
6909
6938
6910
6939
6911
6940
6912
6941
6913
6942
6914
6943
6915
6944
6916
6945
6917
6946
6918
6947
6919
6948
6949
6921
6950
6922
6951
6923
6952
6924
6953
6925
6954
6926
6955
6927
6956
6928
6957
6929
6958
6930
6959
6931
6960
6932
6961
6933
6962
6934
6963
6935
6964
6936
6965
6937
6966
6938
6967
6939
6968
6940
6969
6941
6970
6942
6971
6943
6972
6944
6973
6945
6974
6946
6975
6947
6976
6948
6977
6949
6978
6979
6951
6980
6952
6981
6953
6982
6954
6983
6955
6984
6956
6985
6957
6986
6958
6987
6959
6988
6960
6989
6961
6990
6962
6991
6963
6992
6964
6993
6965
6994
6966
6995
6967
6996
6968
6997
6969
6998
6970
6999
6971
7000
6972
7001
6973
7002
6974
7003
6975
7004
6976
7005
6977
7006
6978
7007
6979
7008
7009
6981
7010
6982
7011
6983
7012
6984
7013
6985
7014
6986
7015
6987
7016
6988
7017
6989
7018
6990
7019
6991
7020
6992
7021
6993
7022
6994
7023
6995
7024
6996
7025
6997
7026
6998
7027
6999
7028
7000
7029
7001
7030
7002
7031
7003
7032
7004
7033
7005
7034
7006
7035
7007
7036
7008
7037
7009
7038
7039
7011
7040
7012
7041
7013
7042
7014
7043
7015
7044
7016
7045
7017
7046
7018
7047
7019
7048
7020
7049
7021
7050
7022
7051
7023
7052
7024
7053
7025
7054
7026
7055
7027
7056
7028
7057
7029
7058
7030
7059
7031
7060
7032
7061
7033
7062
7034
7063
7035
7064
7036
7065
7037
7066
7038
7067
7039
7068
7069
7041
7070
7042
7071
7043
7072
7044
7073
7045
7074
7046
7075
7047
7076
7048
7077
7049
7078
7050
7079
7051
7080
7052
7081
7053
7082
7054
7083
7055
7084
7056
7085
7057
7086
7058
7087
7059
7088
7060
7089
7061
7090
7062
7091
7063
7092
7064
7093
7065
7094
7066
7095
7067
7096
7068
7097
7069
7098
7099
7071
7100
7072
7101
7073
7102
7074
7103
7075
7104
7076
7105
7077
7106
7078
7107
7079
7108
7080
7109
7081
7110
7082
7111
7083
7112
7084
7113
7085
7114
7086
7115
7087
7116
7088
7117
7089
7118
7090
7119
7091
7120
7092
7121
7093
7122
7094
7123
7095
7124
7096
7125
7097
7126
7098
7127
7099
7128
7129
7101
7130
7102
7131
7103
7132
7104
7133
7105
7134
7106
7135
7107
7136
7108
7137
7109
7138
7110
7139
7111
7140
7112
7141
7113
7142
7114
7143
7115
7144
7116
7145
7117
7146
7118
7147
7119
7148
7120
7149
7121
7150
7122
7151
7123
7152
7124
7153
7125
7154
7126
7155
7127
7156
7128
7157
7129
7158
7159
7131
7160
7132
7161
7133
7162
7134
7163
7135
7164
7136
7165
7137
7166
7138
7167
7139
7168
7140
7169
7141
7170
7142
7171
7143
7172
7144
7173
7145
7174
7146
7175
7147
7176
7148
7177
7149
7178
7150
7179
7151
7180
7152
7181
7153
7182
7154
7183
7155
7184
7156
7185
7157
7186
7158
7187
7159
7188
7189
7161
7190
7162
7191
7163
7192
7164
7193
7165
7194
7166
7195
7167
7196
7168
7197
7169
7198
7170
7199
7171
7200
7172
7201
7173
7202
7174
7203
7175
7204
7176
7205
7177
7206
7178
7207
7179
7208
7180
7209
7181
7210
7182
7211
7183
7212
7184
7213
7185
7214
7186
7215
7187
7216
7188
7217
7189
7218
7219
7191
7220
7192
7221
7193
7222
7194
7223
7195
7224
7196
7225
7197
7226
7198
7227
7199
7228
7200
7229
7201
7230
7202
7231
7203
7232
7204
7233
7205
7234
7206
7235
7207
7236
7208
7237
7209
7238
7210
7239
7211
7240
7212
7241
7213
7242
7214
7243
7215
7244
7216
7245
7217
7246
7218
7247
7219
7248
7249
7221
7250
7222
7251
7223
7252
7224
7253
7225
7254
7226
7255
7227
7256
7228
7257
7229
7258
7230
7259
7231
7260
7232
7261
7233
7262
7234
7263
7235
7264
7236
7265
7237
7266
7238
7267
7239
7268
7240
7269
7241
7270
7242
7271
7243
7272
7244
7273
7245
7274
7246
7275
7247
7276
7248
7277
7249
7278
7279
7251
7280
7252
7281
7253
7282
7254
7283
7255
7284
7256
7285
7257
7286
7258
7287
7259
7288
7260
7289
7261
7290
7262
7291
7263
7292
7264
7293
7265
7294
7266
7295
7267
7296
7268
7297
7269
7298
7270
7299
7271
7300
7272
7301
7273
7302
7274
7303
7275
7304
7276
7305
7277
7306
7278
7307
7279
7308
7309
7281
7310
7282
7311
7283
7312
7284
7313
7285
7314
7286
7315
7287
7316
7288
7317
7289
7318
7290
7319
7291
7320
7292
7321
7293
7322
7294
7323
7295
7324
7296
7325
7297
7326
7298
7327
7299
7328
7300
7329
7301
7330
7302
7331
7303
7332
7304
7333
7305
7334
7306
7335
7307
7336
7308
7337
7309
7338
7339
7311
7340
7312
7341
7313
7342
7314
7343
7315
7344
7316
7345
7317
7346
7318
7347
7319
7348
7320
7349
7321
7350
7322
7351
7323
7352
7324
7353
7325
7354
7326
7355
7327
7356
7328
7357
7329
7358
7330
7359
7331
7360
7332
7361
7333
7362
7334
7363
7335
7364
7336
7365
7337
7366
7338
7367
7339
7368
7369
7341
7370
7342
7371
7343
7372
7344
7373
7345
7374
7346
7375
7347
7376
7348
7377
7349
7378
7350
7379
7351
7380
7352
7381
7353
7382
7354
7383
7355
7384
7356
7385
7357
7386
7358
7387
7359
7388
7360
7389
7361
7390
7362
7391
7363
7392
7364
7393
7365
7394
7366
7395
7367
7396
7368
7397
7369
7398
7399
7371
7400
7372
7401
7373
7402
7374
7403
7375
7404
7376
7405
7377
7406
7378
7407
7379
7408
7380
7409
7381
7410
7382
7411
7383
7412
7384
7413
7385
7414
7386
7415
7387
7416
7388
7417
7389
7418
7390
7419
7391
7420
7392
7421
7393
7422
7394
7423
7395
7424
7396
7425
7397
7426
7398
7427
7399
7428
7429
7401
7430
7402
7431
7403
7432
7404
7433
7405
7434
7406
7435
7407
7436
7408
7437
7409
7438
7410
7439
7411
7440
7412
7441
7413
7442
7414
7443
7415
7444
7416
7445
7417
7446
7418
7447
7419
7448
7420
7449
7421
7450
7422
7451
7423
7452
7424
7453
7425
7454
7426
7455
7427
7456
7428
7457
7429
7458
7459
7431
7460
7432
7461
7433
7462
7434
7463
7435
7464
7436
7465
7437
7466
7438
7467
7439
7468
7440
7469
7441
7470
7442
7471
7443
7472
7444
7473
7445
7474
7446
7475
7447
7476
7448
7477
7449
7478
7450
7479
7451
7480
7452
7481
7453
7482
7454
7483
7455
7484
7456
7485
7457
7486
7458
7487
7459
7488
7489
7461
7490
7462
7491
7463
7492
7464
7493
7465
7494
7466
7495
7467
7496
7468
7497
7469
7498
7470
7499
7471
7500
7472
7501
7473
7502
7474
7503
7475
7504
7476
7505
7477
7506
7478
7507
7479
7508
7480
7509
7481
7510
7482
7511
7483
7512
7484
7513
7485
7514
7486
7515
7487
7516
7488
7517
7489
7518
7519
7491
7520
7492
7521
7493
7522
7494
7523
7495
7524
7496
7525
7497
7526
7498
7527
7499
7528
7500
7529
7501
7530
7502
7531
7503
7532
7504
7533
7505
7534
7506
7535
7507
7536
7508
7537
7509
7538
7510
7539
7511
7540
7512
7541
7513
7542
7514
7543
7515
7544
7516
7545
7517
7546
7518
7547
7519
7548
7549
7521
7550
7522
7551
7523
7552
7524
7553
7525
7554
7526
7555
7527
7556
7528
7557
7529
7558
7530
7559
7531
7560
7532
7561
7533
7562
7534
7563
7535
7564
7536
7565
7537
7566
7538
7567
7539
7568
7540
7569
7541
7570
7542
7571
7543
7572
7544
7573
7545
7574
7546
7575
7547
7576
7548
7577
7549
7578
7579
7551
7580
7552
7581
7553
7582
7554
7583
7555
7584
7556
7585
7557
7586
7558
7587
7559
7588
7560
7589
7561
7590
7562
7591
7563
7592
7564
7593
7565
7594
7566
7595
7567
7596
7568
7597
7569
7598
7570
7599
7571
7600
7572
7601
7573
7602
7574
7603
7575
7604
7576
7605
7577
7606
7578
7607
7579
7608
7609
7581
7610
7582
7611
7583
7612
7584
7613
7585
7614
7586
7615
7587
7616
7588
7617
7589
7618
7590
7619
7591
7620
7592
7621
7593
7622
7594
7623
7595
7624
7596
7625
7597
7626
7598
7627
7599
7628
7600
7629
7601
7630
7602
7631
7603
7632
7604
7633
7605
7634
7606
7635
7607
7636
7608
7637
7609
7638
7639
7611
7640
7612
7641
7613
7642
7614
7643
7615
7644
7616
7645
7617
7646
7618
7647
7619
7648
7620
7649
7621
7650
7622
7651
7623
7652
7624
7653
7625
7654
7626
7655
7627
7656
7628
7657
7629
7658
7630
7659
7631
7660
7632
7661
7633
7662
7634
7663
7635
7664
7636
7665
7637
7666
7638
7667
7639
7668
7669
7641
7670
7642
7671
7643
7672
7644
7673
7645
7674
7646
7675
7647
7676
7648
7677
7649
7678
7650
7679
7651
7680
7652
7681
7653
7682
7654
7683
7655
7684
7656
7685
7657
7686
7658
7687
7659
7688
7660
7689
7661
7690
7662
7691
7663
7692
7664
7693
7665
7694
7666
7695
7667
7696
7668
7697
7669
7698
7699
7671
7700
7672
7701
7673
7702
7674
7703
7675
7704
7676
7705
7677
7706
7678
7707
7679
7708
7680
7709
7681
7710
7682
7711
7683
7712
7684
7713
7685
7714
7686
7715
7687
7716
7688
7717
7689
7718
7690
7719
7691
7720
7692
7721
7693
7722
7694
7723
7695
7724
7696
7725
7697
7726
7698
7727
7699
7728
7729
7701
7730
7702
7731
7703
7732
7704
7733
7705
7734
7706
7735
7707
7736
7708
7737
7709
7738
7710
7739
7711
7740
7712
7741
7713
7742
7714
7743
7715
7744
7716
7745
7717
7746
7718
7747
7719
7748
7720
7749
7721
7750
7722
7751
7723
7752
7724
7753
7725
7754
7726
7755
7727
7756
7728
7757
7729
7758
7759
7731
7760
7732
7761
7733
7762
7734
7763
7735
7764
7736
7765
7737
7766
7738
7767
7739
7768
7740
7769
7741
7770
7742
7771
7743
7772
7744
7773
7745
7774
7746
7775
7747
7776
7748
7777
7749
7778
7750
7779
7751
7780
7752
7781
7753
7782
7754
7783
7755
7784
7756
7785
7757
7786
7758
7787
7759
7788
7789
7761
7790
7762
7791
7763
7792
7764
7793
7765
7794
7766
7795
7767
7796
7768
7797
7769
7798
7770
7799
7771
7800
7772
7801
7773
7802
7774
7803
7775
7804
7776
7805
7777
7806
7778
7807
7779
7808
7780
7809
7781
7810
7782
7811
7783
7812
7784
7813
7785
7814
7786
7815
7787
7816
7788
7817
7789
7818
7819
7791
7820
7792
7821
7793
7822
7794
7823
7795
7824
7796
7825
7797
7826
7798
7827
7799
7828
7800
7829
7801
7830
7802
7831
7803
7832
7804
7833
7805
7834
7806
7835
7807
7836
7808
7837
7809
7838
7810
7839
7811
7840
7812
7841
7813
7842
7814
7843
7815
7844
7816
7845
7817
7846
7818
7847
7819
7848
7849
7821
7850
7822
7851
7823
7852
7824
7853
7825
7854
7826
7855
7827
7856
7828
7857
7829
7858
7830
7859
7831
7860
7832
7861
7833
7862
7834
7863
7835
7864
7836
7865
7837
7866
7838
7867
7839
7868
7840
7869
7841
7870
7842
7871
7843
7872
7844
7873
7845
7874
7846
7875
7847
7876
7848
7877
7849
7878
7879
7851
7880
7852
7881
7853
7882
7854
7883
7855
7884
7856
7885
7857
7886
7858
7887
7859
7888
7860
7889
7861
7890
7862
7891
7863
7892
7864
7893
7865
7894
7866
7895
7867
7896
7868
7897
7869
7898
7870
7899
7871
7900
7872
7901
7873
7902
7874
7903
7875
7904
7876
7905
7877
7906
7878
7907
7879
7908
7909
7881
7910
7882
7911
7883
7912
7884
7913
7885
7914
7886
7915
7887
7916
7888
7917
7889
7918
7890
7919
7891
7920
7892
7921
7893
7922
7894
7923
7895
7924
7896
7925
7897
7926
7898
7927
7899
7928
7900
7929
7901
7930
7902
7931
7903
7932
7904
7933
7905
7934
7906
7935
7907
7936
7908
7937
7909
7938
7939
7911
7940
7912
7941
7913
7942
7914
7943
7915
7944
7916
7945
7917
7946
7918
7947
7919
7948
7920
7949
7921
7950
7922
7951
7923
7952
7924
7953
7925
7954
7926
7955
7927
7956
7928
7957
7929
7958
7930
7959
7931
7960
7932
7961
7933
7962
7934
7963
7935
7964
7936
7965
7937
7966
7938
7967
7939
7968
7969
7941
7970
7942
7971
7943
7972
7944
7973
7945
7974
7946
7975
7947
7976
7948
7977
7949
7978
7950
7979
7951
7980
7952
7981
7953
7982
7954
7983
7955
7984
7956
7985
7957
7986
7958
7987
7959
7988
7960
7989
7961
7990
7962
7991
7963
7992
7964
7993
7965
7994
7966
7995
7967
7996
7968
7997
7969
7998
7999
7971
8000
7972
8001
7973
8002
7974
8003
7975
8004
7976
8005
7977
8006
7978
8007
7979
8008
7980
8009
7981
8010
7982
8011
7983
8012
7984
8013
7985
8014
7986
8015
7987
8016
7988
8017
7989
8018
7990
8019
7991
8020
7992
8021
7993
8022
7994
8023
7995
8024
7996
8025
7997
8026
7998
8027
7999
8028
8029
8001
8030
8002
8031
8003
8032
8004
8033
8005
8034
8006
8035
8007
8036
8008
8037
8009
8038
8010
8039
8011
8040
8012
8041
8013
8042
8014
8043
8015
8044
8016
8045
8017
8046
8018
8047
8019
8048
8020
8049
8021
8050
8022
8051
8023
8052
8024
8053
8025
8054
8026
8055
8027
8056
8028
8057
8029
8058
8059
8031
8060
8032
8061
8033
8062
8034
8063
8035
8064
8036
8065
8037
8066
8038
8067
8039
8068
8040
8069
8041
8070
8042
8071
8043
8072
8044
8073
8045
8074
8046
8075
8047
8076
8048
8077
8049
8078
8050
8079
8051
8080
8052
8081
8053
8082
8054
8083
8055
8084
8056
8085
8057
8086
8058
8087
8059
8088
8089
8061
8090
8062
8091
8063
8092
8064
8093
8065
8094
8066
8095
8067
8096
8068
8097
8069
8098
8070
8099
8071
8100
8072
8101
8073
8102
8074
8103
8075
8104
8076
8105
8077
8106
8078
8107
8079
8108
8080
8109
8081
8110
8082
8111
8083
8112
8084
8113
8085
8114
8086
8115
8087
8116
8088
8117
8089
8118
8119
8091
8120
8092
8121
8093
8122
8094
8123
8095
8124
8096
8125
8097
8126
8098
8127
8099
8128
8100
8129
8101
8130
8102
8131
8103
8132
8104
8133
8105
8134
8106
8135
8107
8136
8108
8137
8109
8138
8110
8139
8111
8140
8112
8141
8113
8142
8114
8143
8115
8144
8116
8145
8117
8146
8118
8147
8119
8148
8149
8121
8150
8122
8151
8123
8152
8124
8153
8125
8154
8126
8155
8127
8156
8128
8157
8129
8158
8130
8159
8131
8160
8132
8161
8133
8162
8134
8163
8135
8164
8136
8165
8137
8166
8138
8167
8139
8168
8140
8169
8141
8170
8142
8171
8143
8172
8144
8173
8145
8174
8146
8175
8147
8176
8148
8177
8149
8178
8179
8151
8180
8152
8181
8153
8182
8154
8183
8155
8184
8156
8185
8157
8186
8158
8187
8159
8188
8160
8189
8161
8190
8162
8191
8163
8192
8164
8193
8165
8194
8166
8195
8167
8196
8168
8197
8169
8198
8170
8199
8171
8200
8172
8201
8173
8202
8174
8203
8175
8204
8176
8205
8177
8206
8178
8207
8179
8208
8209
8181
8210
8182
8211
8183
8212
8184
8213
8185
8214
8186
8215
8187
8216
8188
8217
8189
8218
8190
8219
8191
8220
8192
8221
8193
8222
8194
8223
8195
8224
8196
8225
8197
8226
8198
8227
8199
8228
8200
8229
8201
8230
8202
8231
8203
8232
8204
8233
8205
8234
8206
8235
8207
8236
8208
8237
8209
8238
8239
8211
8240
8212
8241
8213
8242
8214
8243
8215
8244
8216
8245
8217
8246
8218
8247
8219
8248
8220
8249
8221
8250
8222
8251
8223
8252
8224
8253
8225
8254
8226
8255
8227
8256
8228
8257
8229
8258
8230
8259
8231
8260
8232
8261
8233
8262
8234
8263
8235
8264
8236
8265
8237
8266
8238
8267
8239
8268
8269
8241
8270
8242
8271
8243
8272
8244
8273
8245
8274
8246
8275
8247
8276
8248
8277
8249
8278
8250
8279
8251
8280
8252
8281
8253
8282
8254
8283
8255
8284
8256
8285
8257
8286
8258
8287
8259
8288
8260
8289
8261
8290
8262
8291
8263
8292
8264
8293
8265
8294
8266
8295
8267
8296
8268
8297
8269
8298
8299
8271
8300
8272
8301
8273
8302
8274
8303
8275
8304
8276
8305
8277
8306
8278
8307
8279
8308
8280
8309
8281
8310
8282
8311
8283
8312
8284
8313
8285
8314
8286
8315
8287
8316
8288
8317
8289
8318
8290
8319
8291
8320
8292
8321
8293
8322
8294
8323
8295
8324
8296
8325
8297
8326
8298
8327
8299
8328
8329
8301
8330
8302
8331
8303
8332
8304
8333
8305
8334
8306
8335
8307
8336
8308
8337
8309
8338
8310
8339
8311
8340
8312
8341
8313
8342
8314
8343
8315
8344
8316
8345
8317
8346
8318
8347
8319
8348
8320
8349
8321
8350
8322
8351
8323
8352
8324
8353
8325
8354
8326
8355
8327
8356
8328
8357
8329
8358
8359
8331
8360
8332
8361
8333
8362
8334
8363
8335
8364
8336
8365
8337
8366
8338
8367
8339
8368
8340
8369
8341
8370
8342
8371
8343
8372
8344
8373
8345
8374
8346
8375
8347
8376
8348
8377
8349
8378
8350
8379
8351
8380
8352
8381
8353
8382
8354
8383
8355
8384
8356
8385
8357
8386
8358
8387
8359
8388
8389
8361
8390
8362
8391
8363
8392
8364
8393
8365
8394
8366
8395
8367
8396
8368
8397
8369
8398
8370
8399
8371
8400
8372
8401
8373
8402
8374
8403
8375
8404
8376
8405
8377
8406
8378
8407
8379
8408
8380
8409
8381
8410
8382
8411
8383
8412
8384
8413
8385
8414
8386
8415
8387
8416
8388
8417
8389
8418
8419
8391
8420
8392
8421
8393
8422
8394
8423
8395
8424
8396
8425
8397
8426
8398
8427
8399
8428
8400
8429
8401
8430
8402
8431
8403
8432
8404
8433
8405
8434
8406
8435
8407
8436
8408
8437
8409
8438
8410
8439
8411
8440
8412
8441
8413
8442
8414
8443
8415
8444
8416
8445
8417
8446
8418
8447
8419
8448
8449
8421
8450
8422
8451
8423
8452
8424
8453
8425
8454
8426
8455
8427
8456
8428
8457
8429
8458
8430
8459
8431
8460
8432
8461
8433
8462
8434
8463
8435
8464
8436
8465
8437
8466
8438
8467
8439
8468
8440
8469
8441
8470
8442
8471
8443
8472
8444
8473
8445
8474
8446
8475
8447
8476
8448
8477
8449
8478
8479
8451
8480
8452
8481
8453
8482
8454
8483
8455
8484
8456
8485
8457
8486
8458
8487
8459
8488
8460
8489
8461
8490
8462
8491
8463
8492
8464
8493
8465
8494
8466
8495
8467
8496
8468
8497
8469
8498
8470
8499
8471
8500
8472
8501
8473
8502
8474
8503
8475
8504
8476
8505
8477
8506
8478
8507
8479
8508
8509
8481
8510
8482
8511
8483
8512
8484
8513
8485
8514
8486
8515
8487
8516
8488
8517
8489
8518
8490
8519
8491
8520
8492
8521
8493
8522
8494
8523
8495
8524
8496
8525
8497
8526
8498
8527
8499
8528
8500
8529
8501
8530
8502
8531
8503
8532
8504
8533
8505
8534
8506
8535
8507
8536
8508
8537
8509
8538
8539
8511
8540
8512
8541
8513
8542
8514
8543
8515
8544
8516
8545
8517
8546
8518
8547
8519
8548
8520
8549
8521
8550
8522
8551
8523
8552
8524
8553
8525
8554
8526
8555
8527
8556
8528
8557
8529
8558
8530
8559
8531
8560
8532
8561
8533
8562
8534
8563
8535
8564
8536
8565
8537
8566
8538
8567
8539
8568
8569
8541
8570
8542
8571
8543
8572
8544
8573
8545
8574
8546
8575
8547
8576
8548
8577
8549
8578
8550
8579
8551
8580
8552
8581
8553
8582
8554
8583
8555
8584
8556
8585
8557
8586
8558
8587
8559
8588
8560
8589
8561
8590
8562
8591
8563
8592
8564
8593
8565
8594
8566
8595
8567
8596
8568
8597
8569
8598
8599
8571
8572
8573
8574
8575
8576
8577
8578
8579
8580
8581
8582
8583
8584
8585
8586
8587
8588
8589
8590
8591
8592
8593
8594
8595
8596
8597
8598
8599
)


// ************************************************************************* //
