/*--------------------------------*- C++ -*----------------------------------*\
| =========                 |                                                 |
| \\      /  F ield         | OpenFOAM: The Open Source CFD Toolbox           |
|  \\    /   O peration     | Version:  2506                                  |
|   \\  /    A nd           | Website:  www.openfoam.com                      |
|    \\/     M anipulation  |                                                 |
\*---------------------------------------------------------------------------*/
FoamFile
{
    version     2.0;
    format      ascii;
    arch        "LSB;label=32;scalar=64";
    class       volScalarField;
    location    "17000/water";
    object      alphat;
}
// * * * * * * * * * * * * * * * * * * * * * * * * * * * * * * * * * * * * * //

dimensions      [1 -1 -1 0 0 0 0];

internalField   nonuniform List<scalar> 
6000
(
0.041292847
0.041292824
0.041292831
0.041292856
0.041292889
0.041292932
0.041292983
0.041293016
0.041292808
0.041290571
0.041271537
0.041111294
0.0397723
0.030564074
0.013464793
0.040788543
0.040788537
0.040788576
0.040788654
0.040788758
0.040788888
0.04078902
0.040788972
0.040787494
0.040776037
0.040696382
0.040161217
0.036863805
0.023766469
0.015141611
0.04033569
0.040335696
0.040335761
0.040335884
0.040336044
0.040336229
0.04033633
0.040335685
0.040330323
0.040296649
0.040097616
0.038983223
0.033614213
0.0194951
0.016360294
0.039926215
0.039926219
0.039926301
0.039926459
0.03992666
0.039926848
0.039926701
0.039924457
0.039910659
0.039835636
0.039448738
0.037597438
0.030384627
0.016783058
0.017196555
0.039553796
0.039553808
0.039553906
0.039554093
0.039554312
0.039554413
0.039553622
0.0395481
0.039519187
0.039379112
0.038737841
0.036066498
0.027427863
0.015063192
0.01773179
0.039213273
0.039213296
0.039213408
0.039213613
0.039213809
0.039213657
0.039211571
0.039200298
0.039147643
0.038916647
0.037965398
0.034462847
0.024852826
0.013984463
0.018040007
0.038900366
0.038900399
0.038900521
0.038900723
0.038900826
0.038900159
0.038895819
0.03887551
0.038788999
0.038441492
0.037140256
0.032849727
0.022675913
0.013336844
0.018183117
0.038611532
0.038611573
0.038611697
0.038611866
0.038611765
0.038610199
0.038602307
0.038568928
0.038437606
0.037950377
0.036275872
0.031274836
0.020870828
0.012994967
0.018210197
0.038343817
0.038343862
0.038343975
0.038344065
0.038343601
0.038340605
0.038327517
0.03827644
0.038089201
0.037442856
0.03538704
0.029770035
0.019396999
0.012882914
0.018158676
0.038094736
0.03809478
0.038094862
0.038094803
0.038093753
0.038088644
0.038068396
0.037994592
0.037740813
0.036920504
0.03448763
0.028354169
0.018213448
0.012953916
0.018056304
0.037862183
0.037862216
0.037862238
0.037861935
0.037860009
0.037851941
0.037822294
0.037720559
0.037390607
0.036386134
0.033589398
0.02703684
0.017284481
0.013178532
0.017923231
0.03764436
0.037644371
0.037644291
0.037643618
0.037640447
0.037628426
0.037586933
0.037452106
0.037037684
0.035843147
0.032701562
0.025821837
0.016581272
0.013537499
0.017773886
0.037439726
0.037439699
0.03743946
0.037438254
0.037433393
0.037416287
0.037360374
0.037187532
0.036681868
0.035295042
0.031830871
0.02470985
0.016081614
0.014017191
0.017618497
0.037246949
0.037246861
0.037246392
0.037244452
0.037237378
0.037213943
0.037140989
0.036925609
0.0363235
0.034745073
0.030981931
0.023700436
0.015768976
0.014606606
0.017464261
0.037064871
0.037064693
0.037063903
0.037060987
0.037051109
0.037020016
0.036927437
0.036665512
0.035963258
0.03419604
0.030157673
0.022793377
0.015631332
0.015295285
0.017316197
0.03689248
0.036892177
0.036890955
0.036886782
0.036873442
0.036833316
0.036718634
0.03640675
0.035602004
0.033650187
0.029359858
0.021989539
0.015659917
0.016071914
0.01717775
0.036728885
0.036728414
0.036726628
0.036720878
0.03670337
0.036652818
0.036513731
0.036149096
0.035240656
0.033109157
0.028589603
0.021291346
0.015847992
0.016923492
0.017051196
0.036573301
0.03657261
0.036570106
0.036562424
0.036540005
0.036477653
0.03631208
0.035892529
0.034880099
0.032574024
0.027847913
0.02070292
0.016189617
0.01783505
0.016937915
0.036425028
0.036424056
0.036420663
0.036410663
0.036382564
0.036307092
0.036113215
0.03563717
0.034521109
0.032045349
0.027136212
0.020229919
0.016678486
0.018789895
0.016838558
0.036283441
0.03628212
0.036277645
0.036264917
0.036230367
0.036140535
0.03591682
0.035383242
0.034164308
0.031523285
0.026456862
0.019879123
0.017306891
0.019770317
0.016753165
0.036147982
0.036146234
0.036140468
0.036124584
0.036082821
0.035977497
0.035722708
0.035131018
0.033810124
0.031007717
0.025813646
0.019657797
0.018064912
0.0207586
0.016681265
0.036018143
0.036015885
0.036008605
0.035989127
0.035939416
0.035817597
0.035530799
0.034880794
0.033458783
0.030498445
0.025212142
0.019572905
0.018939949
0.021738147
0.016621966
0.03589347
0.03589061
0.035881581
0.035858069
0.035799718
0.035660549
0.035341095
0.034632853
0.033110301
0.029995409
0.024659951
0.019630248
0.019916664
0.02269449
0.016574063
0.035773545
0.035769987
0.035758968
0.035730991
0.035663366
0.035506152
0.035153669
0.034387441
0.032764498
0.029498968
0.024166686
0.019833637
0.020977366
0.023616003
0.016536152
0.035657992
0.035653635
0.035640383
0.035607524
0.035530063
0.035354279
0.034968643
0.03414475
0.03242103
0.029010211
0.023743688
0.020184173
0.022102784
0.024494228
0.016506745
0.035546464
0.035541207
0.035525479
0.035487349
0.035399574
0.035204869
0.034786172
0.033904896
0.032079439
0.028531301
0.023403466
0.020679734
0.023273104
0.025323802
0.016484372
0.035438647
0.035432386
0.035413948
0.035370193
0.035271718
0.035057919
0.034606436
0.03366791
0.03173923
0.028065808
0.023158914
0.021314706
0.0244691
0.026102089
0.016467662
0.035334251
0.035326887
0.035305516
0.035255823
0.03514637
0.034913479
0.03442962
0.033433727
0.031399978
0.02761899
0.023022388
0.022080017
0.02567317
0.026828633
0.016455398
0.035233012
0.035224448
0.035199939
0.03514405
0.035023453
0.034771643
0.034255909
0.033202186
0.031061475
0.027197981
0.02300477
0.022963453
0.026870128
0.027504567
0.016446543
0.035134691
0.035124836
0.035097009
0.035034724
0.034902936
0.03463254
0.03408547
0.032973033
0.030723902
0.0268118
0.023114633
0.02395025
0.02804767
0.028132079
0.016440248
0.035039067
0.03502784
0.034996542
0.034927732
0.034784832
0.034496333
0.033918446
0.032745938
0.030388046
0.026471168
0.023357597
0.025023883
0.02919649
0.028713983
0.016435834
0.034945943
0.034933275
0.034898386
0.034822996
0.034669194
0.034363211
0.033754944
0.032520522
0.030055535
0.026188099
0.023735915
0.026166983
0.030310099
0.029253407
0.016432778
0.034855141
0.034840974
0.034802418
0.034720475
0.034556112
0.034233382
0.033595029
0.032296402
0.029729078
0.025975302
0.024248334
0.02736225
0.031384439
0.029753594
0.016430685
0.034766502
0.034750797
0.03470854
0.034620164
0.034445715
0.034107066
0.033438713
0.032073259
0.029412693
0.025845434
0.02489019
0.028593298
0.032417399
0.030217765
0.016429265
0.034679887
0.034662624
0.034616684
0.034522088
0.034338162
0.033984492
0.033285952
0.031850929
0.029111867
0.025810314
0.025653731
0.029845306
0.033408314
0.030649046
0.016428312
0.034595176
0.034576356
0.034526808
0.034426308
0.034233647
0.033865888
0.033136649
0.03162952
0.028833633
0.025880169
0.026528619
0.031105458
0.03435753
0.03105041
0.016427682
0.034512269
0.034491917
0.034438897
0.034332917
0.034132389
0.033751478
0.032990657
0.031409555
0.028586515
0.02606301
0.027502554
0.032363144
0.035266042
0.031424648
0.01642728
0.034431083
0.034409252
0.034352965
0.034242042
0.034034637
0.033641469
0.032847794
0.031192142
0.028380315
0.026364175
0.028561979
0.033609948
0.036135248
0.031774346
0.016427047
0.034351558
0.034328331
0.034269052
0.034153841
0.033940664
0.03353605
0.032707869
0.03097915
0.028225758
0.02678609
0.029692788
0.034839473
0.03696677
0.032101874
0.01642695
0.034273652
0.034249145
0.03418723
0.034068505
0.03385076
0.033435383
0.03257072
0.030773393
0.028133997
0.02732822
0.030880993
0.036047067
0.037762344
0.032409381
0.016426974
0.034197344
0.03417171
0.034107598
0.033986257
0.033765237
0.033339598
0.032436275
0.030578781
0.028116032
0.027987224
0.032113284
0.037229503
0.038523755
0.032698799
0.016427117
0.034122637
0.034096065
0.034030285
0.033907355
0.033684417
0.033248788
0.032304627
0.030400435
0.028182107
0.028757249
0.03337746
0.038384662
0.039252794
0.032971855
0.016427382
0.034049553
0.034022276
0.033955452
0.033832084
0.033608631
0.033163012
0.03217613
0.030244714
0.02834114
0.029630358
0.034662707
0.039511265
0.039951228
0.033230086
0.016427779
0.03397814
0.033950437
0.033883292
0.033760766
0.033538214
0.033082299
0.032051523
0.030119154
0.028600247
0.030597021
0.035959727
0.04060864
0.040620777
0.033474856
0.016428318
0.033908471
0.033880668
0.033814033
0.033693749
0.033473498
0.033006661
0.031932061
0.03003229
0.028964396
0.031646651
0.037260744
0.041676558
0.0412631
0.033707373
0.01642901
0.033840644
0.033813121
0.033747936
0.033631414
0.033414804
0.032936115
0.031819661
0.029993368
0.029436211
0.032768129
0.038559405
0.042715108
0.041879779
0.033928705
0.016429865
0.033774787
0.03374798
0.033685299
0.033574167
0.033362441
0.032870717
0.031717044
0.030011961
0.030015933
0.033950283
0.039850628
0.043724612
0.042472314
0.034139802
0.016430892
0.033711057
0.03368546
0.033626458
0.03352244
0.033316699
0.032810615
0.031627853
0.030097519
0.030701523
0.035182301
0.041130415
0.044705564
0.043042114
0.034341502
0.016432097
0.033649643
0.033625814
0.033571787
0.033476689
0.033277844
0.032756113
0.031556734
0.030258903
0.031488877
0.036454043
0.042395663
0.045658587
0.043590498
0.034534553
0.016433487
0.03359077
0.033569333
0.033521698
0.033437387
0.03324612
0.032707756
0.031509357
0.030503938
0.032372143
0.037756266
0.043643994
0.046584395
0.044118699
0.034719618
0.016435064
0.033534699
0.033516348
0.033476647
0.033405019
0.033221753
0.032666433
0.031492358
0.030839026
0.033344086
0.039080734
0.044873611
0.04748377
0.044627864
0.034897289
0.016436831
0.033481731
0.033467235
0.033437127
0.033380083
0.033204961
0.032633491
0.031513197
0.031268865
0.034396491
0.040420264
0.046083175
0.048357533
0.045119059
0.035068096
0.016438788
0.033432211
0.033422413
0.033403675
0.033363076
0.033195977
0.032610855
0.031579922
0.031796264
0.035520554
0.041768689
0.047271716
0.04920653
0.045593277
0.035232514
0.016440933
0.033386531
0.033382352
0.033376864
0.033354497
0.033195078
0.03260115
0.031700871
0.03242209
0.036707255
0.043120787
0.048438562
0.050031614
0.046051438
0.035390969
0.016443266
0.033345134
0.033347573
0.033357309
0.033354836
0.033202628
0.032607792
0.031884307
0.033145317
0.037947674
0.04447218
0.049583282
0.050833633
0.046494398
0.035543844
0.016445782
0.033308518
0.033318652
0.033345661
0.033364571
0.033219143
0.032635061
0.032138041
0.033963177
0.039233251
0.045819222
0.050705639
0.051613421
0.046922952
0.035691489
0.016448478
0.033277237
0.03329622
0.033342601
0.033384174
0.033245363
0.03268811
0.03246907
0.034871381
0.040555967
0.047158892
0.05180556
0.052371796
0.04733784
0.035834219
0.016451351
0.033251914
0.033280969
0.033348845
0.033414106
0.033282345
0.032772917
0.032883246
0.035864398
0.041908472
0.048488701
0.052883101
0.053109548
0.047739749
0.03597232
0.016454394
0.033233235
0.033273652
0.033365129
0.033454836
0.033331563
0.032896165
0.033385033
0.036935759
0.043284141
0.049806605
0.05393842
0.053827443
0.048129319
0.036106053
0.016457603
0.033221962
0.033275082
0.033392211
0.033506851
0.033395017
0.03306505
0.033977334
0.038078364
0.044677086
0.051110935
0.054971758
0.05452622
0.048507145
0.036235659
0.016460974
0.033218934
0.033286139
0.033430864
0.033570696
0.033475332
0.033287021
0.034661421
0.039284778
0.046082131
0.052400342
0.055983418
0.055206587
0.048873783
0.036361356
0.016464499
0.033225073
0.033307763
0.033481871
0.033647009
0.033575845
0.033569484
0.035436951
0.040547492
0.047494762
0.053673745
0.056973755
0.055869227
0.049229756
0.036483354
0.016468174
0.033241386
0.033340956
0.033546021
0.033736578
0.03370066
0.033919478
0.036302066
0.041859137
0.048911068
0.054930292
0.05794315
0.056514769
0.049575443
0.036601083
0.01647199
0.033268972
0.03338678
0.033624113
0.033840421
0.033854652
0.034343363
0.037253558
0.043212657
0.050327672
0.056169323
0.058892008
0.057143808
0.049911242
0.036714879
0.016475942
0.033309024
0.033446356
0.033716953
0.033959861
0.034043421
0.034846539
0.038287076
0.044601424
0.051741667
0.05739034
0.059820746
0.057756912
0.050237557
0.036825046
0.016480019
0.03336283
0.033520853
0.033825376
0.034096628
0.034273183
0.035433219
0.039397375
0.046019314
0.053150559
0.058592979
0.060729792
0.058354636
0.050554797
0.036931851
0.016484214
0.033431775
0.033611491
0.033950258
0.034252955
0.034550592
0.036106274
0.040578559
0.047460738
0.054552212
0.059776993
0.061619575
0.058937454
0.050862924
0.037035581
0.016488518
0.033517344
0.033719533
0.034092549
0.034431665
0.034882517
0.036867154
0.041824324
0.04892065
0.055944807
0.060942228
0.062490517
0.059505812
0.051162152
0.037136397
0.016492923
0.033621114
0.033846282
0.034253324
0.034636251
0.035275767
0.037715885
0.04312818
0.050394527
0.057326793
0.062088607
0.063343036
0.060060164
0.051452982
0.037234385
0.016497425
0.033744758
0.03399308
0.034433836
0.034870908
0.035736814
0.038651139
0.04448364
0.051878338
0.058696859
0.063216115
0.064177553
0.060600974
0.051735851
0.037329654
0.016502019
0.033890035
0.034161309
0.034635592
0.035140534
0.036271506
0.039670361
0.04588437
0.053368506
0.0600539
0.064324795
0.064994472
0.061128573
0.052011163
0.037422331
0.0165067
0.034058787
0.034352406
0.034860442
0.035450673
0.036884818
0.040769941
0.047324308
0.05486187
0.06139699
0.065414726
0.065794143
0.061642948
0.052279305
0.037512563
0.016511467
0.034252938
0.034567873
0.035110665
0.035807393
0.037580648
0.041945411
0.048797737
0.056355638
0.062725356
0.066486017
0.066576929
0.062144667
0.052540483
0.037600453
0.016516317
0.034474482
0.034809314
0.035389066
0.036217115
0.038361673
0.043191655
0.050299337
0.057847354
0.064038356
0.067538804
0.067343213
0.062634244
0.052794917
0.037686088
0.016521247
0.03472549
0.035078475
0.035699052
0.036686392
0.039229275
0.044503117
0.051824204
0.059334858
0.065335461
0.068573251
0.068093395
0.063112137
0.053042836
0.037769546
0.016526253
0.035008111
0.035377301
0.036044684
0.037221647
0.040183535
0.045873992
0.05336785
0.060816256
0.066616244
0.069589501
0.06882737
0.063578808
0.05328449
0.037850923
0.016531331
0.03532459
0.035708009
0.036430697
0.037828912
0.041223288
0.047298392
0.054926197
0.06228989
0.06788035
0.070587708
0.069545619
0.064034565
0.053520087
0.037930306
0.016536479
0.035677287
0.036073176
0.036862463
0.038513564
0.042346234
0.048770487
0.056495549
0.063754305
0.069127489
0.071568062
0.070248613
0.064479709
0.053749815
0.038007771
0.016541693
0.036068722
0.036475822
0.037345904
0.0392801
0.043549089
0.05028461
0.05807257
0.065208225
0.070357434
0.072530785
0.070936788
0.064914535
0.05397385
0.03808338
0.016546969
0.036501629
0.036919505
0.037887339
0.040131951
0.044827757
0.051835339
0.059654259
0.066650547
0.07157
0.073475728
0.071610524
0.065339341
0.054192383
0.038157196
0.016552305
0.036979024
0.037408385
0.038493286
0.041071363
0.046177515
0.053417546
0.061237918
0.068080293
0.072765015
0.074403189
0.072270172
0.06575439
0.054405591
0.038229281
0.016557696
0.037504285
0.037947269
0.039170217
0.04209934
0.047593198
0.055026428
0.062821117
0.069496596
0.073942366
0.075313494
0.072916048
0.066159929
0.054613632
0.038299688
0.01656314
0.03808124
0.038541607
0.039924299
0.043215646
0.049069366
0.05665752
0.06440168
0.070898703
0.075101911
0.076206925
0.07354845
0.066556201
0.054816652
0.038368466
0.016568632
0.038714235
0.039197429
0.040761123
0.044418872
0.050600458
0.058306695
0.065977656
0.072285946
0.07624344
0.077083727
0.074167654
0.066943446
0.055014794
0.038435663
0.01657417
0.03940819
0.039921225
0.041685467
0.045706548
0.052180914
0.059970151
0.067547279
0.073657703
0.077366976
0.077944206
0.074773923
0.067321889
0.05520819
0.038501319
0.016579751
0.040168599
0.040719753
0.042701086
0.047075279
0.053805275
0.061644391
0.069108948
0.075013442
0.078472606
0.078788617
0.075367509
0.067691736
0.055396963
0.038565473
0.01658537
0.041001483
0.041599795
0.043810572
0.048520922
0.055468261
0.063326226
0.070661261
0.076352561
0.079560261
0.079617162
0.075948662
0.068053184
0.055581229
0.038628161
0.016591025
0.041913256
0.042567875
0.04501526
0.050038746
0.057164818
0.06501272
0.072202873
0.077674599
0.080630132
0.080430047
0.07651762
0.068406418
0.055761094
0.038689414
0.016596712
0.042910531
0.043629949
0.046315207
0.051623605
0.058890143
0.066701163
0.073732565
0.078979243
0.081682352
0.08122747
0.077074598
0.068751614
0.055936659
0.038749264
0.016602429
0.043999834
0.044791105
0.047709235
0.053270089
0.060639727
0.068389124
0.0752492
0.080266022
0.08271697
0.082009629
0.077619803
0.069088932
0.056108014
0.038807734
0.016608172
0.045187271
0.046055293
0.049195004
0.054972655
0.06240932
0.070074284
0.076751678
0.081534843
0.083734046
0.082776707
0.078153429
0.069418522
0.056275246
0.038864851
0.016613937
0.04647816
0.047425102
0.050769145
0.056725733
0.064194934
0.071754499
0.078239057
0.082785577
0.084733649
0.08352887
0.078675653
0.069740525
0.056438431
0.038920634
0.016619723
0.047876659
0.048901595
0.052427399
0.058523828
0.065992886
0.073427801
0.079710317
0.084018005
0.085715841
0.084266275
0.079186642
0.070055067
0.056597641
0.038975103
0.016625525
0.04938543
0.050484226
0.054164769
0.060361539
0.067799632
0.075092233
0.081164969
0.085231942
0.086680673
0.084989061
0.079686546
0.070362266
0.056752939
0.039028274
0.016631341
0.05100537
0.052170823
0.055975679
0.06223367
0.069611912
0.076745843
0.082602391
0.086427215
0.087628186
0.085697356
0.080175502
0.070662228
0.056904383
0.039080161
0.016637167
0.052735434
0.05395764
0.05785409
0.064135124
0.071426502
0.078387242
0.084021972
0.087603647
0.088558407
0.086391267
0.080653631
0.070955047
0.057052025
0.039130776
0.016643001
0.054572567
0.055839471
0.059793655
0.066061022
0.073240171
0.080015136
0.085423138
0.088761058
0.089471349
0.087070889
0.081121041
0.071240808
0.057195908
0.039180127
0.016648839
0.05651175
0.057809794
0.061787723
0.068006441
0.075050349
0.081628268
0.086805331
0.089899261
0.090367007
0.087736296
0.081577824
0.071519582
0.057336071
0.039228222
0.016654679
0.05854615
0.059860953
0.063829426
0.069966592
0.076854664
0.083225439
0.088168005
0.091018056
0.09124536
0.088387545
0.082024057
0.071791433
0.057472547
0.039275065
0.016660517
0.060667304
0.061984238
0.065911624
0.071937312
0.078650864
0.084805503
0.089510621
0.092117232
0.092106366
0.089024673
0.082459799
0.072056411
0.05760536
0.039320659
0.01666635
0.062865322
0.064170253
0.068027488
0.073914593
0.080436797
0.086367353
0.090832641
0.093196559
0.092949962
0.089647697
0.082885095
0.072314555
0.05773453
0.039365003
0.016672175
0.065129351
0.066409206
0.070170238
0.075894564
0.082210406
0.087909918
0.092133527
0.094255793
0.093776063
0.090256615
0.083299974
0.072565893
0.057860069
0.039408095
0.016677989
0.067447955
0.068691089
0.072333179
0.077873485
0.083969709
0.089432151
0.093412735
0.09529467
0.094584564
0.090851403
0.083704448
0.072810442
0.057981985
0.039449931
0.016683788
0.069809473
0.071005881
0.07450974
0.079847729
0.085712792
0.090933032
0.094669717
0.096312908
0.095375336
0.091432017
0.084098511
0.073048207
0.058100276
0.039490502
0.01668957
0.072202326
0.073343727
0.076693513
0.08181378
0.087437801
0.092411555
0.095903916
0.097310204
0.096148226
0.091998392
0.084482142
0.073279181
0.058214935
0.0395298
0.01669533
0.074615283
0.075695093
0.078878287
0.083768226
0.089142932
0.093866736
0.097114774
0.09828624
0.096903061
0.092550443
0.084855302
0.073503346
0.058325951
0.039567812
0.016701064
0.077037662
0.078050897
0.081058089
0.085707762
0.090826431
0.095297604
0.098301724
0.099240681
0.09763965
0.093088064
0.085217939
0.073720673
0.058433301
0.039604524
0.016706771
0.07945949
0.080402611
0.08322722
0.087629194
0.092486591
0.096703208
0.099464199
0.10017318
0.098357779
0.093611132
0.085569981
0.073931121
0.058536962
0.039639918
0.016712444
0.081871594
0.082742326
0.085380291
0.089529447
0.094121755
0.098082613
0.10060163
0.10108337
0.099057222
0.094119507
0.085911345
0.07413464
0.058636899
0.039673976
0.016718081
0.084265662
0.085062808
0.087512251
0.091405578
0.095730318
0.099434909
0.10171347
0.1019709
0.099737737
0.094613033
0.086241932
0.074331168
0.058733075
0.039706676
0.016723677
0.086634264
0.087357512
0.089618411
0.093254787
0.097310731
0.10075921
0.10279915
0.10283539
0.10039908
0.095091543
0.086561635
0.074520634
0.058825445
0.039737994
0.016729228
0.088970836
0.089620595
0.091694465
0.095074431
0.09886151
0.10205467
0.10385815
0.10367649
0.10104098
0.09555486
0.086870332
0.074702962
0.058913962
0.039767904
0.016734728
0.091269655
0.091846897
0.093736497
0.096862036
0.10038125
0.10332047
0.10488995
0.10449382
0.1016632
0.0960028
0.087167897
0.074878065
0.058998572
0.039796379
0.016740174
0.093525791
0.094031915
0.095740987
0.09861531
0.10186861
0.10455583
0.10589405
0.10528706
0.10226547
0.096435176
0.087454196
0.075045852
0.059079218
0.03982339
0.016745561
0.095735051
0.096171775
0.09770481
0.10033215
0.10332235
0.10576003
0.10687
0.10605587
0.10284756
0.096851804
0.087729094
0.075206231
0.059155841
0.039848907
0.016750882
0.097893919
0.098263187
0.099625227
0.10201066
0.10474132
0.1069324
0.10781737
0.10679996
0.10340923
0.097252504
0.087992455
0.075359104
0.05922838
0.0398729
0.016756134
0.099999497
0.1003034
0.10149987
0.10364913
0.10612448
0.10807234
0.10873578
0.10751904
0.10395026
0.097637102
0.088244146
0.075504376
0.059296773
0.039895338
0.01676131
0.10204944
0.10229016
0.10332673
0.10524607
0.10747089
0.10917928
0.1096249
0.10821289
0.10447047
0.098005441
0.088484041
0.075641954
0.05936096
0.039916191
0.016766405
0.1040419
0.10422166
0.10510414
0.10680018
0.10877971
0.11025276
0.11048443
0.10888128
0.10496968
0.098357378
0.088712022
0.075771748
0.059420881
0.039935429
0.016771414
0.10597546
0.10609651
0.10683073
0.10831036
0.11005025
0.11129237
0.11131413
0.10952407
0.10544776
0.098692792
0.088927985
0.075893676
0.059476482
0.039953025
0.01677633
0.10784911
0.10791367
0.10850545
0.10977572
0.1112819
0.11229776
0.11211384
0.11014113
0.10590461
0.099011585
0.08913184
0.076007665
0.059527712
0.039968954
0.016781148
0.10966218
0.10967242
0.1101275
0.11119554
0.11247417
0.1132687
0.11288341
0.11073238
0.10634016
0.099313685
0.089323517
0.076113654
0.059574526
0.039983191
0.016785862
0.11141428
0.11137234
0.11169632
0.11256928
0.11362671
0.11420498
0.11362278
0.1112978
0.10675437
0.099599049
0.089502963
0.076211592
0.059616888
0.039995718
0.016790467
0.11310531
0.11301326
0.11321161
0.11389658
0.11473925
0.11510652
0.11433194
0.11183741
0.10714727
0.099867668
0.089670152
0.076301447
0.059654769
0.04000652
0.016794957
0.11473537
0.11459522
0.11467323
0.11517722
0.11581166
0.11597327
0.11501094
0.11235127
0.10751891
0.10011956
0.089825078
0.076383201
0.059688152
0.040015585
0.016799326
0.11630479
0.11611847
0.11608124
0.11641115
0.11684388
0.11680528
0.11565989
0.11283951
0.10786937
0.10035479
0.089967765
0.076456854
0.059717029
0.040022907
0.01680357
0.11781404
0.11758342
0.11743587
0.11759842
0.11783598
0.11760268
0.11627895
0.1133023
0.1081988
0.10057344
0.090098263
0.076522427
0.059741405
0.040028486
0.016807684
0.11926375
0.11899063
0.11873749
0.11873924
0.1187881
0.11836564
0.11686834
0.11373984
0.10850736
0.10077564
0.090216648
0.07657996
0.059761296
0.040032326
0.016811663
0.12065469
0.12034079
0.11998659
0.11983392
0.1197005
0.11909441
0.11742833
0.1141524
0.10879529
0.10096156
0.090323026
0.076629514
0.059776733
0.040034439
0.016815503
0.12198771
0.1216347
0.12118378
0.12088287
0.12057349
0.11978932
0.11795923
0.11454027
0.10906283
0.10113138
0.09041753
0.076671168
0.059787759
0.040034842
0.016819199
0.12326378
0.12287324
0.12232976
0.1218866
0.12140747
0.12045073
0.11846142
0.11490381
0.10931029
0.10128534
0.090500322
0.076705027
0.05979443
0.040033558
0.01682275
0.12448394
0.12405739
0.12342533
0.1228457
0.12220292
0.12107908
0.11893532
0.1152434
0.10953798
0.10142369
0.090571591
0.076731213
0.059796817
0.040030616
0.016826151
0.12564927
0.1251882
0.12447135
0.12376084
0.12296037
0.12167485
0.11938137
0.11555946
0.10974629
0.10154674
0.090631551
0.076749868
0.059795002
0.040026053
0.016829401
0.12676095
0.12626674
0.12546876
0.12463274
0.1236804
0.12223856
0.11980008
0.11585244
0.10993559
0.10165479
0.090680441
0.076761156
0.059789081
0.040019909
0.016832497
0.12782016
0.12729417
0.12641855
0.1254622
0.12436367
0.12277079
0.12019196
0.11612282
0.11010632
0.1017482
0.090718523
0.076765258
0.059779163
0.040012231
0.016835438
0.12882814
0.12827168
0.12732174
0.12625006
0.12501087
0.12327214
0.12055759
0.11637114
0.11025893
0.10182734
0.090746082
0.07676237
0.059765366
0.040003072
0.016838222
0.12978616
0.12920047
0.1281794
0.12699719
0.12562274
0.12374327
0.12089755
0.11659791
0.11039388
0.10189259
0.090763423
0.076752708
0.059747822
0.039992488
0.01684085
0.13069552
0.13008178
0.12899264
0.12770452
0.12620003
0.12418484
0.12121247
0.11680371
0.11051169
0.10194439
0.090770867
0.076736501
0.05972667
0.039980541
0.016843322
0.1315575
0.13091688
0.12976259
0.12837301
0.12674356
0.12459755
0.12150297
0.11698912
0.11061285
0.10198315
0.090768753
0.07671399
0.059702059
0.039967297
0.016845638
0.13237342
0.13170703
0.13049039
0.12900363
0.12725415
0.12498215
0.12176972
0.11715474
0.11069791
0.10200933
0.090757433
0.076685428
0.059674145
0.039952823
0.016847799
0.13314462
0.13245351
0.13117721
0.12959738
0.12773265
0.12533936
0.1220134
0.11730117
0.1107674
0.10202337
0.090737273
0.076651081
0.059643091
0.039937192
0.016849806
0.1338724
0.1331576
0.13182422
0.13015528
0.12817994
0.12566996
0.12223469
0.11742904
0.11082188
0.10202577
0.090708647
0.076611219
0.059609068
0.039920477
0.016851662
0.1345581
0.1338206
0.1324326
0.13067835
0.12859689
0.12597472
0.12243428
0.11753899
0.1108619
0.10201698
0.090671938
0.076566122
0.059572247
0.039902754
0.016853369
0.13520304
0.13444378
0.13300353
0.13116764
0.1289844
0.12625443
0.1226129
0.11763166
0.11088805
0.1019975
0.090627536
0.076516075
0.059532806
0.0398841
0.01685493
0.13580852
0.13502842
0.13353819
0.13162417
0.12934337
0.12650987
0.12277125
0.11770769
0.11090089
0.10196783
0.090575834
0.076461365
0.059490924
0.039864591
0.016856347
0.13637585
0.13557579
0.13403775
0.132049
0.12967472
0.12674186
0.12291004
0.11776772
0.11090099
0.10192844
0.090517228
0.076402282
0.059446781
0.039844307
0.016857624
0.13690632
0.13608714
0.1345034
0.13244317
0.12997934
0.12695118
0.12303
0.11781242
0.11088894
0.10187983
0.090452117
0.07633912
0.059400559
0.039823324
0.016858765
0.1374012
0.13656372
0.13493628
0.13280771
0.13025816
0.12713866
0.12313185
0.11784241
0.1108653
0.10182249
0.090380896
0.076272168
0.059352437
0.03980172
0.016859774
0.13786176
0.13700676
0.13533756
0.13314366
0.13051207
0.12730507
0.1232163
0.11785835
0.11083064
0.10175692
0.090303961
0.076201716
0.059302595
0.039779571
0.016860655
0.13828924
0.13741748
0.13570836
0.13345204
0.13074198
0.12745122
0.12328406
0.11786088
0.11078554
0.1016836
0.090221703
0.076128051
0.05925121
0.03975695
0.016861411
0.13868486
0.13779707
0.13604982
0.13373387
0.13094879
0.1275779
0.12333584
0.11785062
0.11073055
0.101603
0.09013451
0.076051457
0.059198454
0.039733931
0.016862048
0.13904983
0.13814671
0.13636304
0.13399015
0.13113337
0.1276859
0.12337233
0.1178282
0.11066622
0.10151561
0.090042762
0.075972211
0.059144499
0.039710584
0.016862571
0.13938533
0.13846755
0.13664911
0.13422186
0.13129662
0.12777598
0.12339423
0.11779424
0.11059311
0.10142188
0.089946833
0.075890587
0.059089511
0.039686978
0.016862983
0.13969252
0.13876074
0.13690911
0.13442998
0.13143938
0.12784892
0.12340223
0.11774935
0.11051173
0.10132227
0.089847091
0.07580685
0.05903365
0.039663178
0.016863289
0.13997255
0.13902738
0.13714408
0.13461548
0.13156253
0.12790547
0.12339698
0.11769412
0.11042263
0.10121722
0.089743894
0.075721261
0.058977074
0.039639247
0.016863495
0.14022652
0.13926857
0.13735506
0.13477928
0.13166689
0.12794637
0.12337915
0.11762915
0.11032631
0.10110719
0.089637591
0.07563407
0.058919933
0.039615246
0.016863605
0.14045553
0.13948538
0.13754306
0.13492233
0.13175329
0.12797236
0.12334938
0.11755499
0.11022328
0.10099258
0.089528521
0.075545523
0.058862371
0.039591233
0.016863624
0.14066064
0.13967884
0.13770906
0.13504551
0.13182254
0.12798414
0.12330832
0.11747223
0.11011402
0.10087382
0.089417013
0.075455853
0.058804528
0.039567261
0.016863557
0.1408429
0.13984999
0.13785404
0.13514973
0.13187543
0.12798242
0.12325659
0.1173814
0.10999902
0.1007513
0.089303386
0.075365287
0.058746536
0.039543381
0.016863408
0.14100331
0.13999981
0.13797895
0.13523584
0.13191274
0.12796789
0.12319478
0.11728303
0.10987874
0.10062543
0.089187947
0.075274042
0.058688521
0.039519643
0.016863183
0.14114288
0.14012928
0.13808469
0.13530469
0.13193523
0.12794123
0.1231235
0.11717766
0.10975363
0.10049656
0.089070991
0.075182325
0.058630603
0.039496091
0.016862885
0.14126256
0.14023934
0.13817218
0.13535711
0.13194364
0.12790308
0.12304332
0.11706579
0.10962412
0.10036507
0.088952802
0.075090336
0.058572895
0.039472766
0.016862519
0.14136329
0.14033091
0.13824228
0.13539391
0.13193869
0.12785408
0.1229548
0.11694791
0.10949065
0.10023132
0.088833653
0.074998262
0.058515502
0.039449708
0.01686209
0.14144599
0.14040488
0.13829585
0.13541587
0.13192108
0.12779487
0.1228585
0.1168245
0.10935361
0.10009563
0.088713804
0.074906282
0.058458526
0.039426952
0.016861602
0.14151154
0.14046214
0.13833372
0.13542376
0.13189152
0.12772605
0.12275495
0.11669602
0.10921342
0.099958326
0.088593503
0.074814565
0.058402058
0.039404532
0.016861059
0.14156081
0.14050351
0.13835669
0.13541831
0.13185065
0.1276482
0.12264466
0.11656292
0.10907044
0.099819727
0.088472988
0.074723272
0.058346186
0.039382477
0.016860465
0.14159463
0.14052982
0.13836554
0.13540025
0.13179914
0.12756191
0.12252814
0.11642564
0.10892504
0.099680129
0.088352483
0.074632551
0.05829099
0.039360814
0.016859825
0.14161381
0.14054188
0.13836103
0.13537029
0.13173761
0.12746773
0.12240587
0.11628459
0.10877758
0.099539814
0.088232201
0.074542545
0.058236544
0.039339568
0.016859141
0.14161913
0.14054043
0.1383439
0.13532909
0.13166667
0.1273662
0.12227832
0.11614017
0.10862839
0.099399054
0.088112343
0.074453383
0.058182914
0.03931874
0.016858419
0.14161136
0.14052624
0.13831486
0.13527732
0.13158692
0.12725784
0.12214595
0.11599278
0.1084778
0.099258106
0.087993098
0.074365182
0.058130138
0.039298214
0.01685766
0.14159124
0.14050003
0.13827459
0.13521562
0.13149893
0.12714316
0.12200919
0.11584279
0.10832611
0.099117214
0.08787464
0.07427805
0.058078263
0.039278044
0.016856868
0.14155946
0.14046249
0.13822377
0.1351446
0.13140326
0.12702265
0.12186847
0.11569056
0.10817363
0.098976608
0.087757135
0.074192087
0.05802734
0.039258277
0.016856045
0.14151674
0.1404143
0.13816304
0.13506487
0.13130044
0.12689678
0.1217242
0.11553643
0.10802064
0.098836506
0.087640733
0.074107365
0.057977285
0.039238974
0.016855195
0.14146371
0.14035611
0.13809302
0.134977
0.131191
0.126766
0.12157677
0.11538074
0.10786739
0.098697111
0.08752557
0.074023961
0.057928167
0.039220148
0.016854319
0.14140104
0.14028855
0.13801432
0.13488154
0.13107543
0.12663077
0.12142656
0.11522379
0.10771415
0.098558614
0.087411779
0.073941956
0.057880065
0.039201804
0.01685342
0.14132934
0.14021224
0.13792751
0.13477904
0.13095423
0.1264915
0.12127393
0.11506589
0.10756115
0.098421191
0.087299463
0.073861326
0.057833066
0.039183959
0.016852501
0.1412492
0.14012775
0.13783315
0.13467002
0.13082785
0.1263486
0.12111923
0.11490733
0.10740862
0.098285006
0.087188723
0.073782137
0.057787208
0.039166626
0.016851565
0.1411612
0.14003565
0.1377318
0.13455497
0.13069676
0.12620247
0.12096278
0.11474838
0.10725678
0.098150214
0.087079666
0.073704498
0.057742505
0.039149812
0.016850616
0.1410659
0.13993648
0.13762395
0.13443438
0.13056137
0.12605347
0.12080491
0.11458929
0.10710581
0.098016943
0.086972301
0.073628521
0.057698981
0.039133525
0.016849655
0.14096382
0.13983078
0.13751013
0.13430872
0.13042211
0.12590197
0.12064593
0.11443032
0.10695592
0.097885318
0.086866727
0.073554263
0.057656655
0.039117771
0.016848685
0.14085549
0.13971904
0.13739081
0.13417842
0.13027937
0.12574833
0.12048612
0.11427169
0.10680726
0.097755469
0.086763068
0.073481755
0.05761554
0.039102554
0.016847708
0.1407414
0.13960175
0.13726644
0.13404392
0.13013355
0.12559286
0.12032575
0.11411362
0.10665999
0.097627411
0.086661467
0.073411038
0.057575649
0.039087876
0.016846727
0.14062202
0.13947937
0.13713749
0.13390563
0.129985
0.12543589
0.1201651
0.11395632
0.10651425
0.097501306
0.08656198
0.07334214
0.057536991
0.039073738
0.016845744
0.1404978
0.13935236
0.13700437
0.13376395
0.12983409
0.12527771
0.1200044
0.11379996
0.10637016
0.097377307
0.086464665
0.073275087
0.057499574
0.039060138
0.016844761
0.14036919
0.13922114
0.1368675
0.13361925
0.12968115
0.12511863
0.11984388
0.11364473
0.10622783
0.097255538
0.086369575
0.073209899
0.057463399
0.039047076
0.01684378
0.1402366
0.13908612
0.13672727
0.13347191
0.1295265
0.1249589
0.11968377
0.11349077
0.10608743
0.097136079
0.086276755
0.073146593
0.057428468
0.039034547
0.016842801
0.14010045
0.1389477
0.13658406
0.13332225
0.12937044
0.12479879
0.11952426
0.11333821
0.10594914
0.09701901
0.086186245
0.073085181
0.057394778
0.039022547
0.016841828
0.1399611
0.13880626
0.13643822
0.13317063
0.12921327
0.12463853
0.11936554
0.11318725
0.10581306
0.096904398
0.086098078
0.073025673
0.057362327
0.03901107
0.016840861
0.13981893
0.13866216
0.1362901
0.13301734
0.12905527
0.12447835
0.11920775
0.11303808
0.1056793
0.096792306
0.08601228
0.072968072
0.057331106
0.039000111
0.016839902
0.1396743
0.13851574
0.13614003
0.1328627
0.12889668
0.12431844
0.11905113
0.11289083
0.10554795
0.096682787
0.085928874
0.072912378
0.057301107
0.038989661
0.016838952
0.13952753
0.13836733
0.13598832
0.13270697
0.12873774
0.12415901
0.11889587
0.11274565
0.1054191
0.096575888
0.085847876
0.072858589
0.05727232
0.038979713
0.016838012
0.13937894
0.13821724
0.13583526
0.13255043
0.12857867
0.1240003
0.11874215
0.11260266
0.10529284
0.096471649
0.085769297
0.072806698
0.057244732
0.038970258
0.016837083
0.13922885
0.13806577
0.13568112
0.13239329
0.12841973
0.12384252
0.11859012
0.11246196
0.10516922
0.096370104
0.085693144
0.072756696
0.057218329
0.038961286
0.016836166
0.13907752
0.13791318
0.13552616
0.13223583
0.12826113
0.12368586
0.11843993
0.11232366
0.10504831
0.09627128
0.085619418
0.072708569
0.057193093
0.038952789
0.016835263
0.13892523
0.13775974
0.13537062
0.13207829
0.12810312
0.1235305
0.11829171
0.11218785
0.10493016
0.096175197
0.085548117
0.072662302
0.057169009
0.038944755
0.016834373
0.13877222
0.1376057
0.13521478
0.13192091
0.12794587
0.12337659
0.11814559
0.11205462
0.10481482
0.096081871
0.085479234
0.072617877
0.057146057
0.038937174
0.016833499
0.13861875
0.13745131
0.13505885
0.1317639
0.1277896
0.12322431
0.11800169
0.11192404
0.10470234
0.095991312
0.085412758
0.072575272
0.057124217
0.038930035
0.016832639
0.13846506
0.1372968
0.13490308
0.13160748
0.12763448
0.1230738
0.11786011
0.11179618
0.10459273
0.095903525
0.085348675
0.072534466
0.057103468
0.038923327
0.016831796
0.13831137
0.13714241
0.13474768
0.13145184
0.12748068
0.12292518
0.11772095
0.11167111
0.10448604
0.09581851
0.085286968
0.072495433
0.057083788
0.038917038
0.016830968
0.1381579
0.13698834
0.13459286
0.13129718
0.12732837
0.1227786
0.11758431
0.11154887
0.10438228
0.095736264
0.085227615
0.072458146
0.057065155
0.038911156
0.016830158
0.13800486
0.1368348
0.1344388
0.13114366
0.12717769
0.12263417
0.11745027
0.11142951
0.10428147
0.095656777
0.085170594
0.072422578
0.057047546
0.038905671
0.016829365
0.13785245
0.13668198
0.1342857
0.13099147
0.12702878
0.122492
0.11731889
0.11131308
0.10418361
0.095580039
0.08511588
0.0723887
0.057030936
0.03890057
0.01682859
0.13770086
0.13653008
0.13413374
0.13084074
0.12688179
0.12235218
0.11719025
0.11119961
0.10408872
0.095506033
0.085063443
0.07235648
0.057015303
0.038895842
0.016827833
0.13755027
0.13637927
0.13398307
0.13069164
0.12673683
0.12221482
0.11706442
0.11108913
0.1039968
0.095434741
0.085013254
0.072325887
0.057000621
0.038891475
0.016827094
0.13740084
0.13622971
0.13383385
0.13054431
0.12659401
0.12208
0.11694143
0.11098165
0.10390784
0.095366141
0.084965282
0.072296889
0.056986866
0.038887458
0.016826374
0.13725274
0.13608155
0.13368622
0.13039886
0.12645345
0.1219478
0.11682134
0.11087721
0.10382184
0.095300208
0.084919492
0.072269452
0.056974014
0.03888378
0.016825672
0.13710612
0.13593495
0.13354034
0.13025542
0.12631524
0.12181828
0.11670419
0.11077581
0.10373878
0.095236916
0.084875849
0.072243543
0.056962039
0.038880428
0.016824989
0.13696111
0.13579004
0.13339631
0.13011411
0.12617946
0.12169151
0.11659002
0.11067745
0.10365865
0.095176232
0.084834316
0.072219127
0.056950918
0.038877393
0.016824326
0.13681784
0.13564695
0.13325427
0.12997503
0.12604621
0.12156754
0.11647885
0.11058215
0.10358144
0.095118125
0.084794855
0.072196169
0.056940626
0.038874662
0.016823681
0.13667645
0.13550579
0.13311431
0.12983826
0.12591556
0.12144643
0.11637071
0.1104899
0.10350711
0.095062558
0.084757425
0.072174632
0.056931136
0.038872225
0.016823055
0.13653703
0.13536668
0.13297655
0.12970391
0.12578757
0.12132822
0.1162656
0.11040068
0.10343565
0.095009493
0.084721985
0.072154479
0.056922424
0.038870071
0.016822449
0.13639969
0.1352297
0.13284106
0.12957203
0.12566229
0.12121293
0.11616355
0.11031449
0.10336701
0.094958888
0.08468849
0.072135673
0.056914463
0.038868188
0.016821861
0.13626453
0.13509496
0.13270794
0.12944271
0.12553979
0.1211006
0.11606454
0.11023132
0.10330117
0.094910701
0.084656896
0.072118176
0.05690723
0.038866566
0.016821293
0.13613163
0.13496254
0.13257725
0.12931601
0.1254201
0.12099125
0.11596859
0.11015113
0.10323809
0.094864885
0.084627157
0.072101947
0.056900696
0.038865193
0.016820744
0.13600107
0.13483251
0.13244908
0.12919197
0.12530326
0.1208849
0.11587569
0.1100739
0.10317774
0.094821392
0.084599225
0.072086949
0.056894837
0.038864058
0.016820213
0.13587292
0.13470495
0.13232347
0.12907066
0.1251893
0.12078155
0.11578583
0.1099996
0.10312005
0.094780173
0.084573052
0.07207314
0.056889626
0.038863151
0.016819701
0.13574726
0.1345799
0.13220049
0.1289521
0.12507825
0.12068121
0.11569898
0.1099282
0.103065
0.094741177
0.084548589
0.072060482
0.056885037
0.03886246
0.016819208
0.13562413
0.13445745
0.13208018
0.12883635
0.12497013
0.12058388
0.11561514
0.10985967
0.10301253
0.094704351
0.084525786
0.072048933
0.056881044
0.038861974
0.016818733
0.13550361
0.13433763
0.13196259
0.12872344
0.12486495
0.12048956
0.11553427
0.10979397
0.1029626
0.094669643
0.084504594
0.072038455
0.056877623
0.038861684
0.016818276
0.13538573
0.13422049
0.13184776
0.12861338
0.12476273
0.12039824
0.11545636
0.10973105
0.10291515
0.094637001
0.084484964
0.072029009
0.056874748
0.03886158
0.016817837
0.13527054
0.13410608
0.13173573
0.12850621
0.12466348
0.12030992
0.11538139
0.10967088
0.10287014
0.094606372
0.084466848
0.072020557
0.056872396
0.03886165
0.016817415
0.1351581
0.13399444
0.13162653
0.12840195
0.1245672
0.12022458
0.11530931
0.10961341
0.10282751
0.094577704
0.084450199
0.072013061
0.056870543
0.038861888
0.016817011
0.13504843
0.1338856
0.13152019
0.12830062
0.1244739
0.12014222
0.11524012
0.10955861
0.10278722
0.094550947
0.084434972
0.072006488
0.056869169
0.038862283
0.016816623
0.13494157
0.13377959
0.13141673
0.12820222
0.12438357
0.12006281
0.11517376
0.10950642
0.10274922
0.09452605
0.084421121
0.072000802
0.056868252
0.038862828
0.016816252
0.13483755
0.13367645
0.13131618
0.12810678
0.12429622
0.11998634
0.11511022
0.10945682
0.10271346
0.094502964
0.084408603
0.071995971
0.056867772
0.038863515
0.016815898
0.13473639
0.13357619
0.13121854
0.1280143
0.12421184
0.11991278
0.11504945
0.10940975
0.10267988
0.094481641
0.084397376
0.071991964
0.056867711
0.038864338
0.016815559
0.13463812
0.13347883
0.13112385
0.12792478
0.12413042
0.11984213
0.11499143
0.10936517
0.10264845
0.094462034
0.084387399
0.071988749
0.056868051
0.038865289
0.016815236
0.13454274
0.13338438
0.13103208
0.12783822
0.12405195
0.11977434
0.11493612
0.10932304
0.10261911
0.094444094
0.084378631
0.071986297
0.056868773
0.038866363
0.01681493
0.13445027
0.13329285
0.13094326
0.12775462
0.12397641
0.1197094
0.11488347
0.10928331
0.10259181
0.094427774
0.084371031
0.071984578
0.056869862
0.038867552
0.016814638
0.1343607
0.13320423
0.13085738
0.12767395
0.12390377
0.11964727
0.11483345
0.10924592
0.10256649
0.094413025
0.084364559
0.071983562
0.0568713
0.038868851
0.016814362
0.13427402
0.13311852
0.13077441
0.12759621
0.12383402
0.1195879
0.114786
0.10921083
0.10254312
0.094399796
0.084359172
0.07198322
0.056873069
0.038870253
0.016814101
0.13419022
0.1330357
0.13069436
0.12752137
0.12376711
0.11953127
0.11474109
0.10917798
0.10252162
0.094388037
0.084354829
0.071983521
0.056875152
0.038871752
0.016813855
0.13410928
0.13295575
0.13061718
0.12744939
0.12370302
0.11947732
0.11469865
0.10914731
0.10250195
0.094377695
0.084351485
0.071984433
0.056877532
0.03887334
0.016813623
0.13403118
0.13287865
0.13054285
0.12738025
0.12364169
0.119426
0.11465862
0.10911876
0.10248404
0.094368714
0.084349095
0.071985924
0.056880187
0.03887501
0.016813405
0.13395588
0.13280435
0.13047133
0.1273139
0.12358308
0.11937726
0.11462095
0.10909228
0.10246783
0.094361037
0.084347612
0.07198796
0.056883101
0.038876756
0.016813202
0.13388335
0.13273284
0.1304026
0.1272503
0.12352714
0.11933103
0.11458556
0.10906778
0.10245325
0.094354608
0.08434699
0.071990509
0.056886252
0.038878569
0.016813012
0.13381355
0.13266406
0.13033659
0.12718939
0.1234738
0.11928726
0.1145524
0.1090452
0.10244024
0.094349367
0.084347181
0.071993534
0.05688962
0.038880441
0.016812835
0.13374644
0.13259797
0.13027327
0.12713114
0.12342303
0.11924588
0.1145214
0.10902448
0.10242873
0.094345257
0.084348138
0.071997003
0.056893186
0.038882364
0.01681267
0.13368199
0.13253454
0.1302126
0.12707548
0.12337475
0.11920684
0.11449249
0.10900554
0.10241867
0.09434222
0.084349814
0.072000883
0.056896931
0.038884332
0.016812517
0.13362015
0.13247373
0.13015453
0.12702237
0.12332892
0.11917006
0.1144656
0.10898833
0.10240998
0.0943402
0.084352163
0.07200514
0.056900834
0.038886336
0.016812376
0.1335609
0.1324155
0.13009902
0.12697177
0.12328547
0.11913548
0.11444067
0.10897277
0.1024026
0.094339144
0.084355145
0.072009746
0.05690488
0.038888371
0.016812246
0.13350419
0.13235981
0.13004603
0.12692362
0.12324437
0.11910306
0.11441764
0.1089588
0.10239648
0.094339001
0.084358717
0.072014672
0.056909052
0.03889043
0.016812127
0.13345
0.13230663
0.12999552
0.12687789
0.12320554
0.11907274
0.11439645
0.10894637
0.10239157
0.094339727
0.084362846
0.072019894
0.056913337
0.038892509
0.016812017
0.13339831
0.13225593
0.12994746
0.12683453
0.12316897
0.11904445
0.11437704
0.10893542
0.10238781
0.094341278
0.084367497
0.072025389
0.056917723
0.038894604
0.016811917
0.13334908
0.13220769
0.12990181
0.12679351
0.12313459
0.11901817
0.11435938
0.10892591
0.10238516
0.094343616
0.084372643
0.072031139
0.0569222
0.038896712
0.016811826
0.13330229
0.13216187
0.12985855
0.12675479
0.12310237
0.11899384
0.1143434
0.10891779
0.10238358
0.094346708
0.084378257
0.072037128
0.056926761
0.038898831
0.016811745
0.13325792
0.13211845
0.12981765
0.12671834
0.12307227
0.11897142
0.11432908
0.10891101
0.10238302
0.094350522
0.084384317
0.072043343
0.056931398
0.03890096
0.016811671
0.13321595
0.13207741
0.12977908
0.12668412
0.12304426
0.11895088
0.11431636
0.10890555
0.10238347
0.094355031
0.084390805
0.07204977
0.056936109
0.038903097
0.016811607
0.13317633
0.13203871
0.1297428
0.12665211
0.12301829
0.11893216
0.11430521
0.10890135
0.10238488
0.094360209
0.0843977
0.072056402
0.056940888
0.038905244
0.01681155
0.13313904
0.13200232
0.12970878
0.12662226
0.12299433
0.11891524
0.11429559
0.10889839
0.10238722
0.094366029
0.084404986
0.072063226
0.056945732
0.038907398
0.016811502
0.13310404
0.1319682
0.12967698
0.12659453
0.12297234
0.11890007
0.11428745
0.10889662
0.10239046
0.094372464
0.084412644
0.072070233
0.056950636
0.038909559
0.016811462
0.13307127
0.1319363
0.12964736
0.12656887
0.12295227
0.1188866
0.11428075
0.108896
0.10239455
0.094379487
0.084420655
0.072077412
0.056955597
0.038911728
0.01681143
0.13304069
0.13190657
0.12961985
0.12654524
0.12293405
0.11887478
0.11427544
0.10889649
0.10239947
0.094387068
0.084428996
0.07208475
0.056960607
0.038913901
0.016811406
0.13301223
0.13187894
0.12959441
0.12652358
0.12291765
0.11886455
0.11427147
0.10889804
0.10240517
0.094395171
0.084437643
0.07209223
0.05696566
0.038916076
0.01681139
0.13298582
0.13185336
0.12957096
0.1265038
0.12290298
0.11885584
0.11426877
0.10890059
0.1024116
0.09440376
0.084446568
0.072099836
0.056970746
0.03891825
0.016811382
0.13296138
0.13182973
0.12954942
0.12648586
0.12288999
0.1188486
0.11426728
0.10890409
0.10241871
0.094412794
0.084455742
0.072107546
0.056975853
0.038920418
0.016811381
0.13293884
0.13180799
0.12952973
0.12646966
0.12287859
0.11884275
0.11426694
0.10890847
0.10242646
0.094422229
0.084465129
0.072115338
0.056980969
0.038922575
0.016811387
0.13291811
0.13178805
0.1295118
0.12645512
0.12286871
0.11883821
0.11426768
0.10891367
0.10243478
0.094432019
0.084474696
0.072123187
0.056986079
0.038924715
0.0168114
0.13289911
0.13176983
0.12949554
0.12644218
0.12286026
0.11883491
0.11426941
0.10891962
0.10244361
0.094442117
0.084484406
0.072131069
0.05699117
0.038926834
0.016811419
0.13288175
0.13175325
0.12948088
0.12643073
0.12285317
0.11883276
0.11427207
0.10892626
0.10245291
0.094452475
0.084494223
0.072138958
0.056996226
0.038928923
0.016811444
0.13286597
0.13173823
0.12946773
0.12642071
0.12284735
0.1188317
0.11427559
0.10893353
0.1024626
0.094463047
0.08450411
0.07214683
0.057001232
0.038930978
0.016811474
0.13285168
0.13172469
0.12945603
0.12641204
0.12284274
0.11883165
0.1142799
0.10894136
0.10247265
0.094473792
0.084514035
0.072154661
0.057006176
0.038932993
0.016811508
0.13283883
0.13171258
0.1294457
0.12640465
0.12283926
0.11883254
0.11428494
0.1089497
0.102483
0.094484668
0.084523969
0.072162432
0.057011046
0.038934964
0.016811546
0.13282737
0.13170183
0.12943669
0.12639848
0.12283686
0.11883432
0.11429065
0.10895849
0.10249362
0.094495644
0.084533887
0.072170126
0.057015834
0.038936888
0.016811587
0.13281724
0.13169241
0.12942894
0.12639348
0.12283548
0.11883693
0.11429699
0.1089677
0.10250446
0.094506691
0.084543769
0.072177732
0.057020532
0.038938763
0.016811631
0.13280843
0.13168427
0.12942242
0.12638961
0.12283508
0.11884033
0.11430391
0.10897729
0.10251549
0.094517787
0.084553601
0.07218524
0.057025138
0.038940589
0.016811677
0.13280089
0.13167738
0.1294171
0.12638683
0.12283562
0.1188445
0.11431139
0.10898724
0.1025267
0.094528919
0.084563374
0.072192647
0.057029651
0.038942366
0.016811725
0.13279461
0.13167172
0.12941295
0.12638511
0.12283708
0.11884939
0.1143194
0.10899752
0.10253808
0.094540078
0.084573085
0.072199954
0.057034073
0.038944097
0.016811776
0.13278958
0.13166728
0.12940995
0.12638444
0.12283943
0.118855
0.11432792
0.10900813
0.10254961
0.09455126
0.084582734
0.072207164
0.05703841
0.038945784
0.016811828
0.13278579
0.13166405
0.12940809
0.1263848
0.12284266
0.1188613
0.11433694
0.10901904
0.10256128
0.094562465
0.084592327
0.072214284
0.057042666
0.038947433
0.016811881
0.13278322
0.13166201
0.12940735
0.12638618
0.12284676
0.11886828
0.11434645
0.10903026
0.10257311
0.094573697
0.084601869
0.072221322
0.05704685
0.038949045
0.016811937
0.13278185
0.13166114
0.12940772
0.12638855
0.1228517
0.11887594
0.11435645
0.10904179
0.10258508
0.09458496
0.084611368
0.072228286
0.057050966
0.038950614
0.016811995
0.13278167
0.13166143
0.12940918
0.12639191
0.12285749
0.11888426
0.11436692
0.10905361
0.10259721
0.094596258
0.084620829
0.072235183
0.057055021
0.038952144
0.016812055
0.13278264
0.13166284
0.12941171
0.12639623
0.12286408
0.11889321
0.11437785
0.10906572
0.10260947
0.094607591
0.084630258
0.072242019
0.057059019
0.038953642
0.016812117
0.13278474
0.13166535
0.12941527
0.12640147
0.12287147
0.11890279
0.11438922
0.10907812
0.10262188
0.094618958
0.084639655
0.072248794
0.057062953
0.038955114
0.016812181
0.1327879
0.13166891
0.12941982
0.12640761
0.12287961
0.11891296
0.11440102
0.10909077
0.10263441
0.094630351
0.084649018
0.07225551
0.057066827
0.038956559
0.016812248
0.13279207
0.13167346
0.1294253
0.1264146
0.12288846
0.11892369
0.1144132
0.10910366
0.10264705
0.094641759
0.084658338
0.07226216
0.057070647
0.038957978
0.016812318
0.13279718
0.13167893
0.12943167
0.12642237
0.12289798
0.11893493
0.11442575
0.10911675
0.10265978
0.094653164
0.084667601
0.07226873
0.05707441
0.038959368
0.01681239
0.13280316
0.13168525
0.12943884
0.12643087
0.1229081
0.11894663
0.1144386
0.10913002
0.10267256
0.094664541
0.084676792
0.072275211
0.05707811
0.03896073
0.016812464
0.13280991
0.13169234
0.12944674
0.12644003
0.12291876
0.11895874
0.11445171
0.10914342
0.10268535
0.094675863
0.084685886
0.072281594
0.057081739
0.03896206
0.01681254
0.13281734
0.1317001
0.12945528
0.12644976
0.1229299
0.11897118
0.11446502
0.10915689
0.10269813
0.094687097
0.084694854
0.072287867
0.057085289
0.038963356
0.016812619
0.13282538
0.13170846
0.12946439
0.12645998
0.12294143
0.1189839
0.11447848
0.10917039
0.10271085
0.094698207
0.084703672
0.07229401
0.05708875
0.038964613
0.016812699
0.13283391
0.13171733
0.12947398
0.12647062
0.12295328
0.11899682
0.11449203
0.10918387
0.10272346
0.094709159
0.084712318
0.072300007
0.057092113
0.038965829
0.01681278
0.13284287
0.13172661
0.12948395
0.1264816
0.12296537
0.11900988
0.1145056
0.10919728
0.10273592
0.094719912
0.084720771
0.072305841
0.057095368
0.038967
0.016812861
0.13285218
0.13173624
0.12949425
0.12649284
0.12297765
0.11902302
0.11451915
0.10921057
0.10274819
0.094730439
0.084729007
0.072311497
0.057098506
0.038968121
0.016812943
0.13286176
0.13174614
0.1295048
0.12650428
0.12299005
0.11903619
0.11453262
0.10922369
0.10276024
0.094740715
0.08473701
0.072316962
0.05710152
0.038969191
0.016813024
0.13287158
0.13175627
0.12951555
0.12651586
0.12300252
0.11904932
0.11454597
0.10923661
0.10277203
0.094750725
0.084744764
0.072322228
0.057104406
0.038970207
0.016813105
0.13288158
0.13176657
0.12952644
0.12652754
0.123015
0.11906239
0.11455916
0.10924931
0.10278354
0.094760453
0.084752259
0.072327288
0.057107159
0.038971168
0.016813184
0.13289174
0.13177702
0.12953746
0.12653929
0.12302749
0.11907537
0.11457218
0.10926176
0.10279477
0.094769893
0.084759492
0.072332139
0.057109779
0.038972075
0.016813262
0.13290206
0.13178762
0.12954858
0.12655109
0.12303994
0.11908824
0.114585
0.10927394
0.10280571
0.094779043
0.084766461
0.072336782
0.057112267
0.038972927
0.016813338
0.13291254
0.13179835
0.1295598
0.12656293
0.12305236
0.11910099
0.11459763
0.10928588
0.10281637
0.094787906
0.084773172
0.072341224
0.057114627
0.038973728
0.016813413
0.13292318
0.13180922
0.12957113
0.12657482
0.12306475
0.11911362
0.11461006
0.10929756
0.10282675
0.094796492
0.084779634
0.072345471
0.057116864
0.038974479
0.016813485
0.13293401
0.13182027
0.12958257
0.12658676
0.12307712
0.11912615
0.11462231
0.10930902
0.10283686
0.094804814
0.084785861
0.072349535
0.057118987
0.038975184
0.016813555
0.13294506
0.1318315
0.12959416
0.12659878
0.12308948
0.11913858
0.1146344
0.10932026
0.10284674
0.09481289
0.084791868
0.072353429
0.057121005
0.038975847
0.016813623
0.13295636
0.13184295
0.12960592
0.12661089
0.12310186
0.11915095
0.11464636
0.1093313
0.10285639
0.094820739
0.084797673
0.072357167
0.057122926
0.038976473
0.01681369
0.13296793
0.13185464
0.12961786
0.12662312
0.12311427
0.11916328
0.11465819
0.10934217
0.10286583
0.094828383
0.084803295
0.072360766
0.057124762
0.038977066
0.016813755
0.1329798
0.1318666
0.12963002
0.1266355
0.12312675
0.11917559
0.11466993
0.10935289
0.1028751
0.09483584
0.084808752
0.072364239
0.057126522
0.038977631
0.016813818
0.13299198
0.13187883
0.1296424
0.12664803
0.1231393
0.11918789
0.11468159
0.10936348
0.1028842
0.094843131
0.08481406
0.072367601
0.057128215
0.038978172
0.016813881
0.13300446
0.13189136
0.12965502
0.12666074
0.12315195
0.1192002
0.11469319
0.10937395
0.10289315
0.094850271
0.084819236
0.072370864
0.057129851
0.038978693
0.016813943
0.13301726
0.13190416
0.12966788
0.12667362
0.12316469
0.11921252
0.11470474
0.10938432
0.10290197
0.094857273
0.084824291
0.072374038
0.057131436
0.038979196
0.016814005
0.13303034
0.13191723
0.12968096
0.12668665
0.12317752
0.11922486
0.11471623
0.10939459
0.10291067
0.094864146
0.084829233
0.07237713
0.057132976
0.038979685
0.016814067
0.13304366
0.13193053
0.12969424
0.12669984
0.12319042
0.11923721
0.11472767
0.10940475
0.10291924
0.094870891
0.084834067
0.072380144
0.057134473
0.038980159
0.016814129
0.13305719
0.13194403
0.12970768
0.12671313
0.12320338
0.11924955
0.11473904
0.10941481
0.10292768
0.09487751
0.084838792
0.072383083
0.057135928
0.038980621
0.016814191
0.13307086
0.13195766
0.12972124
0.12672651
0.12321636
0.11926185
0.11475033
0.10942475
0.10293599
0.094883994
0.084843406
0.072385943
0.057137342
0.038981069
0.016814253
0.13308461
0.13197137
0.12973486
0.1267399
0.12322932
0.11927408
0.1147615
0.10943454
0.10294414
0.094890334
0.0848479
0.07238872
0.05713871
0.038981503
0.016814316
0.13309837
0.13198509
0.12974848
0.12675328
0.12324222
0.11928621
0.11477253
0.10944417
0.10295212
0.094896516
0.084852266
0.072391408
0.057140031
0.03898192
0.016814378
0.13311206
0.13199875
0.12976203
0.12676657
0.12325501
0.11929818
0.11478339
0.10945361
0.1029599
0.094902523
0.08485649
0.072393997
0.057141297
0.038982318
0.016814441
0.13312561
0.13201228
0.12977546
0.12677972
0.12326763
0.11930997
0.11479403
0.10946282
0.10296747
0.094908336
0.084860557
0.072396478
0.057142502
0.038982695
0.016814503
0.13313895
0.13202561
0.12978869
0.12679266
0.12328003
0.11932152
0.11480442
0.10947178
0.1029748
0.094913936
0.084864455
0.072398839
0.057143641
0.038983047
0.016814564
0.13315201
0.13203867
0.12980166
0.12680535
0.12329217
0.1193328
0.11481453
0.10948046
0.10298187
0.094919304
0.084868167
0.072401071
0.057144707
0.038983372
0.016814624
0.13316474
0.13205142
0.12981432
0.12681773
0.12330399
0.11934375
0.11482431
0.10948882
0.10298864
0.094924423
0.084871681
0.072403165
0.057145694
0.038983668
0.016814684
0.13317709
0.1320638
0.12982663
0.12682977
0.12331547
0.11935436
0.11483376
0.10949686
0.10299512
0.09492928
0.084874986
0.072405111
0.057146597
0.038983931
0.016814741
0.13318905
0.13207579
0.12983855
0.12684142
0.12332656
0.11936459
0.11484283
0.10950455
0.10300127
0.094933862
0.084878074
0.072406905
0.057147412
0.038984161
0.016814796
0.13320058
0.13208736
0.12985007
0.12685267
0.12333726
0.11937443
0.11485152
0.10951187
0.1030071
0.094938165
0.084880941
0.072408544
0.057148137
0.038984356
0.01681485
0.13321169
0.13209851
0.12986117
0.12686351
0.12334755
0.11938386
0.11485982
0.10951882
0.10301259
0.094942185
0.084883585
0.072410026
0.057148773
0.038984517
0.0168149
0.13322239
0.13210925
0.12987186
0.12687393
0.12335743
0.11939288
0.11486772
0.10952541
0.10301776
0.094945926
0.084886011
0.072411355
0.057149319
0.038984644
0.016814948
0.1332327
0.1321196
0.12988215
0.12688396
0.12336691
0.11940152
0.11487525
0.10953164
0.1030226
0.094949396
0.084888223
0.072412535
0.057149781
0.038984738
0.016814994
0.13324267
0.13212959
0.12989207
0.12689361
0.123376
0.11940977
0.1148824
0.10953753
0.10302714
0.094952606
0.084890234
0.072413575
0.057150162
0.038984802
0.016815036
0.13325232
0.13213926
0.12990165
0.1269029
0.12338474
0.11941766
0.11488921
0.10954309
0.10303139
0.094955574
0.084892056
0.072414485
0.057150469
0.038984839
0.016815076
0.13326171
0.13214864
0.12991094
0.12691189
0.12339315
0.11942523
0.1148957
0.10954836
0.10303537
0.094958318
0.084893706
0.072415277
0.05715071
0.038984851
0.016815113
0.13327089
0.1321578
0.12991998
0.1269206
0.12340128
0.1194325
0.1149019
0.10955335
0.10303911
0.09496086
0.084895202
0.072415966
0.057150894
0.038984843
0.016815148
0.1332799
0.13216678
0.1299288
0.12692908
0.12340915
0.1194395
0.11490784
0.10955809
0.10304263
0.094963222
0.084896563
0.072416563
0.057151029
0.038984818
0.01681518
0.1332888
0.13217562
0.12993747
0.12693737
0.12341681
0.11944629
0.11491355
0.10956262
0.10304596
0.094965429
0.084897807
0.072417086
0.057151125
0.038984781
0.016815211
0.13329763
0.13218437
0.12994601
0.1269455
0.12342429
0.11945287
0.11491906
0.10956696
0.10304913
0.094967501
0.084898953
0.072417546
0.05715119
0.038984734
0.01681524
0.13330641
0.13219305
0.12995446
0.12695352
0.12343163
0.1194593
0.11492441
0.10957115
0.10305215
0.09496946
0.084900018
0.072417957
0.057151231
0.038984682
0.016815267
0.13331518
0.13220169
0.12996284
0.12696144
0.12343884
0.11946559
0.11492961
0.10957519
0.10305505
0.094971323
0.084901017
0.07241833
0.057151257
0.038984627
0.016815294
0.13332393
0.13221032
0.12997118
0.12696928
0.12344595
0.11947176
0.11493469
0.10957912
0.10305785
0.094973106
0.084901961
0.072418675
0.057151273
0.038984571
0.01681532
0.13333268
0.13221892
0.12997947
0.12697706
0.12345298
0.11947782
0.11493965
0.10958293
0.10306056
0.094974818
0.084902861
0.072418996
0.057151283
0.038984516
0.016815346
0.13334141
0.13222749
0.12998772
0.12698477
0.12345992
0.11948379
0.11494452
0.10958666
0.10306319
0.094976468
0.084903721
0.0724193
0.05715129
0.038984464
0.016815371
0.1333501
0.13223602
0.12999591
0.12699241
0.12346677
0.11948965
0.11494928
0.10959028
0.10306573
0.094978059
0.084904544
0.072419588
0.057151294
0.038984414
0.016815396
0.13335871
0.13224447
0.13000402
0.12699996
0.12347352
0.11949541
0.11495393
0.10959381
0.10306819
0.094979589
0.084905331
0.07241986
0.057151296
0.038984367
0.016815421
0.13336721
0.13225282
0.13001203
0.12700739
0.12348015
0.11950105
0.11495847
0.10959723
0.10307057
0.094981054
0.084906076
0.072420112
0.057151294
0.03898432
0.016815446
0.13337556
0.13226102
0.13001988
0.12701467
0.12348663
0.11950654
0.11496287
0.10960054
0.10307285
0.094982447
0.084906775
0.072420341
0.057151284
0.038984274
0.016815471
0.1333837
0.13226902
0.13002755
0.12702178
0.12349294
0.11951187
0.11496713
0.10960371
0.10307502
0.094983758
0.08490742
0.07242054
0.057151264
0.038984226
0.016815495
0.13339159
0.13227678
0.130035
0.12702867
0.12349905
0.11951702
0.11497122
0.10960674
0.10307707
0.094984977
0.084908002
0.072420703
0.057151228
0.038984173
0.016815519
0.13339918
0.13228426
0.13004217
0.12703532
0.12350492
0.11952195
0.11497511
0.1096096
0.10307898
0.094986091
0.08490851
0.072420823
0.057151171
0.038984115
0.016815543
0.13340643
0.13229141
0.13004904
0.12704167
0.12351053
0.11952664
0.11497879
0.10961227
0.10308074
0.094987089
0.084908937
0.072420892
0.05715109
0.038984048
0.016815566
0.13341329
0.13229819
0.13005556
0.12704771
0.12351585
0.11953106
0.11498224
0.10961475
0.10308234
0.094987959
0.084909272
0.072420903
0.05715098
0.038983971
0.016815588
0.13341975
0.13230458
0.13006172
0.1270534
0.12352086
0.1195352
0.11498543
0.10961701
0.10308376
0.094988693
0.084909509
0.072420851
0.057150836
0.038983882
0.016815609
0.13342578
0.13231056
0.13006748
0.12705873
0.12352553
0.11953905
0.11498837
0.10961905
0.103085
0.094989282
0.084909641
0.072420732
0.057150657
0.03898378
0.016815629
0.13343138
0.13231612
0.13007284
0.12706368
0.12352985
0.11954258
0.11499103
0.10962086
0.10308605
0.094989724
0.084909666
0.072420543
0.057150439
0.038983664
0.016815647
0.13343653
0.13232124
0.13007779
0.12706825
0.12353382
0.1195458
0.11499342
0.10962244
0.1030869
0.094990015
0.084909581
0.072420282
0.057150183
0.038983534
0.016815663
0.13344127
0.13232595
0.13008234
0.12707244
0.12353745
0.1195487
0.11499553
0.10962378
0.10308757
0.094990158
0.084909389
0.072419951
0.057149889
0.03898339
0.016815677
0.13344559
0.13233026
0.1300865
0.12707626
0.12354073
0.1195513
0.11499738
0.10962489
0.10308805
0.094990158
0.084909092
0.072419552
0.057149558
0.038983231
0.01681569
0.13344955
0.1323342
0.13009029
0.12707973
0.12354369
0.11955361
0.11499897
0.10962579
0.10308836
0.094990021
0.084908698
0.07241909
0.057149193
0.038983061
0.016815701
0.13345317
0.13233779
0.13009375
0.12708288
0.12354635
0.11955564
0.11500032
0.10962648
0.1030885
0.094989759
0.084908214
0.07241857
0.057148797
0.038982879
0.01681571
0.13345649
0.13234109
0.13009691
0.12708574
0.12354874
0.11955742
0.11500145
0.10962699
0.10308849
0.094989384
0.08490765
0.072418
0.057148375
0.038982688
0.016815717
0.13345957
0.13234413
0.13009981
0.12708834
0.12355088
0.11955898
0.11500238
0.10962734
0.10308835
0.09498891
0.084907019
0.072417388
0.057147932
0.03898249
0.016815722
0.13346245
0.13234696
0.13010249
0.12709072
0.1235528
0.11956034
0.11500314
0.10962754
0.1030881
0.094988355
0.084906332
0.072416744
0.057147474
0.038982288
0.016815726
0.13346517
0.13234963
0.13010499
0.12709292
0.12355455
0.11956154
0.11500376
0.10962762
0.10308775
0.094987733
0.084905604
0.072416077
0.057147005
0.038982083
0.016815729
0.13346779
0.13235217
0.13010736
0.12709497
0.12355616
0.11956261
0.11500426
0.10962761
0.10308733
0.094987062
0.084904846
0.072415396
0.057146533
0.038981878
0.01681573
0.13347033
0.13235464
0.13010963
0.12709693
0.12355766
0.11956357
0.11500467
0.10962753
0.10308687
0.094986357
0.084904072
0.072414711
0.057146062
0.038981676
0.016815731
0.13347285
0.13235705
0.13011184
0.1270988
0.12355908
0.11956446
0.11500502
0.10962739
0.10308636
0.094985635
0.084903293
0.07241403
0.057145598
0.038981478
0.016815731
0.13347535
0.13235945
0.13011402
0.12710063
0.12356045
0.11956529
0.11500532
0.10962722
0.10308584
0.094984908
0.084902521
0.07241336
0.057145145
0.038981287
0.016815731
0.13347787
0.13236184
0.13011618
0.12710243
0.12356178
0.11956609
0.11500559
0.10962703
0.10308531
0.094984188
0.084901763
0.072412709
0.057144707
0.038981103
0.01681573
0.1334804
0.13236425
0.13011834
0.12710422
0.1235631
0.11956688
0.11500585
0.10962684
0.10308479
0.094983484
0.084901028
0.07241208
0.057144288
0.038980929
0.016815729
0.13348295
0.13236667
0.1301205
0.12710601
0.1235644
0.11956765
0.11500611
0.10962666
0.10308429
0.094982802
0.084900319
0.072411478
0.057143888
0.038980765
0.016815729
0.13348551
0.13236909
0.13012266
0.12710779
0.1235657
0.11956842
0.11500636
0.10962648
0.1030838
0.094982146
0.08489964
0.072410904
0.05714351
0.03898061
0.016815728
0.13348806
0.13237151
0.13012482
0.12710956
0.123567
0.11956919
0.11500663
0.10962632
0.10308333
0.094981516
0.08489899
0.072410358
0.057143153
0.038980466
0.016815728
0.13349057
0.13237389
0.13012695
0.12711131
0.12356827
0.11956994
0.11500688
0.10962616
0.10308288
0.094980911
0.084898369
0.072409839
0.057142816
0.038980332
0.016815729
0.13349302
0.13237622
0.13012902
0.12711302
0.12356951
0.11957067
0.11500713
0.10962601
0.10308244
0.094980325
0.084897772
0.072409344
0.057142498
0.038980206
0.01681573
0.13349537
0.13237845
0.13013102
0.12711466
0.1235707
0.11957137
0.11500736
0.10962584
0.103082
0.094979752
0.084897193
0.072408869
0.057142194
0.038980087
0.016815731
0.13349758
0.13238057
0.13013291
0.12711621
0.12357181
0.11957201
0.11500755
0.10962566
0.10308156
0.094979184
0.084896626
0.072408407
0.057141903
0.038979974
0.016815732
0.13349962
0.13238252
0.13013467
0.12711764
0.12357283
0.11957257
0.11500768
0.10962544
0.1030811
0.094978609
0.084896062
0.072407954
0.05714162
0.038979866
0.016815734
0.13350145
0.13238428
0.13013625
0.12711892
0.12357372
0.11957304
0.11500774
0.10962517
0.10308061
0.094978019
0.084895492
0.072407502
0.057141341
0.038979759
0.016815735
0.13350304
0.13238582
0.13013763
0.12712003
0.12357447
0.11957339
0.11500771
0.10962483
0.10308007
0.094977401
0.084894909
0.072407045
0.057141061
0.038979653
0.016815737
0.13350437
0.13238711
0.13013878
0.12712095
0.12357506
0.11957361
0.11500758
0.10962442
0.10307948
0.094976746
0.084894302
0.072406576
0.057140777
0.038979546
0.016815738
0.13350541
0.13238813
0.13013969
0.12712164
0.12357546
0.11957367
0.11500733
0.10962391
0.10307882
0.094976044
0.084893666
0.072406089
0.057140484
0.038979435
0.016815739
0.13350617
0.13238887
0.13014035
0.12712212
0.12357567
0.11957358
0.11500694
0.1096233
0.10307808
0.094975287
0.084892992
0.07240558
0.057140179
0.038979319
0.016815739
0.13350663
0.13238934
0.13014074
0.12712235
0.12357567
0.11957331
0.11500642
0.10962259
0.10307726
0.094974471
0.084892277
0.072405044
0.05713986
0.038979198
0.016815738
0.1335068
0.13238952
0.13014088
0.12712236
0.12357547
0.11957287
0.11500576
0.10962176
0.10307636
0.094973591
0.084891518
0.072404479
0.057139524
0.03897907
0.016815737
0.13350671
0.13238945
0.13014077
0.12712213
0.12357507
0.11957226
0.11500496
0.10962083
0.10307537
0.094972649
0.084890714
0.072403884
0.057139171
0.038978934
0.016815734
0.13350639
0.13238914
0.13014043
0.1271217
0.12357448
0.1195715
0.11500403
0.10961978
0.1030743
0.094971647
0.084889867
0.072403261
0.057138801
0.038978789
0.016815731
0.13350585
0.13238862
0.13013989
0.12712108
0.12357373
0.11957058
0.11500297
0.10961865
0.10307316
0.094970591
0.084888983
0.072402612
0.057138412
0.038978635
0.016815726
0.13350515
0.13238793
0.13013917
0.12712029
0.12357282
0.11956954
0.11500182
0.10961743
0.10307196
0.09496949
0.084888066
0.072401942
0.057138011
0.038978475
0.01681572
0.13350432
0.1323871
0.13013833
0.12711938
0.1235718
0.1195684
0.11500057
0.10961614
0.10307071
0.094968355
0.084887127
0.072401255
0.0571376
0.03897831
0.016815713
0.13350341
0.13238619
0.13013738
0.12711836
0.12357069
0.11956718
0.11499927
0.10961481
0.10306942
0.094967199
0.084886176
0.072400562
0.057137185
0.038978144
0.016815705
0.13350246
0.13238523
0.13013638
0.12711729
0.12356951
0.1195659
0.11499792
0.10961344
0.10306812
0.094966035
0.084885224
0.07239987
0.057136772
0.03897798
0.016815696
0.13350152
0.13238426
0.13013536
0.12711619
0.12356832
0.11956461
0.11499656
0.10961207
0.10306681
0.094964879
0.084884282
0.072399188
0.057136367
0.038977819
0.016815687
0.13350062
0.13238332
0.13013436
0.1271151
0.12356712
0.11956331
0.11499521
0.10961072
0.10306553
0.094963746
0.084883362
0.072398526
0.057135976
0.038977666
0.016815677
0.1334998
0.13238245
0.13013341
0.12711405
0.12356596
0.11956205
0.11499388
0.1096094
0.10306429
0.094962647
0.084882475
0.072397891
0.057135604
0.038977523
0.016815667
0.13349906
0.13238166
0.13013253
0.12711306
0.12356485
0.11956084
0.11499261
0.10960813
0.10306309
0.094961596
0.08488163
0.072397292
0.057135256
0.038977391
0.016815658
0.13349844
0.13238097
0.13013174
0.12711214
0.12356381
0.11955969
0.1149914
0.10960692
0.10306195
0.094960602
0.084880836
0.072396733
0.057134935
0.038977272
0.016815648
0.13349794
0.13238039
0.13013105
0.12711132
0.12356285
0.11955862
0.11499026
0.10960578
0.10306088
0.094959671
0.084880098
0.072396219
0.057134645
0.038977168
0.01681564
0.13349755
0.13237993
0.13013046
0.1271106
0.12356198
0.11955764
0.11498921
0.10960472
0.10305989
0.09495881
0.084879419
0.072395751
0.057134386
0.038977078
0.016815632
0.13349726
0.13237956
0.13012997
0.12710996
0.1235612
0.11955674
0.11498824
0.10960374
0.10305897
0.094958018
0.084878801
0.072395332
0.05713416
0.038977003
0.016815625
0.13349705
0.13237928
0.13012957
0.12710941
0.12356051
0.11955592
0.11498735
0.10960284
0.10305813
0.094957294
0.084878242
0.072394959
0.057133964
0.038976942
0.016815618
0.1334969
0.13237905
0.13012922
0.12710893
0.12355988
0.11955517
0.11498653
0.10960201
0.10305735
0.094956632
0.084877737
0.072394629
0.057133796
0.038976893
0.016815613
0.13349678
0.13237887
0.13012892
0.12710849
0.1235593
0.11955448
0.11498576
0.10960124
0.10305664
0.094956026
0.08487728
0.072394337
0.057133653
0.038976854
0.016815609
0.13349665
0.13237868
0.13012864
0.12710807
0.12355875
0.11955382
0.11498504
0.10960051
0.10305597
0.094955464
0.084876862
0.072394076
0.057133529
0.038976823
0.016815605
0.13349649
0.13237847
0.13012833
0.12710765
0.12355821
0.11955318
0.11498435
0.10959982
0.10305533
0.094954934
0.084876472
0.072393835
0.057133418
0.038976796
0.016815603
0.13349625
0.1323782
0.13012799
0.1271072
0.12355765
0.11955253
0.11498365
0.10959913
0.10305471
0.094954421
0.084876097
0.072393605
0.057133314
0.038976771
0.016815601
0.13349592
0.13237785
0.13012757
0.1271067
0.12355706
0.11955187
0.11498295
0.10959844
0.10305409
0.094953911
0.084875725
0.072393377
0.057133208
0.038976744
0.016815599
0.13349547
0.13237738
0.13012707
0.12710612
0.1235564
0.11955116
0.11498222
0.10959774
0.10305345
0.09495339
0.084875344
0.072393141
0.057133096
0.038976713
0.016815597
0.13349489
0.1323768
0.13012645
0.12710545
0.12355568
0.11955039
0.11498144
0.10959699
0.10305279
0.094952846
0.084874943
0.072392888
0.057132972
0.038976674
0.016815595
0.13349416
0.13237607
0.13012571
0.12710468
0.12355486
0.11954955
0.11498061
0.10959621
0.10305209
0.094952271
0.084874516
0.072392614
0.057132832
0.038976627
0.016815592
0.13349328
0.13237521
0.13012484
0.12710379
0.12355395
0.11954863
0.11497971
0.10959537
0.10305135
0.094951659
0.084874057
0.072392314
0.057132674
0.03897657
0.016815589
0.13349226
0.13237421
0.13012385
0.12710279
0.12355295
0.11954763
0.11497875
0.10959447
0.10305056
0.094951007
0.084873565
0.072391987
0.057132498
0.038976504
0.016815585
0.13349111
0.13237308
0.13012274
0.12710169
0.12355185
0.11954656
0.11497772
0.10959352
0.10304972
0.094950318
0.084873042
0.072391636
0.057132304
0.038976429
0.01681558
0.13348986
0.13237186
0.13012154
0.12710051
0.12355069
0.11954543
0.11497665
0.10959254
0.10304886
0.094949609
0.084872503
0.072391274
0.057132105
0.038976356
0.016815574
)
;

boundaryField
{
    water_inlet
    {
        type            calculated;
        value           uniform 0.041850807;
    }
    water_outlet
    {
        type            calculated;
        value           nonuniform List<scalar> 
15
(
0.13348986
0.13237186
0.13012154
0.12710051
0.12355069
0.11954543
0.11497665
0.10959254
0.10304886
0.094949609
0.084872503
0.072391274
0.057132105
0.038976356
0.016815574
)
;
    }
    water_wedge1
    {
        type            wedge;
    }
    water_wedge2
    {
        type            wedge;
    }
    water_to_rock
    {
        type            compressible::alphatWallFunction;
        value           nonuniform List<scalar> 
400
(
0.0015669952
0.0018471873
0.0020481781
0.0021849324
0.0022719934
0.0023219691
0.0023451352
0.002349516
0.0023411805
0.0023246084
0.0023030479
0.0022788257
0.0022535946
0.0022285216
0.0022044242
0.0021818671
0.0021612267
0.0021427337
0.0021265001
0.0021125379
0.0021007745
0.0020910676
0.0020832228
0.0020770122
0.0020721935
0.0020685265
0.0020657873
0.0020637767
0.0020623249
0.0020612926
0.0020605688
0.0020600677
0.0020597245
0.0020594917
0.0020593354
0.002059232
0.002059166
0.0020591278
0.002059112
0.002059116
0.0020591394
0.0020591829
0.0020592479
0.0020593363
0.0020594498
0.00205959
0.0020597584
0.0020599561
0.002060184
0.0020604427
0.0020607324
0.0020610532
0.002061405
0.0020617874
0.0020622
0.0020626421
0.0020631131
0.0020636121
0.0020641383
0.0020646908
0.0020652687
0.0020658712
0.0020664969
0.0020671447
0.002067813
0.0020685006
0.002069206
0.0020699281
0.002070666
0.0020714189
0.0020721861
0.0020729673
0.0020737621
0.0020745699
0.0020753902
0.0020762224
0.0020770658
0.00207792
0.0020787845
0.0020796586
0.0020805418
0.0020814336
0.0020823333
0.0020832404
0.0020841544
0.0020850748
0.0020860009
0.0020869323
0.0020878685
0.0020888089
0.002089753
0.0020907003
0.0020916503
0.0020926025
0.0020935563
0.0020945114
0.0020954671
0.0020964231
0.0020973787
0.0020983334
0.0020992868
0.0021002383
0.0021011874
0.0021021335
0.0021030761
0.0021040145
0.0021049482
0.0021058765
0.0021067987
0.0021077142
0.0021086223
0.0021095221
0.002110413
0.0021112941
0.0021121645
0.0021130235
0.0021138701
0.0021147034
0.0021155224
0.0021163264
0.0021171143
0.0021178851
0.0021186381
0.0021193722
0.0021200867
0.0021207805
0.0021214531
0.0021221036
0.0021227313
0.0021233357
0.0021239161
0.0021244721
0.0021250033
0.0021255093
0.00212599
0.0021264452
0.0021268747
0.0021272787
0.0021276572
0.0021280104
0.0021283385
0.0021286418
0.0021289208
0.0021291759
0.0021294075
0.0021296162
0.0021298027
0.0021299676
0.0021301115
0.0021302351
0.0021303392
0.0021304246
0.0021304919
0.002130542
0.0021305757
0.0021305937
0.0021305968
0.0021305858
0.0021305615
0.0021305246
0.0021304759
0.0021304161
0.002130346
0.0021302662
0.0021301775
0.0021300805
0.0021299758
0.0021298641
0.002129746
0.002129622
0.0021294926
0.0021293582
0.0021292192
0.002129076
0.0021289291
0.0021287789
0.002128626
0.0021284708
0.0021283137
0.0021281552
0.0021279956
0.0021278353
0.0021276747
0.002127514
0.0021273535
0.0021271937
0.0021270346
0.0021268765
0.0021267197
0.0021265644
0.0021264108
0.002126259
0.0021261092
0.0021259615
0.0021258161
0.0021256731
0.0021255326
0.0021253947
0.0021252595
0.0021251271
0.0021249975
0.0021248707
0.002124747
0.0021246262
0.0021245084
0.0021243938
0.0021242822
0.0021241737
0.0021240683
0.0021239661
0.002123867
0.002123771
0.0021236781
0.0021235883
0.0021235016
0.0021234179
0.0021233372
0.0021232595
0.0021231847
0.0021231128
0.0021230438
0.0021229776
0.0021229141
0.0021228535
0.0021227955
0.0021227402
0.0021226875
0.0021226375
0.00212259
0.002122545
0.0021225025
0.0021224624
0.0021224246
0.0021223892
0.0021223559
0.0021223248
0.0021222958
0.0021222687
0.0021222436
0.0021222203
0.0021221988
0.002122179
0.0021221608
0.0021221443
0.0021221293
0.0021221159
0.0021221039
0.0021220934
0.0021220844
0.0021220768
0.0021220706
0.0021220658
0.0021220623
0.00212206
0.0021220589
0.002122059
0.0021220601
0.0021220622
0.0021220652
0.002122069
0.0021220735
0.0021220786
0.0021220843
0.0021220905
0.0021220973
0.0021221044
0.002122112
0.00212212
0.0021221284
0.0021221373
0.0021221466
0.0021221564
0.0021221667
0.0021221774
0.0021221885
0.0021222001
0.002122212
0.0021222242
0.0021222367
0.0021222495
0.0021222624
0.0021222754
0.0021222884
0.0021223015
0.0021223144
0.0021223271
0.0021223397
0.0021223521
0.0021223642
0.0021223761
0.0021223878
0.0021223992
0.0021224104
0.0021224215
0.0021224324
0.0021224432
0.002122454
0.0021224647
0.0021224754
0.0021224861
0.0021224968
0.0021225075
0.0021225182
0.0021225288
0.0021225394
0.0021225499
0.0021225602
0.0021225704
0.0021225803
0.0021225899
0.0021225992
0.0021226081
0.0021226167
0.0021226248
0.0021226325
0.0021226398
0.0021226467
0.0021226533
0.0021226595
0.0021226653
0.002122671
0.0021226763
0.0021226815
0.0021226865
0.0021226914
0.0021226962
0.002122701
0.0021227056
0.0021227102
0.0021227148
0.0021227193
0.0021227237
0.002122728
0.0021227321
0.0021227361
0.00212274
0.0021227436
0.0021227469
0.00212275
0.0021227528
0.0021227554
0.0021227576
0.0021227595
0.0021227612
0.0021227626
0.0021227638
0.0021227647
0.0021227655
0.0021227661
0.0021227666
0.0021227669
0.0021227672
0.0021227675
0.0021227677
0.002122768
0.0021227682
0.0021227685
0.0021227688
0.0021227692
0.0021227695
0.0021227699
0.0021227702
0.0021227705
0.0021227708
0.002122771
0.0021227711
0.002122771
0.0021227709
0.0021227706
0.0021227701
0.0021227695
0.0021227687
0.0021227677
0.0021227667
0.0021227655
0.0021227641
0.0021227628
0.0021227614
0.0021227599
0.0021227586
0.0021227572
0.002122756
0.0021227548
0.0021227538
0.0021227529
0.0021227521
0.0021227514
0.0021227508
0.0021227503
0.0021227498
0.0021227493
0.0021227488
0.0021227483
0.0021227477
0.002122747
0.0021227462
0.0021227453
0.0021227443
0.0021227431
0.0021227419
)
;
    }
}


// ************************************************************************* //
