/*--------------------------------*- C++ -*----------------------------------*\
| =========                 |                                                 |
| \\      /  F ield         | OpenFOAM: The Open Source CFD Toolbox           |
|  \\    /   O peration     | Version:  2506                                  |
|   \\  /    A nd           | Website:  www.openfoam.com                      |
|    \\/     M anipulation  |                                                 |
\*---------------------------------------------------------------------------*/
FoamFile
{
    version     2.0;
    format      ascii;
    arch        "LSB;label=32;scalar=64";
    class       volScalarField;
    location    "17000/water";
    object      T;
}
// * * * * * * * * * * * * * * * * * * * * * * * * * * * * * * * * * * * * * //

dimensions      [0 0 0 1 0 0 0];

internalField   nonuniform List<scalar> 
6000
(
333.15
333.15
333.15
333.15
333.15
333.15
333.15
333.15
333.15
333.15
333.15
333.14998
333.14989
333.14924
333.14256
333.15
333.15
333.15
333.15
333.15
333.15
333.15
333.15
333.15
333.15
333.14999
333.14994
333.14968
333.14816
333.13666
333.15
333.15
333.15
333.15
333.15
333.15
333.15
333.15
333.15
333.14999
333.14997
333.14987
333.14939
333.14689
333.13172
333.15
333.15
333.15
333.15
333.15
333.15
333.15
333.15
333.15
333.14999
333.14994
333.14976
333.14903
333.14547
333.12739
333.15
333.15
333.15
333.15
333.15
333.15
333.15
333.15
333.14999
333.14997
333.1499
333.14963
333.1486
333.14396
333.12351
333.15
333.15
333.15
333.15
333.15
333.15
333.15
333.15
333.14999
333.14996
333.14985
333.14947
333.14812
333.14237
333.11998
333.15
333.15
333.15
333.15
333.15
333.15
333.15
333.14999
333.14998
333.14994
333.14978
333.14929
333.1476
333.14073
333.11674
333.15
333.15
333.15
333.15
333.15
333.15
333.15
333.14999
333.14997
333.14991
333.1497
333.14909
333.14703
333.13906
333.11373
333.15
333.15
333.15
333.15
333.15
333.15
333.15
333.14999
333.14996
333.14987
333.14961
333.14886
333.14643
333.13737
333.11092
333.15
333.15
333.15
333.15
333.15
333.15
333.14999
333.14998
333.14994
333.14983
333.14951
333.14862
333.14578
333.13566
333.10831
333.15
333.15
333.15
333.15
333.15
333.15
333.14999
333.14998
333.14993
333.14978
333.1494
333.14836
333.1451
333.13396
333.10586
333.15
333.15
333.15
333.15
333.15
333.15
333.14999
333.14997
333.1499
333.14973
333.14928
333.14807
333.14437
333.13227
333.10357
333.15
333.15
333.15
333.15
333.15
333.14999
333.14998
333.14996
333.14988
333.14967
333.14915
333.14777
333.14361
333.13059
333.10143
333.15
333.15
333.15
333.15
333.15
333.14999
333.14998
333.14994
333.14985
333.14961
333.14901
333.14745
333.1428
333.12893
333.09944
333.15
333.15
333.15
333.15
333.15
333.14999
333.14997
333.14993
333.14982
333.14954
333.14886
333.1471
333.14195
333.12731
333.09759
333.15
333.15
333.15
333.15
333.15
333.14999
333.14997
333.14991
333.14978
333.14946
333.1487
333.14673
333.14106
333.12571
333.09587
333.15
333.15
333.15
333.15
333.14999
333.14998
333.14996
333.1499
333.14974
333.14938
333.14852
333.14634
333.14013
333.12416
333.09429
333.15
333.15
333.15
333.15
333.14999
333.14998
333.14995
333.14988
333.1497
333.14929
333.14834
333.14591
333.13915
333.12266
333.09283
333.15
333.15
333.15
333.15
333.14999
333.14998
333.14994
333.14985
333.14965
333.1492
333.14814
333.14546
333.13814
333.1212
333.0915
333.15
333.15
333.15
333.14999
333.14999
333.14997
333.14993
333.14983
333.1496
333.14909
333.14793
333.14497
333.13709
333.1198
333.09029
333.15
333.15
333.15
333.14999
333.14999
333.14997
333.14992
333.1498
333.14955
333.14899
333.1477
333.14444
333.13601
333.11847
333.08919
333.15
333.15
333.15
333.14999
333.14998
333.14996
333.1499
333.14977
333.14949
333.14887
333.14745
333.14388
333.13491
333.11719
333.0882
333.15
333.15
333.15
333.14999
333.14998
333.14995
333.14989
333.14974
333.14943
333.14875
333.14718
333.14328
333.13379
333.11598
333.0873
333.15
333.15
333.14999
333.14999
333.14998
333.14994
333.14987
333.14971
333.14936
333.14861
333.1469
333.14263
333.13266
333.11483
333.08649
333.15
333.15
333.14999
333.14999
333.14997
333.14993
333.14985
333.14967
333.14929
333.14847
333.14659
333.14195
333.13154
333.11375
333.08576
333.15
333.15
333.14999
333.14998
333.14997
333.14992
333.14983
333.14963
333.14921
333.14831
333.14625
333.14122
333.13042
333.11273
333.0851
333.15
333.15
333.14999
333.14998
333.14996
333.14991
333.14981
333.14959
333.14913
333.14815
333.14589
333.14046
333.12932
333.11176
333.08451
333.15
333.14999
333.14999
333.14998
333.14996
333.1499
333.14979
333.14954
333.14904
333.14797
333.14549
333.13967
333.12825
333.11086
333.08397
333.15
333.14999
333.14999
333.14998
333.14995
333.14989
333.14976
333.14949
333.14895
333.14777
333.14506
333.13885
333.1272
333.11001
333.08349
333.14999
333.14999
333.14999
333.14997
333.14994
333.14987
333.14973
333.14944
333.14884
333.14756
333.14461
333.13801
333.12619
333.1092
333.08305
333.14999
333.14999
333.14998
333.14997
333.14993
333.14986
333.1497
333.14939
333.14873
333.14733
333.14411
333.13715
333.12522
333.10845
333.08265
333.14999
333.14999
333.14998
333.14996
333.14992
333.14984
333.14967
333.14932
333.14862
333.14708
333.14359
333.13628
333.12428
333.10773
333.08228
333.14999
333.14999
333.14998
333.14996
333.14991
333.14982
333.14964
333.14926
333.14849
333.14681
333.14303
333.13542
333.12338
333.10706
333.08195
333.14999
333.14999
333.14998
333.14995
333.1499
333.1498
333.1496
333.14919
333.14835
333.14652
333.14245
333.13455
333.12252
333.10643
333.08164
333.14999
333.14998
333.14997
333.14995
333.14989
333.14978
333.14956
333.14911
333.1482
333.1462
333.14183
333.13369
333.1217
333.10583
333.08136
333.14999
333.14998
333.14997
333.14994
333.14988
333.14976
333.14952
333.14903
333.14803
333.14586
333.14119
333.13285
333.12091
333.10526
333.0811
333.14999
333.14998
333.14997
333.14993
333.14987
333.14974
333.14947
333.14895
333.14786
333.14549
333.14054
333.13202
333.12016
333.10472
333.08085
333.14998
333.14998
333.14996
333.14993
333.14985
333.14971
333.14942
333.14885
333.14766
333.14509
333.13986
333.13121
333.11944
333.10421
333.08063
333.14998
333.14998
333.14996
333.14992
333.14984
333.14968
333.14937
333.14875
333.14745
333.14467
333.13918
333.13042
333.11875
333.10373
333.08042
333.14998
333.14997
333.14995
333.14991
333.14982
333.14965
333.14931
333.14864
333.14723
333.14422
333.13848
333.12965
333.11809
333.10326
333.08023
333.14998
333.14997
333.14995
333.1499
333.1498
333.14962
333.14925
333.14852
333.14698
333.14375
333.13778
333.1289
333.11746
333.10283
333.08005
333.14997
333.14996
333.14994
333.14989
333.14978
333.14958
333.14918
333.14838
333.14671
333.14326
333.13709
333.12818
333.11686
333.10241
333.07988
333.14997
333.14996
333.14993
333.14988
333.14976
333.14954
333.14911
333.14824
333.14643
333.14274
333.13639
333.12748
333.11628
333.10201
333.07973
333.14997
333.14996
333.14993
333.14986
333.14974
333.1495
333.14903
333.14809
333.14612
333.14221
333.13571
333.1268
333.11572
333.10163
333.07958
333.14996
333.14995
333.14992
333.14985
333.14972
333.14946
333.14895
333.14792
333.14579
333.14166
333.13503
333.12615
333.11519
333.10126
333.07944
333.14996
333.14995
333.14991
333.14984
333.14969
333.14941
333.14886
333.14774
333.14544
333.1411
333.13436
333.12552
333.11468
333.10092
333.07931
333.14995
333.14994
333.1499
333.14982
333.14966
333.14936
333.14876
333.14754
333.14507
333.14053
333.1337
333.1249
333.11419
333.10058
333.0792
333.14995
333.14993
333.14989
333.1498
333.14963
333.1493
333.14865
333.14733
333.14468
333.13996
333.13306
333.12431
333.11371
333.10026
333.07908
333.14994
333.14993
333.14988
333.14979
333.1496
333.14924
333.14853
333.1471
333.14427
333.13938
333.13242
333.12374
333.11326
333.09996
333.07898
333.14994
333.14992
333.14987
333.14977
333.14957
333.14918
333.14841
333.14686
333.14384
333.1388
333.13181
333.12318
333.11282
333.09966
333.07888
333.14993
333.14991
333.14986
333.14974
333.14953
333.1491
333.14827
333.14659
333.14339
333.13822
333.1312
333.12264
333.11239
333.09938
333.07879
333.14993
333.1499
333.14984
333.14972
333.14949
333.14903
333.14812
333.14631
333.14294
333.13764
333.13061
333.12212
333.11199
333.09911
333.0787
333.14992
333.14989
333.14983
333.1497
333.14944
333.14894
333.14796
333.14601
333.14247
333.13706
333.13004
333.12162
333.11159
333.09885
333.07862
333.14991
333.14988
333.14981
333.14967
333.14939
333.14885
333.14779
333.14569
333.14198
333.13649
333.12948
333.12113
333.11121
333.0986
333.07854
333.1499
333.14987
333.1498
333.14964
333.14934
333.14876
333.1476
333.14536
333.1415
333.13593
333.12893
333.12066
333.11084
333.09836
333.07847
333.14989
333.14986
333.14978
333.14961
333.14928
333.14865
333.1474
333.14501
333.141
333.13537
333.1284
333.1202
333.11048
333.09812
333.07841
333.14988
333.14985
333.14976
333.14958
333.14922
333.14853
333.14718
333.14464
333.1405
333.13482
333.12788
333.11975
333.11014
333.0979
333.07834
333.14987
333.14983
333.14974
333.14954
333.14915
333.14841
333.14694
333.14426
333.14
333.13428
333.12737
333.11932
333.10981
333.09768
333.07828
333.14986
333.14982
333.14971
333.1495
333.14908
333.14827
333.1467
333.14386
333.1395
333.13375
333.12688
333.1189
333.10948
333.09747
333.07823
333.14985
333.1498
333.14969
333.14946
333.149
333.14812
333.14643
333.14345
333.13899
333.13323
333.12639
333.11849
333.10917
333.09726
333.07818
333.14983
333.14978
333.14966
333.14941
333.14892
333.14796
333.14615
333.14304
333.13849
333.13272
333.12592
333.1181
333.10886
333.09707
333.07813
333.14982
333.14976
333.14963
333.14936
333.14882
333.14779
333.14586
333.14261
333.13799
333.13222
333.12547
333.11771
333.10857
333.09688
333.07809
333.1498
333.14974
333.1496
333.1493
333.14872
333.14761
333.14555
333.14218
333.1375
333.13172
333.12502
333.11734
333.10828
333.09669
333.07805
333.14978
333.14972
333.14956
333.14924
333.14861
333.14741
333.14522
333.14174
333.137
333.13124
333.12458
333.11697
333.108
333.09651
333.07801
333.14976
333.1497
333.14952
333.14917
333.1485
333.1472
333.14489
333.1413
333.13652
333.13076
333.12416
333.11662
333.10773
333.09634
333.07797
333.14974
333.14967
333.14948
333.1491
333.14837
333.14697
333.14454
333.14085
333.13603
333.1303
333.12374
333.11627
333.10747
333.09617
333.07794
333.14972
333.14964
333.14944
333.14903
333.14823
333.14673
333.14417
333.1404
333.13556
333.12984
333.12333
333.11593
333.10721
333.09601
333.07791
333.14969
333.14961
333.14939
333.14894
333.14808
333.14648
333.1438
333.13995
333.13509
333.12939
333.12294
333.1156
333.10696
333.09585
333.07788
333.14967
333.14957
333.14933
333.14885
333.14792
333.14621
333.14342
333.1395
333.13462
333.12895
333.12255
333.11528
333.10671
333.0957
333.07785
333.14964
333.14954
333.14928
333.14875
333.14774
333.14593
333.14303
333.13905
333.13416
333.12852
333.12217
333.11497
333.10648
333.09555
333.07782
333.14961
333.1495
333.14921
333.14864
333.14755
333.14563
333.14264
333.1386
333.13371
333.1281
333.1218
333.11466
333.10624
333.0954
333.0778
333.14957
333.14945
333.14914
333.14852
333.14736
333.14533
333.14224
333.13816
333.13326
333.12769
333.12144
333.11436
333.10602
333.09526
333.07778
333.14953
333.1494
333.14907
333.1484
333.14714
333.14501
333.14183
333.13771
333.13283
333.12728
333.12109
333.11407
333.1058
333.09512
333.07776
333.14949
333.14935
333.14899
333.14826
333.14692
333.14468
333.14143
333.13727
333.13239
333.12688
333.12074
333.11379
333.10558
333.09499
333.07774
333.14944
333.14929
333.1489
333.14811
333.14668
333.14434
333.14101
333.13684
333.13197
333.12649
333.1204
333.11351
333.10537
333.09486
333.07772
333.14939
333.14923
333.1488
333.14795
333.14642
333.14399
333.1406
333.1364
333.13155
333.12611
333.12007
333.11323
333.10517
333.09473
333.0777
333.14934
333.14916
333.14869
333.14778
333.14616
333.14363
333.14019
333.13597
333.13113
333.12574
333.11974
333.11297
333.10496
333.09461
333.07768
333.14928
333.14908
333.14858
333.14759
333.14588
333.14326
333.13977
333.13555
333.13073
333.12537
333.11942
333.1127
333.10477
333.09448
333.07767
333.14921
333.149
333.14845
333.14739
333.14559
333.14289
333.13936
333.13513
333.13033
333.12501
333.11911
333.11245
333.10457
333.09437
333.07765
333.14914
333.14891
333.14831
333.14718
333.14529
333.14252
333.13894
333.13471
333.12993
333.12465
333.1188
333.1122
333.10439
333.09425
333.07764
333.14906
333.14881
333.14817
333.14696
333.14498
333.14213
333.13853
333.1343
333.12955
333.1243
333.1185
333.11195
333.1042
333.09414
333.07762
333.14897
333.1487
333.14801
333.14672
333.14465
333.14175
333.13811
333.13389
333.12916
333.12396
333.1182
333.11171
333.10402
333.09402
333.07761
333.14888
333.14858
333.14784
333.14647
333.14432
333.14136
333.1377
333.13349
333.12879
333.12362
333.11791
333.11147
333.10384
333.09391
333.0776
333.14877
333.14845
333.14765
333.14621
333.14398
333.14097
333.1373
333.13309
333.12842
333.12329
333.11763
333.11124
333.10367
333.09381
333.07758
333.14865
333.14831
333.14745
333.14593
333.14363
333.14057
333.13689
333.13269
333.12805
333.12296
333.11735
333.11101
333.1035
333.0937
333.07757
333.14853
333.14816
333.14724
333.14564
333.14327
333.14018
333.13649
333.1323
333.12769
333.12264
333.11708
333.11079
333.10333
333.0936
333.07756
333.14839
333.14799
333.14702
333.14534
333.14291
333.13978
333.13609
333.13192
333.12734
333.12233
333.11681
333.11057
333.10316
333.0935
333.07755
333.14824
333.14781
333.14678
333.14503
333.14254
333.13939
333.13569
333.13154
333.12699
333.12202
333.11654
333.11035
333.103
333.0934
333.07754
333.14807
333.14761
333.14652
333.14471
333.14217
333.13899
333.13529
333.13116
333.12664
333.12171
333.11628
333.11014
333.10284
333.0933
333.07752
333.14789
333.1474
333.14625
333.14438
333.14179
333.13859
333.1349
333.13079
333.1263
333.12141
333.11603
333.10993
333.10268
333.0932
333.07751
333.14769
333.14718
333.14597
333.14404
333.14141
333.1382
333.13451
333.13042
333.12597
333.12112
333.11577
333.10973
333.10253
333.0931
333.0775
333.14748
333.14693
333.14567
333.14369
333.14102
333.1378
333.13412
333.13006
333.12564
333.12083
333.11552
333.10952
333.10238
333.09301
333.07749
333.14724
333.14667
333.14536
333.14333
333.14064
333.13741
333.13374
333.1297
333.12531
333.12054
333.11528
333.10933
333.10223
333.09292
333.07748
333.14699
333.1464
333.14504
333.14296
333.14025
333.13701
333.13336
333.12935
333.12499
333.12026
333.11504
333.10913
333.10208
333.09282
333.07746
333.14673
333.1461
333.1447
333.14259
333.13985
333.13662
333.13298
333.129
333.12468
333.11998
333.1148
333.10894
333.10193
333.09273
333.07745
333.14644
333.14579
333.14436
333.14221
333.13946
333.13623
333.13261
333.12865
333.12436
333.1197
333.11457
333.10874
333.10179
333.09264
333.07744
333.14613
333.14546
333.14399
333.14182
333.13906
333.13584
333.13224
333.12831
333.12406
333.11943
333.11434
333.10856
333.10165
333.09255
333.07742
333.1458
333.14512
333.14362
333.14143
333.13866
333.13545
333.13187
333.12797
333.12375
333.11916
333.11411
333.10837
333.1015
333.09246
333.07741
333.14546
333.14476
333.14324
333.14103
333.13827
333.13507
333.13151
333.12764
333.12345
333.1189
333.11388
333.10819
333.10137
333.09237
333.07739
333.14509
333.14438
333.14285
333.14063
333.13787
333.13468
333.13115
333.12731
333.12315
333.11864
333.11366
333.108
333.10123
333.09229
333.07738
333.14471
333.14399
333.14245
333.14022
333.13747
333.1343
333.13079
333.12698
333.12286
333.11838
333.11344
333.10782
333.10109
333.0922
333.07736
333.14431
333.14359
333.14203
333.13981
333.13707
333.13392
333.13044
333.12666
333.12257
333.11813
333.11322
333.10765
333.10096
333.09211
333.07735
333.1439
333.14317
333.14162
333.1394
333.13667
333.13354
333.13008
333.12633
333.12228
333.11788
333.11301
333.10747
333.10082
333.09203
333.07733
333.14347
333.14274
333.14119
333.13898
333.13626
333.13316
333.12973
333.12602
333.122
333.11763
333.1128
333.1073
333.10069
333.09194
333.07731
333.14303
333.1423
333.14075
333.13856
333.13586
333.13278
333.12939
333.1257
333.12172
333.11738
333.11259
333.10712
333.10056
333.09186
333.07729
333.14257
333.14185
333.14031
333.13813
333.13546
333.13241
333.12904
333.12539
333.12144
333.11714
333.11238
333.10695
333.10043
333.09177
333.07727
333.14211
333.14139
333.13987
333.13771
333.13506
333.13204
333.1287
333.12508
333.12116
333.1169
333.11217
333.10679
333.1003
333.09169
333.07725
333.14163
333.14092
333.13942
333.13728
333.13466
333.13167
333.12836
333.12477
333.12089
333.11666
333.11197
333.10662
333.10017
333.0916
333.07723
333.14115
333.14045
333.13896
333.13685
333.13426
333.13129
333.12802
333.12447
333.12062
333.11642
333.11177
333.10645
333.10004
333.09152
333.07721
333.14066
333.13997
333.1385
333.13642
333.13386
333.13093
333.12769
333.12416
333.12035
333.11618
333.11157
333.10629
333.09991
333.09143
333.07718
333.14017
333.13949
333.13804
333.13599
333.13346
333.13056
333.12735
333.12386
333.12008
333.11595
333.11137
333.10612
333.09978
333.09135
333.07716
333.13967
333.139
333.13758
333.13555
333.13306
333.13019
333.12702
333.12356
333.11982
333.11572
333.11117
333.10596
333.09966
333.09127
333.07713
333.13916
333.13851
333.13711
333.13512
333.13266
333.12983
333.12669
333.12327
333.11955
333.11549
333.11097
333.1058
333.09953
333.09118
333.0771
333.13866
333.13801
333.13664
333.13468
333.13226
333.12946
333.12636
333.12297
333.11929
333.11526
333.11078
333.10564
333.09941
333.09109
333.07708
333.13815
333.13752
333.13618
333.13425
333.13186
333.1291
333.12603
333.12268
333.11903
333.11504
333.11059
333.10548
333.09928
333.09101
333.07705
333.13764
333.13702
333.13571
333.13382
333.13146
333.12874
333.12571
333.12239
333.11877
333.11481
333.11039
333.10532
333.09916
333.09092
333.07702
333.13713
333.13653
333.13524
333.13338
333.13107
333.12838
333.12538
333.1221
333.11852
333.11459
333.1102
333.10516
333.09903
333.09084
333.07698
333.13662
333.13603
333.13477
333.13295
333.13067
333.12802
333.12506
333.12181
333.11826
333.11436
333.11001
333.105
333.09891
333.09075
333.07695
333.13612
333.13554
333.1343
333.13252
333.13027
333.12766
333.12474
333.12152
333.11801
333.11414
333.10982
333.10484
333.09878
333.09066
333.07691
333.13561
333.13505
333.13384
333.13209
333.12988
333.12731
333.12442
333.12124
333.11776
333.11392
333.10963
333.10468
333.09866
333.09057
333.07688
333.13511
333.13456
333.13338
333.13166
333.12949
333.12695
333.1241
333.12095
333.1175
333.1137
333.10944
333.10452
333.09853
333.09049
333.07684
333.13461
333.13407
333.13291
333.13123
333.1291
333.1266
333.12378
333.12067
333.11725
333.11348
333.10925
333.10437
333.09841
333.0904
333.0768
333.13411
333.13359
333.13246
333.1308
333.12871
333.12625
333.12347
333.12039
333.117
333.11326
333.10907
333.10421
333.09828
333.09031
333.07676
333.13362
333.13311
333.132
333.13038
333.12832
333.1259
333.12315
333.12011
333.11676
333.11305
333.10888
333.10405
333.09815
333.09021
333.07672
333.13313
333.13263
333.13155
333.12996
333.12794
333.12555
333.12284
333.11983
333.11651
333.11283
333.10869
333.10389
333.09803
333.09012
333.07667
333.13265
333.13216
333.1311
333.12954
333.12755
333.1252
333.12253
333.11955
333.11626
333.11261
333.10851
333.10374
333.0979
333.09003
333.07662
333.13217
333.13169
333.13065
333.12912
333.12717
333.12486
333.12221
333.11927
333.11602
333.1124
333.10832
333.10358
333.09777
333.08993
333.07657
333.13169
333.13122
333.13021
333.12871
333.12679
333.12451
333.12191
333.11899
333.11577
333.11218
333.10813
333.10342
333.09764
333.08984
333.07652
333.13122
333.13076
333.12977
333.1283
333.12642
333.12417
333.1216
333.11872
333.11553
333.11197
333.10795
333.10326
333.09752
333.08974
333.07647
333.13076
333.13031
333.12933
333.1279
333.12604
333.12383
333.12129
333.11844
333.11528
333.11175
333.10776
333.10311
333.09739
333.08964
333.07642
333.1303
333.12986
333.1289
333.12749
333.12567
333.12349
333.12099
333.11817
333.11504
333.11154
333.10758
333.10295
333.09726
333.08954
333.07636
333.12984
333.12941
333.12848
333.12709
333.1253
333.12315
333.12068
333.1179
333.1148
333.11133
333.10739
333.10279
333.09712
333.08944
333.0763
333.12939
333.12897
333.12805
333.1267
333.12494
333.12282
333.12038
333.11763
333.11455
333.11111
333.1072
333.10263
333.09699
333.08934
333.07624
333.12895
333.12853
333.12764
333.1263
333.12457
333.12249
333.12008
333.11736
333.11431
333.1109
333.10702
333.10247
333.09686
333.08924
333.07618
333.12851
333.1281
333.12722
333.12591
333.12421
333.12216
333.11978
333.11709
333.11407
333.11069
333.10683
333.10231
333.09673
333.08913
333.07611
333.12807
333.12767
333.12681
333.12553
333.12385
333.12183
333.11948
333.11682
333.11383
333.11047
333.10664
333.10215
333.09659
333.08903
333.07604
333.12764
333.12725
333.12641
333.12514
333.1235
333.1215
333.11918
333.11655
333.11359
333.11026
333.10646
333.10199
333.09645
333.08892
333.07597
333.12722
333.12684
333.12601
333.12477
333.12315
333.12118
333.11889
333.11629
333.11335
333.11005
333.10627
333.10183
333.09632
333.08881
333.0759
333.1268
333.12642
333.12561
333.12439
333.1228
333.12086
333.1186
333.11602
333.11312
333.10984
333.10608
333.10166
333.09618
333.0887
333.07583
333.12638
333.12602
333.12522
333.12402
333.12245
333.12054
333.11831
333.11576
333.11288
333.10962
333.1059
333.1015
333.09604
333.08859
333.07575
333.12597
333.12561
333.12483
333.12365
333.12211
333.12022
333.11802
333.11549
333.11264
333.10941
333.10571
333.10134
333.0959
333.08847
333.07567
333.12557
333.12522
333.12444
333.12329
333.12177
333.11991
333.11773
333.11523
333.11241
333.1092
333.10552
333.10117
333.09576
333.08836
333.07559
333.12517
333.12482
333.12407
333.12293
333.12143
333.11959
333.11744
333.11497
333.11217
333.10899
333.10533
333.10101
333.09562
333.08824
333.07551
333.12478
333.12444
333.12369
333.12257
333.12109
333.11928
333.11716
333.11471
333.11194
333.10878
333.10514
333.10084
333.09547
333.08812
333.07542
333.12439
333.12405
333.12332
333.12222
333.12076
333.11898
333.11687
333.11445
333.1117
333.10857
333.10496
333.10067
333.09533
333.088
333.07533
333.124
333.12367
333.12295
333.12187
333.12043
333.11867
333.11659
333.1142
333.11147
333.10836
333.10477
333.10051
333.09518
333.08788
333.07524
333.12362
333.1233
333.12259
333.12152
333.12011
333.11837
333.11631
333.11394
333.11123
333.10815
333.10458
333.10034
333.09504
333.08775
333.07515
333.12325
333.12293
333.12223
333.12118
333.11979
333.11807
333.11603
333.11368
333.111
333.10794
333.10439
333.10017
333.09489
333.08763
333.07506
333.12288
333.12256
333.12188
333.12084
333.11947
333.11777
333.11576
333.11343
333.11077
333.10772
333.1042
333.1
333.09474
333.0875
333.07496
333.12251
333.1222
333.12153
333.1205
333.11915
333.11747
333.11548
333.11318
333.11054
333.10751
333.10401
333.09983
333.09459
333.08737
333.07486
333.12215
333.12185
333.12118
333.12017
333.11883
333.11718
333.11521
333.11293
333.11031
333.1073
333.10382
333.09966
333.09444
333.08724
333.07476
333.12179
333.12149
333.12084
333.11984
333.11852
333.11688
333.11494
333.11267
333.11008
333.10709
333.10363
333.09949
333.09429
333.08711
333.07465
333.12144
333.12114
333.1205
333.11952
333.11821
333.11659
333.11467
333.11243
333.10985
333.10688
333.10344
333.09931
333.09413
333.08698
333.07455
333.12109
333.1208
333.12016
333.11919
333.11791
333.11631
333.1144
333.11218
333.10962
333.10667
333.10325
333.09914
333.09398
333.08684
333.07444
333.12074
333.12046
333.11983
333.11888
333.1176
333.11602
333.11413
333.11193
333.10939
333.10646
333.10305
333.09897
333.09382
333.08671
333.07433
333.1204
333.12012
333.1195
333.11856
333.1173
333.11574
333.11387
333.11168
333.10916
333.10626
333.10286
333.09879
333.09367
333.08657
333.07422
333.12007
333.11979
333.11918
333.11825
333.11701
333.11546
333.1136
333.11144
333.10894
333.10605
333.10267
333.09862
333.09351
333.08643
333.0741
333.11974
333.11946
333.11886
333.11794
333.11671
333.11518
333.11334
333.11119
333.10871
333.10584
333.10248
333.09844
333.09335
333.08629
333.07399
333.11941
333.11914
333.11854
333.11763
333.11642
333.1149
333.11308
333.11095
333.10848
333.10563
333.10229
333.09827
333.09319
333.08615
333.07387
333.11908
333.11881
333.11822
333.11733
333.11613
333.11463
333.11282
333.11071
333.10826
333.10542
333.10209
333.09809
333.09303
333.086
333.07375
333.11876
333.1185
333.11791
333.11703
333.11584
333.11435
333.11256
333.11047
333.10803
333.10521
333.1019
333.09791
333.09287
333.08586
333.07363
333.11844
333.11818
333.1176
333.11673
333.11555
333.11408
333.11231
333.11023
333.10781
333.105
333.10171
333.09773
333.0927
333.08571
333.0735
333.11813
333.11787
333.1173
333.11643
333.11527
333.11381
333.11205
333.10999
333.10759
333.10479
333.10151
333.09755
333.09254
333.08557
333.07338
333.11782
333.11756
333.117
333.11614
333.11499
333.11354
333.1118
333.10975
333.10736
333.10459
333.10132
333.09738
333.09237
333.08542
333.07325
333.11751
333.11726
333.1167
333.11585
333.11471
333.11328
333.11155
333.10951
333.10714
333.10438
333.10112
333.0972
333.09221
333.08527
333.07312
333.1172
333.11695
333.1164
333.11556
333.11443
333.11301
333.1113
333.10928
333.10692
333.10417
333.10093
333.09701
333.09204
333.08511
333.07299
333.1169
333.11665
333.11611
333.11528
333.11416
333.11275
333.11105
333.10904
333.1067
333.10396
333.10074
333.09683
333.09187
333.08496
333.07286
333.1166
333.11636
333.11582
333.115
333.11389
333.11249
333.1108
333.10881
333.10648
333.10375
333.10054
333.09665
333.09171
333.08481
333.07272
333.11631
333.11607
333.11553
333.11472
333.11362
333.11223
333.11056
333.10857
333.10626
333.10355
333.10035
333.09647
333.09154
333.08465
333.07259
333.11601
333.11578
333.11525
333.11444
333.11335
333.11198
333.11031
333.10834
333.10604
333.10334
333.10015
333.09629
333.09137
333.0845
333.07245
333.11572
333.11549
333.11496
333.11416
333.11308
333.11172
333.11007
333.10811
333.10582
333.10313
333.09996
333.0961
333.09119
333.08434
333.07231
333.11544
333.1152
333.11468
333.11389
333.11282
333.11147
333.10983
333.10788
333.1056
333.10293
333.09976
333.09592
333.09102
333.08418
333.07217
333.11515
333.11492
333.11441
333.11362
333.11256
333.11122
333.10959
333.10765
333.10538
333.10272
333.09957
333.09574
333.09085
333.08402
333.07203
333.11487
333.11464
333.11413
333.11335
333.1123
333.11097
333.10935
333.10742
333.10516
333.10251
333.09937
333.09555
333.09068
333.08386
333.07189
333.11459
333.11436
333.11386
333.11309
333.11204
333.11072
333.10911
333.10719
333.10494
333.10231
333.09917
333.09537
333.0905
333.0837
333.07174
333.11432
333.11409
333.11359
333.11282
333.11178
333.11047
333.10887
333.10697
333.10473
333.1021
333.09898
333.09518
333.09033
333.08354
333.0716
333.11404
333.11382
333.11332
333.11256
333.11153
333.11022
333.10863
333.10674
333.10451
333.10189
333.09878
333.09499
333.09015
333.08337
333.07145
333.11377
333.11355
333.11305
333.1123
333.11127
333.10998
333.1084
333.10651
333.1043
333.10169
333.09859
333.09481
333.08998
333.08321
333.0713
333.1135
333.11328
333.11279
333.11204
333.11102
333.10973
333.10816
333.10629
333.10408
333.10148
333.09839
333.09462
333.0898
333.08304
333.07115
333.11323
333.11301
333.11253
333.11178
333.11077
333.10949
333.10793
333.10606
333.10386
333.10127
333.09819
333.09443
333.08962
333.08288
333.071
333.11297
333.11275
333.11227
333.11153
333.11053
333.10925
333.1077
333.10584
333.10365
333.10107
333.098
333.09425
333.08944
333.08271
333.07085
333.1127
333.11249
333.11201
333.11127
333.11028
333.10901
333.10746
333.10562
333.10344
333.10086
333.0978
333.09406
333.08927
333.08254
333.0707
333.11244
333.11223
333.11175
333.11102
333.11003
333.10877
333.10723
333.10539
333.10322
333.10066
333.0976
333.09387
333.08909
333.08237
333.07054
333.11218
333.11197
333.1115
333.11077
333.10979
333.10854
333.107
333.10517
333.10301
333.10045
333.0974
333.09368
333.08891
333.0822
333.07039
333.11193
333.11172
333.11125
333.11052
333.10955
333.1083
333.10678
333.10495
333.10279
333.10025
333.09721
333.09349
333.08873
333.08203
333.07023
333.11167
333.11146
333.11099
333.11028
333.1093
333.10807
333.10655
333.10473
333.10258
333.10004
333.09701
333.0933
333.08855
333.08186
333.07007
333.11142
333.11121
333.11075
333.11003
333.10906
333.10783
333.10632
333.10451
333.10237
333.09984
333.09681
333.09311
333.08837
333.08169
333.06991
333.11117
333.11096
333.1105
333.10979
333.10883
333.1076
333.1061
333.10429
333.10216
333.09963
333.09662
333.09292
333.08818
333.08152
333.06976
333.11092
333.11071
333.11025
333.10955
333.10859
333.10737
333.10587
333.10407
333.10195
333.09943
333.09642
333.09273
333.088
333.08135
333.0696
333.11067
333.11046
333.11001
333.10931
333.10835
333.10714
333.10565
333.10386
333.10173
333.09922
333.09622
333.09254
333.08782
333.08117
333.06943
333.11042
333.11022
333.10976
333.10907
333.10812
333.10691
333.10542
333.10364
333.10152
333.09902
333.09602
333.09235
333.08764
333.081
333.06927
333.11018
333.10997
333.10952
333.10883
333.10788
333.10668
333.1052
333.10342
333.10131
333.09881
333.09583
333.09216
333.08745
333.08083
333.06911
333.10993
333.10973
333.10928
333.10859
333.10765
333.10645
333.10498
333.1032
333.1011
333.09861
333.09563
333.09197
333.08727
333.08065
333.06895
333.10969
333.10949
333.10904
333.10836
333.10742
333.10622
333.10475
333.10299
333.10089
333.09841
333.09543
333.09178
333.08708
333.08047
333.06878
333.10945
333.10925
333.10881
333.10812
333.10719
333.106
333.10453
333.10277
333.10068
333.0982
333.09523
333.09159
333.0869
333.0803
333.06862
333.10921
333.10901
333.10857
333.10789
333.10696
333.10577
333.10431
333.10256
333.10047
333.098
333.09503
333.0914
333.08672
333.08012
333.06845
333.10897
333.10877
333.10833
333.10766
333.10673
333.10555
333.10409
333.10234
333.10026
333.09779
333.09484
333.0912
333.08653
333.07994
333.06828
333.10874
333.10854
333.1081
333.10742
333.1065
333.10532
333.10387
333.10213
333.10005
333.09759
333.09464
333.09101
333.08635
333.07977
333.06812
333.1085
333.1083
333.10787
333.10719
333.10628
333.1051
333.10366
333.10192
333.09985
333.09739
333.09444
333.09082
333.08616
333.07959
333.06795
333.10827
333.10807
333.10764
333.10696
333.10605
333.10488
333.10344
333.1017
333.09964
333.09718
333.09424
333.09063
333.08597
333.07941
333.06778
333.10803
333.10784
333.1074
333.10674
333.10582
333.10466
333.10322
333.10149
333.09943
333.09698
333.09404
333.09044
333.08579
333.07923
333.06761
333.1078
333.10761
333.10718
333.10651
333.1056
333.10444
333.103
333.10128
333.09922
333.09678
333.09385
333.09024
333.0856
333.07905
333.06744
333.10757
333.10738
333.10695
333.10628
333.10538
333.10422
333.10279
333.10106
333.09901
333.09657
333.09365
333.09005
333.08541
333.07887
333.06727
333.10734
333.10715
333.10672
333.10606
333.10515
333.104
333.10257
333.10085
333.09881
333.09637
333.09345
333.08986
333.08523
333.07869
333.0671
333.10711
333.10692
333.10649
333.10583
333.10493
333.10378
333.10236
333.10064
333.0986
333.09617
333.09325
333.08966
333.08504
333.07851
333.06693
333.10688
333.10669
333.10627
333.10561
333.10471
333.10356
333.10214
333.10043
333.09839
333.09597
333.09305
333.08947
333.08485
333.07833
333.06675
333.10666
333.10647
333.10604
333.10539
333.10449
333.10334
333.10193
333.10022
333.09819
333.09576
333.09286
333.08928
333.08466
333.07815
333.06658
333.10643
333.10624
333.10582
333.10516
333.10427
333.10313
333.10171
333.10001
333.09798
333.09556
333.09266
333.08908
333.08447
333.07796
333.06641
333.10621
333.10602
333.10559
333.10494
333.10405
333.10291
333.1015
333.0998
333.09777
333.09536
333.09246
333.08889
333.08429
333.07778
333.06623
333.10598
333.10579
333.10537
333.10472
333.10383
333.10269
333.10129
333.09959
333.09757
333.09516
333.09226
333.0887
333.0841
333.0776
333.06606
333.10576
333.10557
333.10515
333.1045
333.10362
333.10248
333.10108
333.09938
333.09736
333.09495
333.09206
333.0885
333.08391
333.07742
333.06588
333.10554
333.10535
333.10493
333.10428
333.1034
333.10226
333.10086
333.09917
333.09715
333.09475
333.09186
333.08831
333.08372
333.07723
333.06571
333.10532
333.10513
333.10471
333.10406
333.10318
333.10205
333.10065
333.09896
333.09695
333.09455
333.09167
333.08811
333.08353
333.07705
333.06553
333.1051
333.10491
333.10449
333.10385
333.10297
333.10184
333.10044
333.09876
333.09674
333.09435
333.09147
333.08792
333.08334
333.07687
333.06536
333.10487
333.10469
333.10427
333.10363
333.10275
333.10162
333.10023
333.09855
333.09654
333.09415
333.09127
333.08773
333.08315
333.07668
333.06518
333.10466
333.10447
333.10405
333.10341
333.10254
333.10141
333.10002
333.09834
333.09633
333.09395
333.09107
333.08753
333.08296
333.0765
333.065
333.10444
333.10425
333.10384
333.1032
333.10232
333.1012
333.09981
333.09813
333.09613
333.09374
333.09087
333.08734
333.08277
333.07631
333.06482
333.10422
333.10403
333.10362
333.10298
333.10211
333.10099
333.0996
333.09792
333.09593
333.09354
333.09068
333.08714
333.08258
333.07613
333.06464
333.104
333.10382
333.1034
333.10277
333.10189
333.10077
333.09939
333.09772
333.09572
333.09334
333.09048
333.08695
333.08239
333.07594
333.06447
333.10378
333.1036
333.10319
333.10255
333.10168
333.10056
333.09918
333.09751
333.09552
333.09314
333.09028
333.08676
333.0822
333.07576
333.06429
333.10357
333.10338
333.10297
333.10234
333.10147
333.10035
333.09897
333.0973
333.09531
333.09294
333.09008
333.08656
333.08201
333.07557
333.06411
333.10335
333.10317
333.10276
333.10212
333.10126
333.10014
333.09876
333.0971
333.09511
333.09274
333.08988
333.08637
333.08182
333.07539
333.06393
333.10314
333.10295
333.10254
333.10191
333.10104
333.09993
333.09855
333.09689
333.0949
333.09254
333.08969
333.08617
333.08163
333.0752
333.06375
333.10292
333.10274
333.10233
333.1017
333.10083
333.09972
333.09835
333.09669
333.0947
333.09234
333.08949
333.08598
333.08144
333.07501
333.06357
333.10271
333.10253
333.10212
333.10149
333.10062
333.09951
333.09814
333.09648
333.0945
333.09213
333.08929
333.08578
333.08125
333.07483
333.06338
333.1025
333.10231
333.1019
333.10127
333.10041
333.0993
333.09793
333.09627
333.09429
333.09193
333.08909
333.08559
333.08106
333.07464
333.0632
333.10228
333.1021
333.10169
333.10106
333.1002
333.09909
333.09772
333.09607
333.09409
333.09173
333.08889
333.08539
333.08087
333.07445
333.06302
333.10207
333.10189
333.10148
333.10085
333.09999
333.09889
333.09752
333.09586
333.09389
333.09153
333.0887
333.0852
333.08067
333.07426
333.06284
333.10186
333.10168
333.10127
333.10064
333.09978
333.09868
333.09731
333.09566
333.09369
333.09133
333.0885
333.085
333.08048
333.07408
333.06266
333.10165
333.10146
333.10106
333.10043
333.09957
333.09847
333.0971
333.09545
333.09348
333.09113
333.0883
333.08481
333.08029
333.07389
333.06247
333.10143
333.10125
333.10085
333.10022
333.09936
333.09826
333.0969
333.09525
333.09328
333.09093
333.0881
333.08461
333.0801
333.0737
333.06229
333.10122
333.10104
333.10064
333.10001
333.09915
333.09805
333.09669
333.09505
333.09308
333.09073
333.08791
333.08442
333.07991
333.07351
333.06211
333.10101
333.10083
333.10043
333.0998
333.09895
333.09785
333.09649
333.09484
333.09288
333.09053
333.08771
333.08422
333.07972
333.07333
333.06192
333.1008
333.10062
333.10022
333.09959
333.09874
333.09764
333.09628
333.09464
333.09267
333.09033
333.08751
333.08403
333.07952
333.07314
333.06174
333.10059
333.10041
333.10001
333.09938
333.09853
333.09743
333.09608
333.09443
333.09247
333.09013
333.08731
333.08383
333.07933
333.07295
333.06155
333.10038
333.1002
333.0998
333.09918
333.09832
333.09723
333.09587
333.09423
333.09227
333.08993
333.08711
333.08364
333.07914
333.07276
333.06137
333.10017
333.09999
333.09959
333.09897
333.09812
333.09702
333.09567
333.09403
333.09207
333.08973
333.08692
333.08344
333.07895
333.07257
333.06118
333.09997
333.09979
333.09938
333.09876
333.09791
333.09681
333.09546
333.09382
333.09187
333.08953
333.08672
333.08325
333.07876
333.07238
333.061
333.09976
333.09958
333.09917
333.09855
333.0977
333.09661
333.09526
333.09362
333.09166
333.08933
333.08652
333.08305
333.07856
333.07219
333.06081
333.09955
333.09937
333.09897
333.09835
333.0975
333.0964
333.09505
333.09342
333.09146
333.08913
333.08632
333.08286
333.07837
333.072
333.06062
333.09934
333.09916
333.09876
333.09814
333.09729
333.0962
333.09485
333.09321
333.09126
333.08893
333.08613
333.08266
333.07818
333.07181
333.06044
333.09913
333.09895
333.09855
333.09793
333.09708
333.09599
333.09464
333.09301
333.09106
333.08873
333.08593
333.08247
333.07799
333.07162
333.06025
333.09893
333.09875
333.09835
333.09773
333.09688
333.09579
333.09444
333.09281
333.09086
333.08853
333.08573
333.08227
333.07779
333.07143
333.06006
333.09872
333.09854
333.09814
333.09752
333.09667
333.09558
333.09423
333.09261
333.09066
333.08833
333.08553
333.08208
333.0776
333.07124
333.05987
333.09851
333.09833
333.09793
333.09731
333.09647
333.09538
333.09403
333.0924
333.09046
333.08813
333.08534
333.08188
333.07741
333.07105
333.05969
333.0983
333.09813
333.09773
333.09711
333.09626
333.09517
333.09383
333.0922
333.09026
333.08794
333.08514
333.08169
333.07721
333.07086
333.0595
333.0981
333.09792
333.09752
333.0969
333.09606
333.09497
333.09362
333.092
333.09005
333.08774
333.08494
333.08149
333.07702
333.07067
333.05931
333.09789
333.09771
333.09731
333.0967
333.09585
333.09476
333.09342
333.0918
333.08985
333.08754
333.08474
333.0813
333.07683
333.07048
333.05912
333.09769
333.09751
333.09711
333.09649
333.09565
333.09456
333.09322
333.09159
333.08965
333.08734
333.08455
333.0811
333.07663
333.07029
333.05893
333.09748
333.0973
333.0969
333.09629
333.09544
333.09436
333.09301
333.09139
333.08945
333.08714
333.08435
333.0809
333.07644
333.0701
333.05874
333.09727
333.0971
333.0967
333.09608
333.09524
333.09415
333.09281
333.09119
333.08925
333.08694
333.08415
333.08071
333.07625
333.0699
333.05855
333.09707
333.09689
333.09649
333.09588
333.09503
333.09395
333.09261
333.09099
333.08905
333.08674
333.08395
333.08051
333.07605
333.06971
333.05836
333.09686
333.09668
333.09629
333.09567
333.09483
333.09375
333.09241
333.09079
333.08885
333.08654
333.08376
333.08032
333.07586
333.06952
333.05817
333.09666
333.09648
333.09608
333.09547
333.09462
333.09354
333.0922
333.09059
333.08865
333.08634
333.08356
333.08012
333.07567
333.06933
333.05798
333.09645
333.09627
333.09588
333.09526
333.09442
333.09334
333.092
333.09038
333.08845
333.08614
333.08336
333.07993
333.07547
333.06914
333.05779
333.09625
333.09607
333.09567
333.09506
333.09422
333.09314
333.0918
333.09018
333.08825
333.08594
333.08317
333.07973
333.07528
333.06894
333.05759
333.09604
333.09586
333.09547
333.09485
333.09401
333.09293
333.0916
333.08998
333.08805
333.08575
333.08297
333.07954
333.07508
333.06875
333.0574
333.09584
333.09566
333.09526
333.09465
333.09381
333.09273
333.09139
333.08978
333.08785
333.08555
333.08277
333.07934
333.07489
333.06856
333.05721
333.09563
333.09546
333.09506
333.09445
333.09361
333.09253
333.09119
333.08958
333.08765
333.08535
333.08257
333.07914
333.07469
333.06836
333.05702
333.09543
333.09525
333.09486
333.09424
333.0934
333.09232
333.09099
333.08938
333.08745
333.08515
333.08238
333.07895
333.0745
333.06817
333.05683
333.09523
333.09505
333.09465
333.09404
333.0932
333.09212
333.09079
333.08918
333.08725
333.08495
333.08218
333.07875
333.07431
333.06798
333.05663
333.09502
333.09484
333.09445
333.09384
333.093
333.09192
333.09059
333.08898
333.08705
333.08475
333.08198
333.07856
333.07411
333.06778
333.05644
333.09482
333.09464
333.09424
333.09363
333.09279
333.09172
333.09039
333.08877
333.08685
333.08455
333.08178
333.07836
333.07392
333.06759
333.05624
333.09461
333.09444
333.09404
333.09343
333.09259
333.09151
333.09018
333.08857
333.08665
333.08435
333.08159
333.07816
333.07372
333.0674
333.05605
333.09441
333.09423
333.09384
333.09323
333.09239
333.09131
333.08998
333.08837
333.08645
333.08416
333.08139
333.07797
333.07353
333.0672
333.05586
333.09421
333.09403
333.09363
333.09302
333.09219
333.09111
333.08978
333.08817
333.08625
333.08396
333.08119
333.07777
333.07333
333.06701
333.05566
333.094
333.09383
333.09343
333.09282
333.09198
333.09091
333.08958
333.08797
333.08605
333.08376
333.08099
333.07757
333.07314
333.06681
333.05546
333.0938
333.09362
333.09323
333.09262
333.09178
333.09071
333.08938
333.08777
333.08585
333.08356
333.0808
333.07738
333.07294
333.06662
333.05527
333.0936
333.09342
333.09302
333.09241
333.09158
333.0905
333.08918
333.08757
333.08565
333.08336
333.0806
333.07718
333.07274
333.06642
333.05507
333.09339
333.09322
333.09282
333.09221
333.09138
333.0903
333.08898
333.08737
333.08545
333.08316
333.0804
333.07698
333.07255
333.06623
333.05488
333.09319
333.09301
333.09262
333.09201
333.09117
333.0901
333.08877
333.08717
333.08525
333.08296
333.0802
333.07679
333.07235
333.06603
333.05468
333.09299
333.09281
333.09242
333.09181
333.09097
333.0899
333.08857
333.08697
333.08505
333.08277
333.08001
333.07659
333.07216
333.06584
333.05448
333.09278
333.09261
333.09221
333.0916
333.09077
333.0897
333.08837
333.08677
333.08485
333.08257
333.07981
333.07639
333.07196
333.06564
333.05429
333.09258
333.0924
333.09201
333.0914
333.09057
333.0895
333.08817
333.08657
333.08465
333.08237
333.07961
333.0762
333.07176
333.06544
333.05409
333.09238
333.0922
333.09181
333.0912
333.09037
333.08929
333.08797
333.08637
333.08446
333.08217
333.07941
333.076
333.07157
333.06525
333.05389
333.09218
333.092
333.09161
333.091
333.09016
333.08909
333.08777
333.08617
333.08426
333.08197
333.07921
333.0758
333.07137
333.06505
333.05369
333.09197
333.0918
333.0914
333.09079
333.08996
333.08889
333.08757
333.08597
333.08406
333.08177
333.07902
333.07561
333.07117
333.06485
333.05349
333.09177
333.09159
333.0912
333.09059
333.08976
333.08869
333.08737
333.08577
333.08386
333.08157
333.07882
333.07541
333.07098
333.06466
333.05329
333.09157
333.09139
333.091
333.09039
333.08956
333.08849
333.08717
333.08557
333.08366
333.08138
333.07862
333.07521
333.07078
333.06446
333.05309
333.09137
333.09119
333.0908
333.09019
333.08936
333.08829
333.08697
333.08537
333.08346
333.08118
333.07842
333.07501
333.07058
333.06426
333.05289
333.09116
333.09099
333.09059
333.08999
333.08915
333.08809
333.08677
333.08517
333.08326
333.08098
333.07822
333.07482
333.07039
333.06406
333.05269
333.09096
333.09078
333.09039
333.08978
333.08895
333.08789
333.08656
333.08497
333.08306
333.08078
333.07803
333.07462
333.07019
333.06387
333.05249
333.09076
333.09058
333.09019
333.08958
333.08875
333.08768
333.08636
333.08477
333.08286
333.08058
333.07783
333.07442
333.06999
333.06367
333.05229
333.09056
333.09038
333.08999
333.08938
333.08855
333.08748
333.08616
333.08457
333.08266
333.08038
333.07763
333.07422
333.06979
333.06347
333.05209
333.09035
333.09018
333.08979
333.08918
333.08835
333.08728
333.08596
333.08437
333.08246
333.08018
333.07743
333.07403
333.06959
333.06327
333.05188
333.09015
333.08998
333.08958
333.08898
333.08815
333.08708
333.08576
333.08417
333.08226
333.07998
333.07723
333.07383
333.0694
333.06307
333.05168
333.08995
333.08977
333.08938
333.08878
333.08795
333.08688
333.08556
333.08397
333.08206
333.07978
333.07703
333.07363
333.0692
333.06287
333.05148
333.08975
333.08957
333.08918
333.08857
333.08775
333.08668
333.08536
333.08377
333.08186
333.07959
333.07684
333.07343
333.069
333.06267
333.05128
333.08955
333.08937
333.08898
333.08837
333.08754
333.08648
333.08516
333.08357
333.08166
333.07939
333.07664
333.07323
333.0688
333.06247
333.05107
333.08934
333.08917
333.08878
333.08817
333.08734
333.08628
333.08496
333.08337
333.08146
333.07919
333.07644
333.07303
333.0686
333.06227
333.05087
333.08914
333.08897
333.08858
333.08797
333.08714
333.08608
333.08476
333.08317
333.08126
333.07899
333.07624
333.07283
333.0684
333.06207
333.05066
333.08894
333.08877
333.08837
333.08777
333.08694
333.08588
333.08456
333.08297
333.08106
333.07879
333.07604
333.07264
333.0682
333.06187
333.05046
333.08874
333.08856
333.08817
333.08757
333.08674
333.08568
333.08436
333.08277
333.08087
333.07859
333.07584
333.07244
333.068
333.06167
333.05025
333.08854
333.08836
333.08797
333.08737
333.08654
333.08548
333.08416
333.08257
333.08067
333.07839
333.07564
333.07224
333.0678
333.06147
333.05004
333.08834
333.08816
333.08777
333.08717
333.08634
333.08527
333.08396
333.08237
333.08047
333.07819
333.07544
333.07204
333.0676
333.06126
333.04984
333.08813
333.08796
333.08757
333.08696
333.08614
333.08507
333.08376
333.08217
333.08027
333.07799
333.07524
333.07184
333.0674
333.06106
333.04963
333.08793
333.08776
333.08737
333.08676
333.08594
333.08487
333.08356
333.08197
333.08007
333.07779
333.07505
333.07164
333.0672
333.06086
333.04942
333.08773
333.08756
333.08717
333.08656
333.08573
333.08467
333.08336
333.08177
333.07987
333.07759
333.07485
333.07144
333.067
333.06066
333.04921
333.08753
333.08735
333.08696
333.08636
333.08553
333.08447
333.08316
333.08157
333.07967
333.07739
333.07465
333.07124
333.0668
333.06045
333.04901
333.08733
333.08715
333.08676
333.08616
333.08533
333.08427
333.08296
333.08137
333.07947
333.07719
333.07445
333.07104
333.0666
333.06025
333.0488
333.08713
333.08695
333.08656
333.08596
333.08513
333.08407
333.08276
333.08117
333.07927
333.07699
333.07425
333.07084
333.0664
333.06005
333.04859
333.08693
333.08675
333.08636
333.08576
333.08493
333.08387
333.08256
333.08097
333.07907
333.07679
333.07405
333.07064
333.0662
333.05984
333.04838
333.08672
333.08655
333.08616
333.08556
333.08473
333.08367
333.08236
333.08077
333.07887
333.07659
333.07385
333.07044
333.066
333.05964
333.04817
333.08652
333.08635
333.08596
333.08536
333.08453
333.08347
333.08216
333.08057
333.07867
333.07639
333.07365
333.07024
333.06579
333.05943
333.04796
333.08632
333.08615
333.08576
333.08515
333.08433
333.08327
333.08196
333.08037
333.07847
333.07619
333.07345
333.07004
333.06559
333.05923
333.04774
333.08612
333.08595
333.08556
333.08495
333.08413
333.08307
333.08176
333.08017
333.07827
333.07599
333.07325
333.06983
333.06539
333.05902
333.04753
333.08592
333.08574
333.08536
333.08475
333.08393
333.08287
333.08155
333.07997
333.07807
333.07579
333.07304
333.06963
333.06519
333.05882
333.04732
333.08572
333.08554
333.08515
333.08455
333.08373
333.08267
333.08135
333.07977
333.07787
333.07559
333.07284
333.06943
333.06498
333.05861
333.0471
333.08552
333.08534
333.08495
333.08435
333.08353
333.08247
333.08115
333.07957
333.07767
333.07539
333.07264
333.06923
333.06478
333.05841
333.04689
333.08532
333.08514
333.08475
333.08415
333.08332
333.08227
333.08095
333.07937
333.07747
333.07519
333.07244
333.06903
333.06458
333.0582
333.04668
333.08511
333.08494
333.08455
333.08395
333.08312
333.08206
333.08075
333.07917
333.07727
333.07499
333.07224
333.06883
333.06437
333.05799
333.04646
333.08491
333.08474
333.08435
333.08375
333.08292
333.08186
333.08055
333.07896
333.07706
333.07479
333.07204
333.06862
333.06417
333.05778
333.04624
333.08471
333.08454
333.08415
333.08355
333.08272
333.08166
333.08035
333.07876
333.07686
333.07459
333.07184
333.06842
333.06396
333.05758
333.04603
333.08451
333.08434
333.08395
333.08335
333.08252
333.08146
333.08015
333.07856
333.07666
333.07439
333.07164
333.06822
333.06376
333.05737
333.04581
333.08431
333.08414
333.08375
333.08314
333.08232
333.08126
333.07995
333.07836
333.07646
333.07419
333.07143
333.06802
333.06355
333.05716
333.04559
333.08411
333.08393
333.08355
333.08294
333.08212
333.08106
333.07975
333.07816
333.07626
333.07399
333.07123
333.06781
333.06335
333.05695
333.04538
333.08391
333.08373
333.08334
333.08274
333.08192
333.08086
333.07955
333.07796
333.07606
333.07378
333.07103
333.06761
333.06314
333.05674
333.04516
333.08371
333.08353
333.08314
333.08254
333.08172
333.08066
333.07935
333.07776
333.07586
333.07358
333.07083
333.0674
333.06294
333.05653
333.04494
333.08351
333.08333
333.08294
333.08234
333.08152
333.08046
333.07915
333.07756
333.07566
333.07338
333.07063
333.0672
333.06273
333.05632
333.04472
333.08331
333.08313
333.08274
333.08214
333.08132
333.08026
333.07895
333.07736
333.07546
333.07318
333.07042
333.067
333.06252
333.05611
333.0445
333.0831
333.08293
333.08254
333.08194
333.08112
333.08006
333.07874
333.07716
333.07525
333.07298
333.07022
333.06679
333.06232
333.0559
333.04427
333.0829
333.08273
333.08234
333.08174
333.08091
333.07986
333.07854
333.07696
333.07505
333.07278
333.07002
333.06659
333.06211
333.05568
333.04405
333.0827
333.08253
333.08214
333.08154
333.08071
333.07965
333.07834
333.07675
333.07485
333.07257
333.06981
333.06638
333.0619
333.05547
333.04383
333.0825
333.08233
333.08194
333.08134
333.08051
333.07945
333.07814
333.07655
333.07465
333.07237
333.06961
333.06618
333.06169
333.05526
333.0436
333.0823
333.08213
333.08174
333.08114
333.08031
333.07925
333.07794
333.07635
333.07445
333.07217
333.06941
333.06597
333.06149
333.05505
333.04338
333.0821
333.08192
333.08154
333.08093
333.08011
333.07905
333.07774
333.07615
333.07425
333.07196
333.0692
333.06577
333.06128
333.05483
333.04315
333.0819
333.08172
333.08133
333.08073
333.07991
333.07885
333.07754
333.07595
333.07404
333.07176
333.069
333.06556
333.06107
333.05462
333.04293
333.0817
333.08152
333.08113
333.08053
333.07971
333.07865
333.07734
333.07575
333.07384
333.07156
333.06879
333.06535
333.06086
333.0544
333.0427
333.0815
333.08132
333.08093
333.08033
333.07951
333.07845
333.07713
333.07554
333.07364
333.07136
333.06859
333.06515
333.06065
333.05419
333.04247
333.08129
333.08112
333.08073
333.08013
333.07931
333.07825
333.07693
333.07534
333.07344
333.07115
333.06838
333.06494
333.06044
333.05397
333.04225
333.08109
333.08092
333.08053
333.07993
333.0791
333.07804
333.07673
333.07514
333.07323
333.07095
333.06818
333.06473
333.06023
333.05375
333.04202
333.08089
333.08072
333.08033
333.07973
333.0789
333.07784
333.07653
333.07494
333.07303
333.07074
333.06797
333.06453
333.06002
333.05354
333.04179
333.08069
333.08052
333.08013
333.07953
333.0787
333.07764
333.07633
333.07474
333.07283
333.07054
333.06777
333.06432
333.05981
333.05332
333.04156
333.08049
333.08031
333.07993
333.07932
333.0785
333.07744
333.07613
333.07453
333.07262
333.07034
333.06756
333.06411
333.05959
333.0531
333.04132
333.08029
333.08011
333.07972
333.07912
333.0783
333.07724
333.07592
333.07433
333.07242
333.07013
333.06736
333.0639
333.05938
333.05288
333.04109
333.08009
333.07991
333.07952
333.07892
333.0781
333.07704
333.07572
333.07413
333.07222
333.06993
333.06715
333.06369
333.05917
333.05266
333.04086
333.07989
333.07971
333.07932
333.07872
333.07789
333.07683
333.07552
333.07392
333.07201
333.06972
333.06694
333.06348
333.05896
333.05245
333.04063
333.07968
333.07951
333.07912
333.07852
333.07769
333.07663
333.07532
333.07372
333.07181
333.06952
333.06674
333.06327
333.05874
333.05222
333.04039
333.07948
333.07931
333.07892
333.07832
333.07749
333.07643
333.07511
333.07352
333.07161
333.06931
333.06653
333.06306
333.05853
333.052
333.04015
333.07928
333.07911
333.07872
333.07811
333.07729
333.07623
333.07491
333.07331
333.0714
333.06911
333.06632
333.06285
333.05831
333.05178
333.03992
333.07908
333.0789
333.07852
333.07791
333.07709
333.07602
333.07471
333.07311
333.0712
333.0689
333.06611
333.06264
333.0581
333.05156
333.03968
333.07888
333.0787
333.07831
333.07771
333.07688
333.07582
333.0745
333.07291
333.07099
333.06869
333.0659
333.06243
333.05788
333.05134
333.03944
333.07868
333.0785
333.07811
333.07751
333.07668
333.07562
333.0743
333.0727
333.07079
333.06849
333.0657
333.06222
333.05767
333.05111
333.0392
333.07847
333.0783
333.07791
333.07731
333.07648
333.07542
333.0741
333.0725
333.07058
333.06828
333.06549
333.06201
333.05745
333.05089
333.03896
333.07827
333.0781
333.07771
333.0771
333.07628
333.07521
333.07389
333.0723
333.07038
333.06807
333.06528
333.0618
333.05723
333.05066
333.03872
333.07807
333.0779
333.07751
333.0769
333.07607
333.07501
333.07369
333.07209
333.07017
333.06787
333.06507
333.06158
333.05702
333.05044
333.03847
333.07787
333.07769
333.0773
333.0767
333.07587
333.07481
333.07349
333.07189
333.06997
333.06766
333.06486
333.06137
333.0568
333.05021
333.03823
333.07767
333.07749
333.0771
333.0765
333.07567
333.0746
333.07328
333.07168
333.06976
333.06745
333.06465
333.06116
333.05658
333.04999
333.03799
333.07746
333.07729
333.0769
333.07629
333.07547
333.0744
333.07308
333.07148
333.06955
333.06724
333.06444
333.06094
333.05636
333.04976
333.03774
333.07726
333.07709
333.0767
333.07609
333.07526
333.0742
333.07288
333.07127
333.06935
333.06704
333.06423
333.06073
333.05614
333.04953
333.03749
333.07706
333.07688
333.07649
333.07589
333.07506
333.07399
333.07267
333.07107
333.06914
333.06683
333.06402
333.06051
333.05592
333.0493
333.03724
333.07686
333.07668
333.07629
333.07569
333.07486
333.07379
333.07247
333.07086
333.06893
333.06662
333.06381
333.0603
333.0557
333.04907
333.03699
333.07666
333.07648
333.07609
333.07548
333.07465
333.07359
333.07226
333.07066
333.06873
333.06641
333.06359
333.06008
333.05548
333.04884
333.03674
333.07645
333.07628
333.07589
333.07528
333.07445
333.07338
333.07206
333.07045
333.06852
333.0662
333.06338
333.05987
333.05526
333.04861
333.03649
333.07625
333.07607
333.07568
333.07508
333.07425
333.07318
333.07185
333.07024
333.06831
333.06599
333.06317
333.05965
333.05504
333.04838
333.03624
333.07605
333.07587
333.07548
333.07487
333.07404
333.07297
333.07165
333.07004
333.0681
333.06578
333.06296
333.05943
333.05481
333.04814
333.03598
333.07584
333.07567
333.07528
333.07467
333.07384
333.07277
333.07144
333.06983
333.06789
333.06557
333.06274
333.05922
333.05459
333.04791
333.03573
333.07564
333.07547
333.07507
333.07447
333.07364
333.07256
333.07124
333.06962
333.06769
333.06536
333.06253
333.059
333.05437
333.04767
333.03547
333.07544
333.07526
333.07487
333.07426
333.07343
333.07236
333.07103
333.06942
333.06748
333.06515
333.06232
333.05878
333.05414
333.04744
333.03521
333.07524
333.07506
333.07467
333.07406
333.07323
333.07215
333.07082
333.06921
333.06727
333.06494
333.0621
333.05856
333.05391
333.0472
333.03495
333.07503
333.07486
333.07446
333.07386
333.07302
333.07195
333.07062
333.069
333.06706
333.06472
333.06189
333.05834
333.05369
333.04697
333.03469
333.07483
333.07465
333.07426
333.07365
333.07282
333.07174
333.07041
333.06879
333.06685
333.06451
333.06167
333.05812
333.05346
333.04673
333.03443
333.07463
333.07445
333.07406
333.07345
333.07261
333.07154
333.0702
333.06859
333.06664
333.0643
333.06146
333.0579
333.05323
333.04649
333.03416
333.07442
333.07425
333.07385
333.07324
333.07241
333.07133
333.07
333.06838
333.06643
333.06409
333.06124
333.05768
333.05301
333.04625
333.0339
333.07422
333.07404
333.07365
333.07304
333.0722
333.07113
333.06979
333.06817
333.06622
333.06387
333.06102
333.05746
333.05278
333.04601
333.03363
333.07401
333.07384
333.07344
333.07283
333.072
333.07092
333.06958
333.06796
333.06601
333.06366
333.06081
333.05724
333.05255
333.04576
333.03336
333.07381
333.07363
333.07324
333.07263
333.07179
333.07071
333.06938
333.06775
333.0658
333.06345
333.06059
333.05701
333.05232
333.04552
333.03309
333.07361
333.07343
333.07303
333.07242
333.07159
333.07051
333.06917
333.06754
333.06559
333.06323
333.06037
333.05679
333.05208
333.04528
333.03282
333.0734
333.07322
333.07283
333.07222
333.07138
333.0703
333.06896
333.06733
333.06537
333.06302
333.06015
333.05657
333.05185
333.04503
333.03254
333.0732
333.07302
333.07262
333.07201
333.07117
333.07009
333.06875
333.06712
333.06516
333.0628
333.05993
333.05634
333.05162
333.04478
333.03227
333.07299
333.07281
333.07242
333.07181
333.07097
333.06989
333.06854
333.06691
333.06495
333.06259
333.05971
333.05612
333.05139
333.04454
333.03199
333.07279
333.07261
333.07221
333.0716
333.07076
333.06968
333.06833
333.0667
333.06474
333.06237
333.05949
333.05589
333.05115
333.04429
333.03171
333.07258
333.0724
333.07201
333.0714
333.07055
333.06947
333.06812
333.06649
333.06452
333.06215
333.05927
333.05566
333.05092
333.04404
333.03143
333.07238
333.0722
333.0718
333.07119
333.07035
333.06926
333.06792
333.06628
333.06431
333.06194
333.05905
333.05544
333.05068
333.04378
333.03114
333.07217
333.07199
333.0716
333.07098
333.07014
333.06905
333.06771
333.06607
333.06409
333.06172
333.05883
333.05521
333.05044
333.04353
333.03086
333.07197
333.07179
333.07139
333.07078
333.06993
333.06885
333.0675
333.06585
333.06388
333.0615
333.0586
333.05498
333.0502
333.04328
333.03057
333.07176
333.07158
333.07119
333.07057
333.06973
333.06864
333.06729
333.06564
333.06366
333.06128
333.05838
333.05475
333.04996
333.04302
333.03028
333.07155
333.07138
333.07098
333.07036
333.06952
333.06843
333.06707
333.06543
333.06345
333.06106
333.05816
333.05452
333.04972
333.04276
333.02999
333.07135
333.07117
333.07077
333.07016
333.06931
333.06822
333.06686
333.06522
333.06323
333.06084
333.05793
333.05429
333.04948
333.04251
333.02969
333.07114
333.07096
333.07057
333.06995
333.0691
333.06801
333.06665
333.065
333.06302
333.06062
333.05771
333.05406
333.04924
333.04225
333.0294
333.07094
333.07076
333.07036
333.06974
333.06889
333.0678
333.06644
333.06479
333.0628
333.0604
333.05748
333.05382
333.049
333.04199
333.02909
333.07073
333.07055
333.07015
333.06953
333.06868
333.06759
333.06623
333.06457
333.06258
333.06018
333.05726
333.05359
333.04875
333.04172
333.02879
333.07052
333.07034
333.06994
333.06932
333.06847
333.06738
333.06602
333.06436
333.06236
333.05996
333.05703
333.05335
333.0485
333.04146
333.02849
333.07031
333.07014
333.06974
333.06912
333.06826
333.06717
333.0658
333.06414
333.06215
333.05974
333.0568
333.05312
333.04826
333.04119
333.02818
333.07011
333.06993
333.06953
333.06891
333.06805
333.06696
333.06559
333.06393
333.06193
333.05952
333.05657
333.05288
333.04801
333.04092
333.02786
333.0699
333.06972
333.06932
333.0687
333.06784
333.06674
333.06538
333.06371
333.06171
333.05929
333.05634
333.05264
333.04776
333.04065
333.02755
333.06969
333.06951
333.06911
333.06849
333.06763
333.06653
333.06516
333.0635
333.06149
333.05907
333.05611
333.05241
333.04751
333.04038
333.02723
333.06948
333.0693
333.0689
333.06828
333.06742
333.06632
333.06495
333.06328
333.06127
333.05884
333.05588
333.05217
333.04726
333.04011
333.02691
333.06928
333.06909
333.06869
333.06807
333.06721
333.06611
333.06473
333.06306
333.06105
333.05862
333.05565
333.05193
333.047
333.03983
333.02658
333.06907
333.06889
333.06848
333.06786
333.067
333.06589
333.06452
333.06284
333.06083
333.05839
333.05542
333.05168
333.04675
333.03955
333.02625
333.06886
333.06868
333.06827
333.06765
333.06679
333.06568
333.0643
333.06263
333.0606
333.05816
333.05518
333.05144
333.04649
333.03927
333.02591
333.06865
333.06847
333.06806
333.06744
333.06658
333.06547
333.06409
333.06241
333.06038
333.05794
333.05495
333.0512
333.04623
333.03898
333.02556
333.06844
333.06826
333.06785
333.06723
333.06636
333.06525
333.06387
333.06219
333.06016
333.05771
333.05471
333.05095
333.04597
333.0387
333.02522
333.06823
333.06805
333.06764
333.06701
333.06615
333.06504
333.06365
333.06197
333.05993
333.05748
333.05448
333.0507
333.04571
333.03841
333.02486
333.06802
333.06784
333.06743
333.0668
333.06594
333.06482
333.06344
333.06175
333.05971
333.05725
333.05424
333.05046
333.04544
333.03811
333.02449
333.06781
333.06763
333.06722
333.06659
333.06572
333.06461
333.06322
333.06153
333.05948
333.05702
333.054
333.05021
333.04517
333.03781
333.02412
333.0676
333.06742
333.06701
333.06638
333.06551
333.06439
333.063
333.0613
333.05926
333.05679
333.05376
333.04996
333.0449
333.03751
333.02373
333.06739
333.0672
333.0668
333.06616
333.0653
333.06418
333.06278
333.06108
333.05903
333.05655
333.05352
333.0497
333.04463
333.0372
333.02332
333.06718
333.06699
333.06658
333.06595
333.06508
333.06396
333.06256
333.06086
333.0588
333.05632
333.05328
333.04945
333.04436
333.03688
333.02289
333.06697
333.06678
333.06637
333.06574
333.06487
333.06374
333.06234
333.06064
333.05858
333.05609
333.05304
333.04919
333.04408
333.03656
333.02242
)
;

boundaryField
{
    water_inlet
    {
        type            fixedValue;
        value           uniform 333.15;
    }
    water_outlet
    {
        type            zeroGradient;
    }
    water_wedge1
    {
        type            wedge;
    }
    water_wedge2
    {
        type            wedge;
    }
    water_to_rock
    {
        type            compressible::turbulentTemperatureRadCoupledMixed;
        refValue        nonuniform List<scalar> 
400
(
317.74762
320.43246
321.96723
322.95083
323.64217
324.16281
324.57503
324.91353
325.19917
325.4453
325.66093
325.8524
326.02432
326.18016
326.32256
326.45361
326.57493
326.68786
326.79348
326.89267
326.98619
327.07463
327.15853
327.23833
327.3144
327.38707
327.45663
327.52333
327.58737
327.64897
327.70828
327.76547
327.82068
327.87402
327.92563
327.97559
328.02401
328.07097
328.11654
328.16082
328.20385
328.2457
328.28643
328.32608
328.36472
328.40238
328.43911
328.47493
328.5099
328.54404
328.57739
328.60996
328.64181
328.67294
328.70338
328.73315
328.76229
328.7908
328.8187
328.84603
328.87278
328.89899
328.92465
328.9498
328.97445
328.9986
329.02227
329.04547
329.06822
329.09052
329.11239
329.13384
329.15487
329.17551
329.19575
329.2156
329.23508
329.25419
329.27294
329.29134
329.3094
329.32712
329.34451
329.36157
329.37832
329.39476
329.4109
329.42674
329.44229
329.45755
329.47253
329.48724
329.50168
329.51585
329.52977
329.54343
329.55684
329.57
329.58293
329.59562
329.60808
329.62031
329.63232
329.64411
329.65568
329.66704
329.6782
329.68915
329.6999
329.71046
329.72082
329.73099
329.74098
329.75078
329.76041
329.76985
329.77913
329.78823
329.79716
329.80593
329.81454
329.82298
329.83128
329.83941
329.8474
329.85523
329.86292
329.87047
329.87787
329.88514
329.89227
329.89926
329.90612
329.91285
329.91945
329.92593
329.93228
329.93851
329.94462
329.95062
329.9565
329.96226
329.96791
329.97345
329.97889
329.98421
329.98943
329.99455
329.99957
330.00449
330.00931
330.01403
330.01866
330.0232
330.02764
330.032
330.03626
330.04044
330.04453
330.04854
330.05247
330.05631
330.06007
330.06376
330.06736
330.07089
330.07435
330.07773
330.08104
330.08427
330.08744
330.09054
330.09356
330.09653
330.09942
330.10225
330.10502
330.10772
330.11036
330.11294
330.11546
330.11792
330.12032
330.12266
330.12494
330.12717
330.12935
330.13147
330.13354
330.13555
330.13751
330.13942
330.14128
330.14309
330.14485
330.14657
330.14823
330.14984
330.15141
330.15294
330.15441
330.15585
330.15723
330.15858
330.15988
330.16114
330.16235
330.16352
330.16465
330.16574
330.16679
330.1678
330.16877
330.1697
330.17059
330.17144
330.17226
330.17303
330.17377
330.17447
330.17513
330.17576
330.17635
330.1769
330.17742
330.1779
330.17834
330.17875
330.17913
330.17947
330.17977
330.18005
330.18028
330.18048
330.18065
330.18079
330.18089
330.18095
330.18099
330.18099
330.18095
330.18088
330.18078
330.18065
330.18048
330.18028
330.18004
330.17978
330.17947
330.17914
330.17877
330.17837
330.17794
330.17747
330.17696
330.17643
330.17586
330.17526
330.17462
330.17395
330.17324
330.1725
330.17172
330.17091
330.17007
330.16919
330.16827
330.16732
330.16633
330.16531
330.16425
330.16315
330.16201
330.16084
330.15963
330.15839
330.1571
330.15578
330.15442
330.15301
330.15157
330.15009
330.14857
330.147
330.1454
330.14375
330.14206
330.14033
330.13856
330.13674
330.13488
330.13297
330.13102
330.12902
330.12697
330.12488
330.12274
330.12055
330.11831
330.11603
330.11369
330.1113
330.10886
330.10637
330.10382
330.10122
330.09856
330.09585
330.09309
330.09026
330.08738
330.08444
330.08144
330.07837
330.07525
330.07206
330.06881
330.06549
330.06211
330.05866
330.05514
330.05155
330.0479
330.04417
330.04036
330.03648
330.03253
330.0285
330.02439
330.0202
330.01593
330.01158
330.00714
330.00262
329.998
329.9933
329.98851
329.98362
329.97864
329.97356
329.96839
329.96311
329.95772
329.95224
329.94664
329.94094
329.93512
329.92918
329.92313
329.91696
329.91066
329.90423
329.89768
329.89099
329.88416
329.87719
329.87008
329.86281
329.8554
329.84782
329.84008
329.83217
329.82409
329.81582
329.80737
329.79873
329.78988
329.78083
329.77155
329.76205
329.75232
329.74233
329.73209
329.72157
329.71077
329.69966
329.68823
329.67647
329.66433
329.65182
329.63888
329.6255
329.61163
329.59724
329.58226
329.56665
329.55033
329.53321
329.51519
329.49613
329.47586
329.45415
329.4307
329.40506
329.37659
329.34424
329.30621
329.25912
329.19599
329.1009
)
;
        refGradient     uniform 0;
        valueFraction   nonuniform List<scalar> 
400
(
0.032673807
0.028204568
0.025684431
0.024212431
0.023360125
0.022897446
0.022689133
0.022650166
0.022724426
0.022873521
0.023070448
0.023295771
0.023535206
0.023778069
0.024016252
0.024243575
0.024455385
0.024648328
0.024820224
0.024969997
0.025097595
0.025203872
0.025290422
0.025359364
0.025413115
0.025454171
0.025484927
0.02550755
0.025523909
0.025535555
0.025543726
0.025549387
0.025553265
0.025555896
0.025557664
0.025558832
0.025559578
0.02556001
0.02556019
0.025560144
0.02555988
0.025559388
0.025558652
0.025557653
0.02555637
0.025554785
0.025552882
0.025550648
0.025548073
0.025545151
0.025541879
0.025538257
0.025534286
0.025529971
0.025525318
0.025520333
0.025515025
0.025509404
0.025503478
0.02549726
0.025490758
0.025483984
0.025476953
0.025469678
0.025462175
0.025454462
0.025446553
0.025438463
0.025430201
0.025421777
0.025413197
0.025404468
0.025395593
0.025386578
0.025377431
0.025368159
0.025358767
0.025349263
0.025339652
0.025329941
0.025320136
0.025310245
0.025300273
0.025290227
0.025280112
0.025269936
0.025259703
0.025249421
0.025239095
0.025228731
0.025218334
0.025207911
0.025197467
0.025187008
0.025176538
0.025166065
0.025155592
0.025145126
0.025134673
0.025124237
0.025113825
0.025103442
0.025093095
0.025082788
0.025072528
0.025062321
0.025052175
0.025042095
0.025032088
0.025022163
0.025012326
0.025002586
0.024992951
0.024983428
0.024974028
0.024964759
0.02495563
0.024946651
0.024937831
0.02492918
0.024920708
0.024912424
0.024904339
0.02489646
0.024888798
0.02488136
0.024874156
0.024867191
0.024860474
0.024854011
0.024847807
0.024841867
0.024836194
0.024830793
0.024825664
0.02482081
0.02481623
0.024811924
0.024807892
0.024804131
0.024800637
0.024797408
0.024794439
0.024791726
0.024789262
0.024787042
0.024785059
0.024783306
0.024781776
0.024780462
0.024779355
0.024778448
0.024777733
0.0247772
0.024776843
0.024776652
0.024776619
0.024776736
0.024776994
0.024777386
0.024777903
0.024778539
0.024779284
0.024780132
0.024781075
0.024782106
0.024783219
0.024784406
0.024785662
0.02478698
0.024788356
0.024789786
0.024791265
0.024792788
0.024794351
0.024795949
0.024797576
0.024799228
0.024800901
0.024802589
0.024804288
0.024805995
0.024807706
0.024809418
0.024811127
0.024812831
0.024814526
0.024816211
0.024817882
0.024819538
0.024821176
0.024822795
0.024824393
0.024825968
0.024827519
0.024829045
0.024830544
0.024832016
0.024833459
0.024834873
0.024836257
0.02483761
0.024838932
0.024840221
0.024841479
0.024842704
0.024843896
0.024845055
0.02484618
0.024847273
0.024848332
0.024849357
0.02485035
0.02485131
0.024852237
0.024853132
0.024853995
0.024854826
0.024855626
0.024856395
0.024857133
0.024857842
0.02485852
0.02485917
0.02485979
0.024860381
0.024860944
0.024861479
0.024861987
0.024862468
0.024862922
0.02486335
0.024863754
0.024864133
0.024864489
0.024864822
0.024865133
0.024865422
0.024865692
0.024865942
0.024866173
0.024866386
0.024866581
0.024866759
0.02486692
0.024867064
0.024867192
0.024867304
0.024867399
0.02486748
0.024867545
0.024867595
0.024867632
0.024867655
0.024867665
0.024867664
0.024867651
0.024867629
0.024867597
0.024867558
0.024867511
0.024867458
0.024867398
0.024867333
0.024867263
0.024867188
0.024867108
0.024867023
0.024866933
0.024866838
0.024866737
0.024866631
0.02486652
0.024866403
0.024866282
0.024866156
0.024866027
0.024865894
0.024865759
0.024865622
0.024865483
0.024865344
0.024865205
0.024865067
0.02486493
0.024864796
0.024864663
0.024864533
0.024864405
0.02486428
0.024864157
0.024864036
0.024863917
0.024863799
0.024863682
0.024863566
0.024863449
0.024863333
0.024863217
0.0248631
0.024862984
0.024862867
0.02486275
0.024862635
0.02486252
0.024862407
0.024862296
0.024862187
0.024862082
0.02486198
0.024861882
0.024861788
0.024861699
0.024861614
0.024861533
0.024861457
0.024861385
0.024861316
0.024861251
0.024861189
0.024861129
0.024861071
0.024861015
0.02486096
0.024860907
0.024860854
0.024860802
0.02486075
0.024860699
0.024860648
0.024860599
0.024860551
0.024860504
0.024860459
0.024860416
0.024860375
0.024860337
0.024860302
0.02486027
0.024860241
0.024860216
0.024860193
0.024860174
0.024860158
0.024860144
0.024860132
0.024860123
0.024860115
0.024860109
0.024860104
0.0248601
0.024860096
0.024860092
0.024860088
0.024860085
0.02486008
0.024860076
0.024860071
0.024860067
0.024860062
0.024860057
0.024860053
0.024860049
0.024860046
0.024860045
0.024860044
0.024860045
0.024860048
0.024860053
0.024860059
0.024860067
0.024860077
0.024860088
0.024860101
0.024860115
0.024860129
0.024860144
0.024860159
0.024860174
0.024860188
0.024860201
0.024860213
0.024860224
0.024860234
0.024860242
0.02486025
0.024860256
0.024860262
0.024860267
0.024860271
0.024860277
0.024860282
0.024860289
0.024860296
0.024860305
0.024860314
0.024860326
0.024860338
0.024860351
0.024860365
)
;
        source          uniform 0;
        value           nonuniform List<scalar> 
400
(
332.63955
332.77835
332.84496
332.88099
332.90203
332.91489
332.92293
332.92799
332.93113
332.93303
332.9341
332.93465
332.93487
332.93491
332.93488
332.93484
332.93485
332.93496
332.93518
332.93554
332.93602
332.93663
332.93736
332.93818
332.93909
332.94006
332.94108
332.94213
332.94321
332.94428
332.94537
332.94644
332.9475
332.94855
332.94959
332.9506
332.9516
332.95258
332.95355
332.95449
332.95542
332.95632
332.95722
332.95809
332.95895
332.9598
332.96063
332.96144
332.96225
332.96304
332.96381
332.96458
332.96533
332.96607
332.9668
332.96751
332.96822
332.96891
332.9696
332.97027
332.97093
332.97159
332.97223
332.97286
332.97349
332.9741
332.9747
332.9753
332.97588
332.97646
332.97703
332.97758
332.97813
332.97867
332.9792
332.97972
332.98024
332.98074
332.98124
332.98173
332.98221
332.98268
332.98315
332.98361
332.98405
332.9845
332.98493
332.98536
332.98577
332.98619
332.98659
332.98699
332.98737
332.98776
332.98813
332.9885
332.98886
332.98921
332.98956
332.9899
332.99024
332.99056
332.99088
332.9912
332.9915
332.9918
332.9921
332.99238
332.99267
332.99294
332.99321
332.99347
332.99373
332.99397
332.99422
332.99445
332.99468
332.99491
332.99512
332.99534
332.99554
332.99574
332.99593
332.99612
332.9963
332.99647
332.99664
332.9968
332.99695
332.9971
332.99724
332.99738
332.99751
332.99763
332.99774
332.99786
332.99796
332.99806
332.99815
332.99823
332.99831
332.99839
332.99846
332.99852
332.99857
332.99863
332.99867
332.99871
332.99874
332.99877
332.9988
332.99882
332.99883
332.99884
332.99884
332.99884
332.99884
332.99883
332.99881
332.99879
332.99877
332.99874
332.99871
332.99867
332.99864
332.99859
332.99854
332.99849
332.99844
332.99838
332.99832
332.99826
332.99819
332.99812
332.99805
332.99797
332.99789
332.99781
332.99772
332.99763
332.99754
332.99745
332.99735
332.99726
332.99715
332.99705
332.99695
332.99684
332.99673
332.99662
332.9965
332.99639
332.99627
332.99615
332.99603
332.9959
332.99578
332.99565
332.99552
332.99539
332.99526
332.99512
332.99499
332.99485
332.99471
332.99457
332.99443
332.99429
332.99414
332.99399
332.99385
332.9937
332.99355
332.99339
332.99324
332.99309
332.99293
332.99277
332.99262
332.99246
332.99229
332.99213
332.99197
332.9918
332.99164
332.99147
332.9913
332.99114
332.99096
332.99079
332.99062
332.99045
332.99027
332.9901
332.98992
332.98974
332.98956
332.98938
332.9892
332.98902
332.98883
332.98865
332.98846
332.98828
332.98809
332.9879
332.98771
332.98752
332.98732
332.98713
332.98694
332.98674
332.98654
332.98635
332.98615
332.98595
332.98575
332.98554
332.98534
332.98513
332.98493
332.98472
332.98451
332.9843
332.98409
332.98388
332.98367
332.98345
332.98324
332.98302
332.9828
332.98258
332.98236
332.98214
332.98192
332.98169
332.98147
332.98124
332.98101
332.98078
332.98055
332.98032
332.98009
332.97985
332.97961
332.97938
332.97914
332.9789
332.97865
332.97841
332.97816
332.97792
332.97767
332.97742
332.97716
332.97691
332.97666
332.9764
332.97614
332.97588
332.97562
332.97535
332.97509
332.97482
332.97455
332.97428
332.974
332.97373
332.97345
332.97317
332.97289
332.97261
332.97232
332.97204
332.97175
332.97145
332.97116
332.97086
332.97056
332.97026
332.96996
332.96965
332.96935
332.96904
332.96872
332.96841
332.96809
332.96777
332.96744
332.96712
332.96679
332.96645
332.96612
332.96578
332.96544
332.9651
332.96475
332.9644
332.96404
332.96369
332.96333
332.96296
332.96259
332.96222
332.96185
332.96147
332.96109
332.9607
332.96031
332.95991
332.95952
332.95911
332.95871
332.95829
332.95788
332.95745
332.95703
332.9566
332.95616
332.95572
332.95527
332.95482
332.95436
332.9539
332.95342
332.95295
332.95246
332.95197
332.95147
332.95097
332.95046
332.94994
332.94941
332.94887
332.94832
332.94776
332.9472
332.94662
332.94603
332.94543
332.94481
332.94418
332.94354
332.94288
332.94221
332.94151
332.94079
332.94005
332.93928
332.93849
332.93765
332.93678
332.93585
332.93487
332.9338
332.93263
332.93131
332.92974
332.92775
332.92493
)
;
        logInterval     -1;
        writePrecision  8;
        updateHeader    1;
        writeToFile     0;
        useUserTime     1;
        kappaMethod     fluidThermo;
    }
}


// ************************************************************************* //
