/*--------------------------------*- C++ -*----------------------------------*\
| =========                 |                                                 |
| \\      /  F ield         | OpenFOAM: The Open Source CFD Toolbox           |
|  \\    /   O peration     | Version:  2506                                  |
|   \\  /    A nd           | Website:  www.openfoam.com                      |
|    \\/     M anipulation  |                                                 |
\*---------------------------------------------------------------------------*/
FoamFile
{
    version     2.0;
    format      ascii;
    arch        "LSB;label=32;scalar=64";
    class       volScalarField;
    location    "13000/water";
    object      alphat;
}
// * * * * * * * * * * * * * * * * * * * * * * * * * * * * * * * * * * * * * //

dimensions      [1 -1 -1 0 0 0 0];

internalField   nonuniform List<scalar> 
6000
(
0.041292847
0.041292824
0.041292831
0.041292856
0.041292889
0.041292932
0.041292983
0.041293016
0.041292808
0.041290571
0.041271537
0.041111294
0.0397723
0.030564074
0.013464793
0.040788543
0.040788537
0.040788576
0.040788654
0.040788758
0.040788888
0.04078902
0.040788972
0.040787494
0.040776037
0.040696382
0.040161217
0.036863805
0.023766469
0.015141611
0.04033569
0.040335696
0.040335761
0.040335884
0.040336044
0.040336229
0.04033633
0.040335685
0.040330323
0.040296649
0.040097616
0.038983223
0.033614213
0.0194951
0.016360294
0.039926215
0.039926219
0.039926301
0.039926459
0.03992666
0.039926848
0.039926701
0.039924457
0.039910659
0.039835636
0.039448738
0.037597438
0.030384627
0.016783058
0.017196555
0.039553796
0.039553808
0.039553906
0.039554093
0.039554312
0.039554413
0.039553622
0.0395481
0.039519187
0.039379112
0.038737841
0.036066498
0.027427863
0.015063192
0.01773179
0.039213273
0.039213296
0.039213408
0.039213613
0.039213809
0.039213657
0.039211571
0.039200298
0.039147643
0.038916647
0.037965398
0.034462847
0.024852826
0.013984463
0.018040007
0.038900366
0.038900399
0.038900521
0.038900723
0.038900826
0.038900159
0.038895819
0.03887551
0.038788999
0.038441492
0.037140256
0.032849727
0.022675913
0.013336844
0.018183117
0.038611532
0.038611573
0.038611697
0.038611866
0.038611765
0.038610199
0.038602307
0.038568928
0.038437606
0.037950377
0.036275872
0.031274836
0.020870828
0.012994967
0.018210197
0.038343817
0.038343862
0.038343975
0.038344065
0.0383436
0.038340605
0.038327517
0.03827644
0.038089201
0.037442856
0.03538704
0.029770034
0.019396999
0.012882914
0.018158676
0.038094736
0.03809478
0.038094862
0.038094803
0.038093753
0.038088644
0.038068396
0.037994592
0.037740813
0.036920504
0.03448763
0.028354169
0.018213448
0.012953916
0.018056304
0.037862183
0.037862216
0.037862238
0.037861935
0.037860009
0.037851941
0.037822294
0.037720559
0.037390607
0.036386134
0.033589398
0.02703684
0.017284481
0.013178532
0.017923231
0.03764436
0.037644371
0.037644291
0.037643618
0.037640447
0.037628426
0.037586933
0.037452106
0.037037684
0.035843147
0.032701562
0.025821837
0.016581272
0.013537499
0.017773886
0.037439726
0.037439699
0.03743946
0.037438254
0.037433393
0.037416287
0.037360374
0.037187532
0.036681868
0.035295042
0.031830871
0.02470985
0.016081614
0.014017191
0.017618497
0.037246949
0.037246861
0.037246392
0.037244452
0.037237378
0.037213943
0.037140989
0.036925609
0.0363235
0.034745073
0.030981931
0.023700436
0.015768976
0.014606606
0.017464261
0.037064871
0.037064693
0.037063903
0.037060987
0.037051109
0.037020016
0.036927437
0.036665512
0.035963258
0.03419604
0.030157673
0.022793377
0.015631332
0.015295285
0.017316197
0.03689248
0.036892177
0.036890955
0.036886782
0.036873442
0.036833316
0.036718634
0.03640675
0.035602004
0.033650187
0.029359858
0.021989539
0.015659917
0.016071914
0.01717775
0.036728885
0.036728414
0.036726628
0.036720878
0.03670337
0.036652818
0.036513731
0.036149096
0.035240656
0.033109157
0.028589603
0.021291346
0.015847992
0.016923492
0.017051196
0.036573301
0.03657261
0.036570106
0.036562424
0.036540005
0.036477653
0.03631208
0.035892529
0.034880099
0.032574024
0.027847913
0.02070292
0.016189617
0.01783505
0.016937916
0.036425028
0.036424056
0.036420663
0.036410663
0.036382564
0.036307092
0.036113215
0.03563717
0.034521109
0.032045349
0.027136212
0.020229919
0.016678486
0.018789895
0.016838558
0.036283441
0.03628212
0.036277645
0.036264917
0.036230367
0.036140535
0.03591682
0.035383242
0.034164308
0.031523285
0.026456862
0.019879123
0.017306891
0.019770317
0.016753165
0.036147982
0.036146234
0.036140468
0.036124584
0.036082821
0.035977497
0.035722708
0.035131018
0.033810124
0.031007717
0.025813646
0.019657797
0.018064912
0.0207586
0.016681265
0.036018143
0.036015885
0.036008605
0.035989126
0.035939416
0.035817597
0.035530799
0.034880794
0.033458783
0.030498445
0.025212142
0.019572905
0.018939949
0.021738147
0.016621966
0.03589347
0.03589061
0.035881581
0.035858069
0.035799718
0.035660549
0.035341095
0.034632853
0.033110301
0.029995409
0.024659951
0.019630248
0.019916664
0.02269449
0.016574063
0.035773545
0.035769987
0.035758968
0.035730991
0.035663366
0.035506152
0.035153669
0.034387441
0.032764498
0.029498968
0.024166686
0.019833637
0.020977366
0.023616003
0.016536152
0.035657992
0.035653635
0.035640383
0.035607524
0.035530063
0.035354279
0.034968643
0.03414475
0.03242103
0.029010211
0.023743688
0.020184173
0.022102784
0.024494228
0.016506745
0.035546464
0.035541207
0.035525479
0.035487349
0.035399574
0.035204869
0.034786172
0.033904896
0.032079439
0.028531301
0.023403466
0.020679734
0.023273104
0.025323802
0.016484372
0.035438647
0.035432386
0.035413948
0.035370193
0.035271718
0.035057919
0.034606436
0.03366791
0.03173923
0.028065807
0.023158914
0.021314706
0.0244691
0.026102089
0.016467662
0.035334251
0.035326887
0.035305516
0.035255823
0.03514637
0.034913479
0.03442962
0.033433727
0.031399978
0.02761899
0.023022388
0.022080017
0.02567317
0.026828633
0.016455398
0.035233012
0.035224448
0.035199939
0.03514405
0.035023453
0.034771643
0.034255909
0.033202186
0.031061475
0.027197981
0.02300477
0.022963453
0.026870128
0.027504567
0.016446544
0.035134691
0.035124836
0.035097009
0.035034724
0.034902936
0.03463254
0.03408547
0.032973033
0.030723902
0.0268118
0.023114633
0.02395025
0.02804767
0.02813208
0.016440248
0.035039067
0.035027841
0.034996542
0.034927732
0.034784832
0.034496333
0.033918446
0.032745938
0.030388046
0.026471167
0.023357597
0.025023883
0.02919649
0.028713983
0.016435834
0.034945943
0.034933275
0.034898386
0.034822996
0.034669194
0.034363211
0.033754944
0.032520522
0.030055535
0.026188099
0.023735915
0.026166983
0.030310099
0.029253407
0.016432778
0.034855141
0.034840974
0.034802418
0.034720475
0.034556112
0.034233382
0.033595029
0.032296401
0.029729078
0.025975302
0.024248334
0.02736225
0.031384439
0.029753594
0.016430685
0.034766502
0.034750797
0.03470854
0.034620164
0.034445715
0.034107066
0.033438713
0.032073259
0.029412693
0.025845434
0.02489019
0.028593298
0.032417399
0.030217765
0.016429265
0.034679887
0.034662624
0.034616684
0.034522088
0.034338162
0.033984492
0.033285952
0.031850929
0.029111866
0.025810314
0.025653731
0.029845306
0.033408314
0.030649046
0.016428312
0.034595176
0.034576356
0.034526808
0.034426308
0.034233647
0.033865888
0.033136649
0.03162952
0.028833633
0.025880169
0.026528619
0.031105458
0.03435753
0.03105041
0.016427682
0.034512269
0.034491917
0.034438897
0.034332917
0.034132389
0.033751478
0.032990657
0.031409555
0.028586514
0.02606301
0.027502554
0.032363144
0.035266042
0.031424648
0.01642728
0.034431083
0.034409252
0.034352965
0.034242042
0.034034637
0.033641469
0.032847794
0.031192142
0.028380315
0.026364175
0.028561978
0.033609948
0.036135248
0.031774346
0.016427047
0.034351558
0.034328331
0.034269052
0.034153841
0.033940664
0.03353605
0.032707868
0.03097915
0.028225758
0.026786089
0.029692788
0.034839473
0.03696677
0.032101874
0.01642695
0.034273652
0.034249145
0.03418723
0.034068505
0.03385076
0.033435383
0.03257072
0.030773392
0.028133997
0.02732822
0.030880993
0.036047067
0.037762344
0.032409381
0.016426974
0.034197344
0.03417171
0.034107598
0.033986257
0.033765237
0.033339598
0.032436275
0.030578781
0.028116031
0.027987223
0.032113284
0.037229502
0.038523755
0.032698799
0.016427117
0.034122637
0.034096065
0.034030285
0.033907355
0.033684417
0.033248788
0.032304627
0.030400434
0.028182106
0.028757249
0.03337746
0.038384662
0.039252794
0.032971855
0.016427382
0.034049553
0.034022276
0.033955452
0.033832084
0.033608631
0.033163012
0.03217613
0.030244713
0.028341139
0.029630357
0.034662707
0.039511265
0.039951228
0.033230086
0.016427779
0.03397814
0.033950437
0.033883292
0.033760766
0.033538214
0.033082299
0.032051523
0.030119153
0.028600246
0.03059702
0.035959727
0.04060864
0.040620777
0.033474856
0.016428318
0.033908471
0.033880668
0.033814033
0.033693749
0.033473497
0.033006661
0.03193206
0.030032289
0.028964395
0.031646651
0.037260743
0.041676558
0.0412631
0.033707373
0.01642901
0.033840644
0.033813121
0.033747936
0.033631414
0.033414804
0.032936114
0.03181966
0.029993367
0.029436209
0.032768128
0.038559404
0.042715108
0.041879779
0.033928705
0.016429865
0.033774787
0.03374798
0.033685299
0.033574167
0.033362441
0.032870716
0.031717043
0.03001196
0.030015932
0.033950282
0.039850628
0.043724611
0.042472314
0.034139802
0.016430892
0.033711057
0.03368546
0.033626458
0.03352244
0.033316699
0.032810614
0.031627852
0.030097517
0.030701521
0.035182299
0.041130414
0.044705563
0.043042113
0.034341502
0.016432097
0.033649643
0.033625814
0.033571787
0.033476689
0.033277844
0.032756112
0.031556733
0.030258902
0.031488875
0.036454042
0.042395662
0.045658586
0.043590498
0.034534553
0.016433487
0.03359077
0.033569333
0.033521698
0.033437387
0.03324612
0.032707755
0.031509355
0.030503936
0.032372141
0.037756264
0.043643993
0.046584394
0.044118699
0.034719618
0.016435064
0.033534699
0.033516348
0.033476647
0.033405019
0.033221753
0.032666432
0.031492357
0.030839024
0.033344084
0.039080732
0.04487361
0.047483769
0.044627864
0.034897289
0.016436831
0.033481731
0.033467235
0.033437127
0.033380083
0.033204961
0.03263349
0.031513195
0.031268863
0.034396488
0.040420262
0.046083174
0.048357532
0.045119059
0.035068096
0.016438788
0.033432211
0.033422413
0.033403675
0.033363076
0.033195977
0.032610855
0.03157992
0.031796261
0.035520551
0.041768687
0.047271715
0.049206529
0.045593276
0.035232514
0.016440933
0.033386531
0.033382352
0.033376864
0.033354497
0.033195077
0.032601149
0.031700869
0.032422087
0.036707252
0.043120785
0.048438561
0.050031613
0.046051437
0.035390968
0.016443266
0.033345134
0.033347573
0.033357309
0.033354836
0.033202627
0.032607791
0.031884305
0.033145315
0.037947672
0.044472178
0.04958328
0.050833632
0.046494397
0.035543844
0.016445782
0.033308518
0.033318652
0.033345661
0.033364571
0.033219142
0.03263506
0.032138039
0.033963174
0.039233248
0.04581922
0.050705637
0.051613421
0.046922951
0.035691489
0.016448478
0.033277237
0.03329622
0.033342601
0.033384174
0.033245363
0.032688108
0.032469067
0.034871378
0.040555964
0.04715889
0.051805559
0.052371795
0.047337839
0.035834219
0.016451351
0.033251914
0.033280969
0.033348845
0.033414106
0.033282345
0.032772915
0.032883244
0.035864395
0.041908469
0.048488699
0.052883099
0.053109547
0.047739749
0.03597232
0.016454394
0.033233235
0.033273652
0.033365129
0.033454836
0.033331563
0.032896164
0.033385031
0.036935756
0.043284138
0.049806603
0.053938418
0.053827442
0.048129318
0.036106053
0.016457603
0.033221962
0.033275082
0.033392211
0.033506852
0.033395016
0.033065049
0.033977332
0.038078361
0.044677083
0.051110933
0.054971756
0.054526219
0.048507145
0.036235659
0.016460974
0.033218934
0.033286139
0.033430864
0.033570697
0.033475331
0.03328702
0.034661419
0.039284775
0.046082128
0.05240034
0.055983417
0.055206586
0.048873783
0.036361356
0.016464499
0.033225073
0.033307763
0.033481871
0.033647009
0.033575845
0.033569483
0.035436949
0.040547489
0.04749476
0.053673743
0.056973754
0.055869226
0.049229756
0.036483354
0.016468174
0.033241386
0.033340956
0.033546022
0.033736579
0.03370066
0.033919477
0.036302065
0.041859135
0.048911066
0.054930291
0.057943149
0.056514768
0.049575443
0.036601083
0.01647199
0.033268972
0.033386781
0.033624113
0.033840421
0.033854652
0.034343362
0.037253556
0.043212655
0.05032767
0.056169322
0.058892008
0.057143807
0.049911242
0.036714879
0.016475942
0.033309024
0.033446356
0.033716954
0.033959862
0.034043422
0.034846539
0.038287075
0.044601423
0.051741665
0.057390339
0.059820745
0.057756912
0.050237557
0.036825046
0.016480019
0.03336283
0.033520853
0.033825377
0.03409663
0.034273184
0.035433219
0.039397375
0.046019313
0.053150558
0.058592978
0.060729791
0.058354635
0.050554797
0.036931851
0.016484214
0.033431776
0.033611492
0.033950259
0.034252956
0.034550594
0.036106275
0.040578559
0.047460738
0.054552211
0.059776992
0.061619574
0.058937454
0.050862924
0.037035581
0.016488518
0.033517345
0.033719534
0.034092551
0.034431668
0.034882519
0.036867156
0.041824324
0.04892065
0.055944806
0.060942227
0.062490516
0.059505811
0.051162152
0.037136397
0.016492923
0.033621115
0.033846283
0.034253326
0.034636254
0.03527577
0.037715887
0.04312818
0.050394527
0.057326792
0.062088606
0.063343036
0.060060164
0.051452982
0.037234385
0.016497425
0.033744759
0.033993081
0.034433838
0.034870911
0.035736817
0.038651141
0.044483641
0.051878338
0.058696859
0.063216115
0.064177552
0.060600974
0.051735851
0.037329654
0.016502019
0.033890036
0.034161311
0.034635595
0.035140538
0.03627151
0.039670364
0.045884371
0.053368507
0.060053899
0.064324794
0.064994472
0.061128573
0.052011163
0.037422331
0.0165067
0.034058788
0.034352407
0.034860445
0.035450677
0.036884822
0.040769944
0.047324309
0.05486187
0.061396989
0.065414726
0.065794143
0.061642947
0.052279305
0.037512563
0.016511467
0.034252939
0.034567875
0.035110668
0.035807398
0.037580653
0.041945414
0.048797739
0.056355639
0.062725356
0.066486017
0.066576929
0.062144667
0.052540483
0.037600453
0.016516317
0.034474483
0.034809317
0.03538907
0.036217121
0.038361678
0.043191658
0.050299339
0.057847355
0.064038356
0.067538803
0.067343213
0.062634244
0.052794917
0.037686088
0.016521247
0.034725491
0.035078478
0.035699056
0.036686397
0.039229281
0.04450312
0.051824205
0.059334858
0.06533546
0.06857325
0.068093394
0.063112137
0.053042836
0.037769546
0.016526253
0.035008113
0.035377304
0.036044689
0.037221653
0.04018354
0.045873996
0.053367852
0.060816256
0.066616244
0.069589501
0.06882737
0.063578807
0.05328449
0.037850923
0.016531331
0.035324592
0.035708013
0.036430702
0.037828918
0.041223293
0.047298396
0.054926198
0.06228989
0.06788035
0.070587708
0.069545618
0.064034565
0.053520088
0.037930307
0.016536479
0.035677289
0.036073179
0.036862469
0.03851357
0.042346239
0.04877049
0.05649555
0.063754305
0.069127488
0.071568061
0.070248612
0.064479709
0.053749815
0.038007771
0.016541693
0.036068725
0.036475826
0.03734591
0.039280106
0.043549094
0.050284613
0.058072571
0.065208225
0.070357433
0.072530784
0.070936787
0.064914535
0.05397385
0.03808338
0.016546969
0.036501632
0.036919509
0.037887345
0.040131957
0.044827762
0.051835341
0.05965426
0.066650547
0.071569999
0.073475727
0.071610523
0.065339341
0.054192383
0.038157197
0.016552305
0.036979027
0.037408389
0.038493292
0.041071369
0.04617752
0.053417548
0.061237918
0.068080292
0.072765013
0.074403187
0.07227017
0.065754389
0.054405591
0.038229281
0.016557696
0.037504288
0.037947273
0.039170223
0.042099345
0.047593202
0.055026429
0.062821117
0.069496595
0.073942364
0.075313492
0.072916046
0.066159928
0.054613631
0.038299688
0.01656314
0.038081242
0.038541611
0.039924304
0.04321565
0.049069369
0.05665752
0.064401679
0.070898702
0.075101909
0.076206923
0.073548448
0.0665562
0.054816652
0.038368466
0.016568632
0.038714238
0.039197433
0.040761128
0.044418877
0.05060046
0.058306695
0.065977655
0.072285944
0.076243438
0.077083725
0.074167652
0.066943445
0.055014793
0.038435662
0.01657417
0.039408192
0.039921228
0.041685471
0.045706551
0.052180916
0.059970151
0.067547278
0.0736577
0.077366973
0.077944204
0.074773921
0.067321888
0.055208189
0.038501318
0.016579751
0.040168601
0.040719755
0.04270109
0.047075282
0.053805276
0.06164439
0.069108947
0.075013439
0.078472603
0.078788614
0.075367507
0.067691735
0.055396963
0.038565473
0.01658537
0.041001483
0.041599797
0.043810575
0.048520924
0.055468261
0.063326225
0.070661259
0.076352559
0.079560258
0.07961716
0.075948661
0.068053182
0.055581228
0.038628161
0.016591025
0.041913256
0.042567876
0.045015261
0.050038747
0.057164818
0.065012718
0.072202871
0.077674596
0.080630129
0.080430044
0.076517618
0.068406417
0.055761094
0.038689414
0.016596712
0.042910531
0.043629949
0.046315209
0.051623605
0.058890143
0.066701162
0.073732563
0.07897924
0.081682349
0.081227468
0.077074596
0.068751613
0.055936658
0.038749263
0.016602429
0.043999833
0.044791104
0.047709235
0.053270089
0.060639726
0.068389122
0.075249198
0.08026602
0.082716967
0.082009627
0.077619802
0.06908893
0.056108014
0.038807734
0.016608172
0.045187269
0.046055292
0.049195004
0.054972655
0.062409319
0.070074283
0.076751676
0.08153484
0.083734044
0.082776704
0.078153427
0.069418521
0.056275245
0.038864851
0.016613937
0.046478158
0.0474251
0.050769144
0.056725733
0.064194933
0.071754498
0.078239055
0.082785575
0.084733647
0.083528868
0.078675652
0.069740524
0.056438431
0.038920634
0.016619723
0.047876656
0.048901593
0.052427399
0.058523827
0.065992886
0.0734278
0.079710315
0.084018003
0.085715839
0.084266273
0.079186641
0.070055066
0.05659764
0.038975103
0.016625525
0.049385427
0.050484224
0.054164768
0.060361539
0.067799632
0.075092232
0.081164968
0.08523194
0.086680671
0.084989059
0.079686545
0.070362266
0.056752939
0.039028274
0.016631341
0.051005367
0.052170822
0.055975679
0.06223367
0.069611912
0.076745843
0.08260239
0.086427213
0.087628185
0.085697354
0.080175501
0.070662227
0.056904383
0.039080162
0.016637167
0.052735431
0.053957639
0.05785409
0.064135125
0.071426502
0.078387242
0.084021971
0.087603646
0.088558406
0.086391266
0.08065363
0.070955047
0.057052025
0.039130776
0.016643001
0.054572564
0.055839471
0.059793656
0.066061023
0.073240172
0.080015136
0.085423137
0.088761057
0.089471348
0.087070888
0.081121041
0.071240807
0.057195908
0.039180127
0.016648839
0.056511748
0.057809794
0.061787724
0.068006443
0.07505035
0.081628268
0.086805331
0.08989926
0.090367006
0.087736296
0.081577824
0.071519582
0.057336071
0.039228222
0.016654679
0.05854615
0.059860954
0.063829428
0.069966594
0.076854666
0.08322544
0.088168005
0.091018056
0.091245359
0.088387545
0.082024056
0.071791433
0.057472547
0.039275066
0.016660517
0.060667305
0.06198424
0.065911627
0.071937315
0.078650866
0.084805504
0.089510621
0.092117231
0.092106365
0.089024672
0.082459798
0.072056411
0.05760536
0.039320659
0.01666635
0.062865325
0.064170256
0.068027492
0.073914596
0.0804368
0.086367355
0.090832642
0.093196559
0.092949961
0.089647697
0.082885095
0.072314555
0.05773453
0.039365003
0.016672175
0.065129355
0.06640921
0.070170242
0.075894568
0.082210409
0.087909919
0.092133528
0.094255793
0.093776063
0.090256615
0.083299974
0.072565893
0.05786007
0.039408095
0.016677989
0.06744796
0.068691095
0.072333184
0.077873489
0.083969712
0.089432153
0.093412736
0.095294671
0.094584564
0.090851403
0.083704448
0.072810442
0.057981985
0.039449931
0.016683788
0.069809479
0.071005887
0.074509746
0.079847733
0.085712795
0.090933033
0.094669717
0.096312908
0.095375335
0.091432017
0.084098511
0.073048207
0.058100276
0.039490502
0.01668957
0.072202334
0.073343734
0.076693519
0.081813784
0.087437804
0.092411557
0.095903917
0.097310204
0.096148225
0.091998392
0.084482142
0.073279181
0.058214936
0.0395298
0.01669533
0.074615291
0.0756951
0.078878293
0.083768231
0.089142935
0.093866738
0.097114775
0.09828624
0.096903061
0.092550443
0.084855302
0.073503346
0.058325951
0.039567812
0.016701064
0.077037672
0.078050906
0.081058095
0.085707767
0.090826434
0.095297607
0.098301725
0.099240681
0.09763965
0.093088064
0.085217938
0.073720673
0.058433302
0.039604524
0.016706771
0.0794595
0.08040262
0.083227227
0.087629199
0.092486595
0.09670321
0.0994642
0.10017318
0.098357779
0.093611132
0.085569981
0.073931121
0.058536962
0.039639918
0.016712444
0.081871605
0.082742336
0.085380298
0.089529453
0.094121759
0.098082615
0.10060164
0.10108337
0.099057222
0.094119507
0.085911345
0.07413464
0.058636899
0.039673976
0.016718081
0.084265674
0.085062817
0.087512258
0.091405584
0.095730322
0.099434911
0.10171347
0.1019709
0.099737738
0.094613033
0.086241933
0.074331168
0.058733075
0.039706676
0.016723677
0.086634276
0.087357522
0.089618419
0.093254793
0.097310735
0.10075921
0.10279916
0.10283539
0.10039908
0.095091543
0.086561635
0.074520635
0.058825446
0.039737994
0.016729228
0.088970848
0.089620606
0.091694473
0.095074437
0.098861515
0.10205467
0.10385815
0.10367649
0.10104098
0.09555486
0.086870333
0.074702962
0.058913963
0.039767904
0.016734728
0.091269667
0.091846907
0.093736505
0.096862042
0.10038125
0.10332047
0.10488995
0.10449382
0.1016632
0.0960028
0.087167898
0.074878065
0.058998573
0.039796379
0.016740174
0.093525803
0.094031925
0.095740995
0.098615316
0.10186861
0.10455583
0.10589405
0.10528706
0.10226548
0.096435177
0.087454197
0.075045853
0.059079219
0.03982339
0.016745561
0.095735062
0.096171785
0.097704818
0.10033216
0.10332235
0.10576003
0.10687
0.10605587
0.10284756
0.096851806
0.087729096
0.075206232
0.059155842
0.039848907
0.016750882
0.09789393
0.098263196
0.099625234
0.10201067
0.10474132
0.10693241
0.10781737
0.10679996
0.10340923
0.097252505
0.087992456
0.075359105
0.059228381
0.0398729
0.016756134
0.099999506
0.10030341
0.10149988
0.10364914
0.10612448
0.10807234
0.10873578
0.10751904
0.10395026
0.097637103
0.088244147
0.075504378
0.059296774
0.039895338
0.01676131
0.10204945
0.10229017
0.10332674
0.10524607
0.10747089
0.10917929
0.1096249
0.10821289
0.10447047
0.098005442
0.088484042
0.075641955
0.059360961
0.039916191
0.016766405
0.1040419
0.10422167
0.10510414
0.10680018
0.10877972
0.11025276
0.11048443
0.10888128
0.10496968
0.098357379
0.088712023
0.075771749
0.059420882
0.03993543
0.016771414
0.10597546
0.10609652
0.10683074
0.10831036
0.11005025
0.11129237
0.11131414
0.10952407
0.10544776
0.098692793
0.088927986
0.075893677
0.059476483
0.039953026
0.01677633
0.10784911
0.10791367
0.10850545
0.10977572
0.1112819
0.11229777
0.11211384
0.11014113
0.10590461
0.099011585
0.089131841
0.076007666
0.059527712
0.039968954
0.016781148
0.10966218
0.10967242
0.11012749
0.11119554
0.11247417
0.1132687
0.11288341
0.11073238
0.10634016
0.099313685
0.089323517
0.076113654
0.059574526
0.039983191
0.016785862
0.11141428
0.11137234
0.11169632
0.11256928
0.11362671
0.11420498
0.11362278
0.1112978
0.10675437
0.099599049
0.089502963
0.076211592
0.059616888
0.039995719
0.016790467
0.1131053
0.11301325
0.1132116
0.11389658
0.11473925
0.11510651
0.11433194
0.1118374
0.10714727
0.099867667
0.089670151
0.076301446
0.059654769
0.04000652
0.016794957
0.11473536
0.11459521
0.11467322
0.11517722
0.11581165
0.11597326
0.11501094
0.11235127
0.10751891
0.10011956
0.089825077
0.0763832
0.059688152
0.040015585
0.016799326
0.11630477
0.11611846
0.11608123
0.11641114
0.11684387
0.11680528
0.11565989
0.11283951
0.10786937
0.10035479
0.089967763
0.076456853
0.059717028
0.040022907
0.01680357
0.11781402
0.11758341
0.11743586
0.11759841
0.11783597
0.11760267
0.11627895
0.11330229
0.10819879
0.10057344
0.09009826
0.076522426
0.059741404
0.040028485
0.016807684
0.11926373
0.11899062
0.11873748
0.11873923
0.1187881
0.11836563
0.11686834
0.11373983
0.10850736
0.10077564
0.090216645
0.076579958
0.059761295
0.040032325
0.016811663
0.12065467
0.12034078
0.11998658
0.11983391
0.11970049
0.1190944
0.11742832
0.11415239
0.10879528
0.10096155
0.090323022
0.076629511
0.059776732
0.040034438
0.016815503
0.1219877
0.12163468
0.12118376
0.12088286
0.12057348
0.11978931
0.11795922
0.11454027
0.10906283
0.10113138
0.090417526
0.076671166
0.059787757
0.040034841
0.016819199
0.12326377
0.12287323
0.12232974
0.12188659
0.12140747
0.12045073
0.11846142
0.11490381
0.10931028
0.10128533
0.090500319
0.076705024
0.059794428
0.040033557
0.01682275
0.12448392
0.12405738
0.12342532
0.12284569
0.12220291
0.12107908
0.11893531
0.11524339
0.10953798
0.10142369
0.090571588
0.07673121
0.059796815
0.040030615
0.016826151
0.12564926
0.12518818
0.12447134
0.12376083
0.12296036
0.12167485
0.11938137
0.11555945
0.10974628
0.10154673
0.090631548
0.076749866
0.059795
0.040026052
0.016829401
0.12676094
0.12626673
0.12546876
0.12463274
0.1236804
0.12223856
0.11980007
0.11585243
0.10993559
0.10165479
0.090680438
0.076761154
0.059789079
0.040019908
0.016832497
0.12782015
0.12729417
0.12641854
0.1254622
0.12436367
0.12277079
0.12019196
0.11612282
0.11010632
0.1017482
0.090718521
0.076765256
0.059779162
0.04001223
0.016835437
0.12882814
0.12827168
0.12732173
0.12625005
0.12501087
0.12327214
0.12055759
0.11637114
0.11025892
0.10182733
0.090746081
0.076762369
0.059765366
0.040003071
0.016838222
0.12978617
0.12920047
0.1281794
0.12699719
0.12562274
0.12374327
0.12089755
0.11659791
0.11039388
0.10189259
0.090763423
0.076752708
0.059747822
0.039992488
0.01684085
0.13069552
0.13008179
0.12899265
0.12770453
0.12620003
0.12418484
0.12121247
0.11680372
0.11051169
0.10194439
0.090770868
0.076736501
0.05972667
0.039980541
0.016843322
0.13155751
0.13091689
0.1297626
0.12837302
0.12674356
0.12459756
0.12150298
0.11698913
0.11061286
0.10198315
0.090768755
0.076713991
0.059702059
0.039967297
0.016845638
0.13237344
0.13170704
0.1304904
0.12900364
0.12725416
0.12498215
0.12176973
0.11715474
0.11069791
0.10200933
0.090757436
0.07668543
0.059674146
0.039952824
0.016847799
0.13314463
0.13245352
0.13117723
0.1295974
0.12773266
0.12533937
0.12201341
0.11730117
0.1107674
0.10202338
0.090737277
0.076651083
0.059643093
0.039937193
0.016849806
0.13387242
0.13315762
0.13182424
0.13015529
0.12817995
0.12566997
0.12223469
0.11742905
0.11082188
0.10202577
0.090708651
0.076611222
0.059609069
0.039920478
0.016851662
0.13455812
0.13382062
0.13243261
0.13067837
0.1285969
0.12597473
0.12243429
0.117539
0.11086191
0.10201699
0.090671943
0.076566125
0.059572249
0.039902755
0.016853369
0.13520306
0.1344438
0.13300354
0.13116765
0.12898441
0.12625444
0.12261291
0.11763167
0.11088806
0.10199751
0.090627541
0.076516078
0.059532808
0.0398841
0.01685493
0.13580854
0.13502844
0.1335382
0.13162418
0.12934338
0.12650988
0.12277125
0.1177077
0.11090089
0.10196783
0.090575838
0.076461368
0.059490926
0.039864592
0.016856347
0.13637586
0.1355758
0.13403776
0.13204901
0.12967473
0.12674187
0.12291005
0.11776773
0.110901
0.10192844
0.090517232
0.076402285
0.059446783
0.039844308
0.016857624
0.13690633
0.13608715
0.13450341
0.13244318
0.12997935
0.12695119
0.12303001
0.11781242
0.11088894
0.10187983
0.09045212
0.076339122
0.05940056
0.039823325
0.016858766
0.13740121
0.13656373
0.13493629
0.13280772
0.13025816
0.12713866
0.12313186
0.11784242
0.1108653
0.1018225
0.090380899
0.07627217
0.059352438
0.039801721
0.016859774
0.13786176
0.13700677
0.13533756
0.13314366
0.13051207
0.12730507
0.1232163
0.11785835
0.11083065
0.10175693
0.090303963
0.076201717
0.059302596
0.039779571
0.016860655
0.13828924
0.13741748
0.13570837
0.13345204
0.13074198
0.12745122
0.12328406
0.11786088
0.11078554
0.1016836
0.090221704
0.076128052
0.05925121
0.03975695
0.016861411
0.13868485
0.13779707
0.13604982
0.13373387
0.13094878
0.1275779
0.12333584
0.11785062
0.11073055
0.101603
0.090134509
0.076051456
0.059198454
0.039733931
0.016862049
0.13904982
0.1381467
0.13636304
0.13399014
0.13113337
0.1276859
0.12337233
0.1178282
0.11066622
0.10151561
0.09004276
0.07597221
0.059144498
0.039710583
0.016862571
0.13938532
0.13846754
0.13664911
0.13422185
0.13129661
0.12777598
0.12339423
0.11779424
0.1105931
0.10142187
0.08994683
0.075890584
0.059089509
0.039686977
0.016862983
0.13969251
0.13876073
0.1369091
0.13442997
0.13143938
0.12784892
0.12340222
0.11774934
0.11051173
0.10132226
0.089847088
0.075806847
0.059033648
0.039663177
0.016863289
0.13997254
0.13902737
0.13714407
0.13461547
0.13156252
0.12790546
0.12339697
0.11769412
0.11042263
0.10121722
0.08974389
0.075721257
0.058977071
0.039639246
0.016863495
0.14022651
0.13926856
0.13735505
0.13477927
0.13166688
0.12794636
0.12337914
0.11762914
0.11032631
0.10110718
0.089637586
0.075634066
0.05891993
0.039615245
0.016863605
0.14045552
0.13948537
0.13754304
0.13492232
0.13175328
0.12797235
0.12334938
0.11755499
0.11022327
0.10099258
0.089528516
0.075545518
0.058862368
0.039591231
0.016863624
0.14066063
0.13967883
0.13770905
0.1350455
0.13182253
0.12798413
0.12330832
0.11747222
0.11011402
0.10087381
0.089417009
0.075455849
0.058804525
0.039567259
0.016863557
0.14084289
0.13984998
0.13785404
0.13514972
0.13187542
0.12798241
0.12325658
0.11738139
0.10999902
0.1007513
0.089303382
0.075365283
0.058746533
0.03954338
0.016863408
0.14100331
0.13999981
0.13797894
0.13523583
0.13191273
0.12796789
0.12319477
0.11728303
0.10987873
0.10062542
0.089187943
0.075274038
0.058688519
0.039519642
0.016863183
0.14114288
0.14012928
0.13808469
0.13530469
0.13193522
0.12794122
0.12312349
0.11717766
0.10975362
0.10049656
0.089070988
0.075182323
0.058630601
0.03949609
0.016862885
0.14126256
0.14023934
0.13817218
0.13535712
0.13194363
0.12790307
0.12304332
0.11706579
0.10962412
0.10036507
0.0889528
0.075090334
0.058572893
0.039472765
0.016862519
0.1413633
0.14033091
0.13824229
0.13539392
0.13193869
0.12785408
0.1229548
0.11694791
0.10949065
0.10023132
0.088833652
0.074998261
0.058515502
0.039449708
0.01686209
0.141446
0.14040489
0.13829586
0.13541588
0.13192109
0.12779487
0.12285851
0.1168245
0.10935362
0.10009563
0.088713805
0.074906282
0.058458526
0.039426952
0.016861602
0.14151156
0.14046215
0.13833373
0.13542377
0.13189153
0.12772605
0.12275495
0.11669602
0.10921342
0.099958329
0.088593506
0.074814567
0.058402059
0.039404532
0.016861059
0.14156083
0.14050353
0.1383567
0.13541832
0.13185066
0.12764821
0.12264467
0.11656293
0.10907044
0.099819732
0.088472992
0.074723274
0.058346187
0.039382478
0.016860465
0.14159465
0.14052984
0.13836556
0.13540027
0.13179915
0.12756192
0.12252815
0.11642565
0.10892505
0.099680135
0.088352488
0.074632555
0.058290992
0.039360815
0.016859825
0.14161383
0.14054189
0.13836105
0.1353703
0.13173762
0.12746774
0.12240588
0.1162846
0.10877758
0.099539821
0.088232206
0.074542549
0.058236547
0.039339569
0.016859141
0.14161915
0.14054045
0.13834392
0.1353291
0.13166668
0.12736621
0.12227833
0.11614018
0.1086284
0.099399061
0.088112349
0.074453387
0.058182917
0.039318741
0.016858419
0.14161138
0.14052626
0.13831488
0.13527734
0.13158693
0.12725785
0.12214596
0.11599279
0.10847781
0.099258113
0.087993104
0.074365186
0.05813014
0.039298216
0.01685766
0.14159125
0.14050004
0.13827461
0.13521563
0.13149894
0.12714317
0.1220092
0.1158428
0.10832612
0.099117221
0.087874646
0.074278054
0.058078265
0.039278045
0.016856868
0.14155947
0.1404625
0.13822378
0.13514462
0.13140327
0.12702266
0.12186848
0.11569057
0.10817364
0.098976615
0.08775714
0.074192091
0.058027342
0.039258278
0.016856046
0.14151674
0.14041431
0.13816305
0.13506488
0.13130045
0.12689678
0.12172421
0.11553644
0.10802064
0.098836511
0.087640737
0.074107368
0.057977287
0.039238975
0.016855195
0.14146372
0.14035612
0.13809303
0.134977
0.131191
0.12676601
0.12157678
0.11538074
0.10786739
0.098697114
0.087525573
0.074023963
0.057928168
0.039220148
0.016854319
0.14140104
0.14028855
0.13801432
0.13488154
0.13107544
0.12663078
0.12142657
0.1152238
0.10771415
0.098558616
0.08741178
0.073941956
0.057880065
0.039201804
0.01685342
0.14132933
0.14021223
0.1379275
0.13477904
0.13095423
0.1264915
0.12127393
0.11506589
0.10756115
0.098421191
0.087299463
0.073861325
0.057833066
0.039183959
0.016852501
0.14124919
0.14012774
0.13783315
0.13467002
0.13082785
0.1263486
0.12111922
0.11490733
0.10740862
0.098285005
0.087188721
0.073782136
0.057787206
0.039166625
0.016851565
0.14116119
0.14003564
0.13773179
0.13455497
0.13069675
0.12620246
0.12096278
0.11474838
0.10725677
0.098150211
0.087079663
0.073704495
0.057742503
0.039149811
0.016850616
0.14106588
0.13993647
0.13762394
0.13443437
0.13056136
0.12605346
0.12080491
0.11458929
0.10710581
0.098016938
0.086972297
0.073628518
0.057698978
0.039133524
0.016849655
0.14096381
0.13983077
0.13751012
0.13430871
0.1304221
0.12590197
0.12064592
0.11443031
0.10695591
0.097885313
0.086866722
0.073554259
0.057656652
0.03911777
0.016848684
0.14085548
0.13971903
0.13739079
0.13417841
0.13027936
0.12574832
0.12048611
0.11427168
0.10680725
0.097755464
0.086763063
0.073481751
0.057615537
0.039102552
0.016847708
0.14074139
0.13960173
0.13726643
0.13404391
0.13013354
0.12559285
0.12032575
0.11411362
0.10665998
0.097627406
0.086661462
0.073411034
0.057575646
0.039087874
0.016846727
0.140622
0.13947936
0.13713748
0.13390562
0.129985
0.12543588
0.12016509
0.11395631
0.10651425
0.097501302
0.086561976
0.073342137
0.057536989
0.039073736
0.016845744
0.14049779
0.13935235
0.13700436
0.13376394
0.12983409
0.12527771
0.12000439
0.11379996
0.10637016
0.097377305
0.086464662
0.073275085
0.057499572
0.039060138
0.016844761
0.14036918
0.13922113
0.1368675
0.13361925
0.12968114
0.12511862
0.11984388
0.11364473
0.10622783
0.097255537
0.086369574
0.073209898
0.057463398
0.039047076
0.01684378
0.1402366
0.13908611
0.13672727
0.1334719
0.12952649
0.1249589
0.11968377
0.11349077
0.10608743
0.09713608
0.086276756
0.073146594
0.057428468
0.039034547
0.016842801
0.14010044
0.1389477
0.13658405
0.13332225
0.12937044
0.12479879
0.11952426
0.11333821
0.10594914
0.097019012
0.086186248
0.073085184
0.05739478
0.039022548
0.016841828
0.13996109
0.13880626
0.13643822
0.13317062
0.12921327
0.12463853
0.11936554
0.11318725
0.10581306
0.096904401
0.086098081
0.073025676
0.057362329
0.039011072
0.016840861
0.13981892
0.13866215
0.1362901
0.13301734
0.12905527
0.12447835
0.11920775
0.11303808
0.1056793
0.09679231
0.086012284
0.072968076
0.057331109
0.039000113
0.016839902
0.13967429
0.13851573
0.13614003
0.13286269
0.12889668
0.12431844
0.11905113
0.11289084
0.10554795
0.09668279
0.085928878
0.072912382
0.057301111
0.038989663
0.016838952
0.13952752
0.13836732
0.13598831
0.13270696
0.12873774
0.12415901
0.11889587
0.11274565
0.1054191
0.09657589
0.085847879
0.072858592
0.057272323
0.038979714
0.016838012
0.13937893
0.13821723
0.13583525
0.13255042
0.12857866
0.1240003
0.11874215
0.11260266
0.10529283
0.096471649
0.085769298
0.0728067
0.057244734
0.038970259
0.016837083
0.13922884
0.13806576
0.13568111
0.13239328
0.12841972
0.12384252
0.11859011
0.11246195
0.10516921
0.096370101
0.085693143
0.072756695
0.057218329
0.038961287
0.016836166
0.13907751
0.13791317
0.13552614
0.13223582
0.12826112
0.12368585
0.11843992
0.11232365
0.1050483
0.096271273
0.085619414
0.072708566
0.057193091
0.038952788
0.016835263
0.13892522
0.13775973
0.13537061
0.13207828
0.1281031
0.12353048
0.11829169
0.11218784
0.10493015
0.096175187
0.085548109
0.072662296
0.057169005
0.038944753
0.016834373
0.13877222
0.1376057
0.13521477
0.1319209
0.12794586
0.12337658
0.11814557
0.1120546
0.10481481
0.096081858
0.085479223
0.072617868
0.057146051
0.038937171
0.016833498
0.13861876
0.13745131
0.13505885
0.13176389
0.12778959
0.1232243
0.11800167
0.11192402
0.10470232
0.095991297
0.085412745
0.072575261
0.057124209
0.038930031
0.016832639
0.13846507
0.13729681
0.13490309
0.13160748
0.12763447
0.12307379
0.1178601
0.11179617
0.10459272
0.09590351
0.085348661
0.072534454
0.057103459
0.038923322
0.016831795
0.13831139
0.13714242
0.1347477
0.13145185
0.12748068
0.12292518
0.11772095
0.1116711
0.10448603
0.095818496
0.085286954
0.072495421
0.057083779
0.038917033
0.016830968
0.13815793
0.13698836
0.13459288
0.13129719
0.12732838
0.12277861
0.11758431
0.11154886
0.10438227
0.095736254
0.085227605
0.072458137
0.057065148
0.038911152
0.016830158
0.1380049
0.13683484
0.13443884
0.13114369
0.12717771
0.12263418
0.11745027
0.11142952
0.10428147
0.095656773
0.085170589
0.072422572
0.057047541
0.038905668
0.016829365
0.1378525
0.13668203
0.13428575
0.1309915
0.12702881
0.12249202
0.11731891
0.1113131
0.10418362
0.095580043
0.085115881
0.072388699
0.057030935
0.038900569
0.01682859
0.13770092
0.13653014
0.13413379
0.13084079
0.12688183
0.12235222
0.11719028
0.11119963
0.10408874
0.095506047
0.085063453
0.072356486
0.057015306
0.038895844
0.016827833
0.13755033
0.13637933
0.13398312
0.1306917
0.12673688
0.12221487
0.11706446
0.11108916
0.10399683
0.095434766
0.085013274
0.072325902
0.05700063
0.03889148
0.016827094
0.1374009
0.13622977
0.1338339
0.13054436
0.12659407
0.12208006
0.11694148
0.1109817
0.10390788
0.095366176
0.084965311
0.072296912
0.056986881
0.038887466
0.016826374
0.13725279
0.13608161
0.13368628
0.13039892
0.12645351
0.12194785
0.1168214
0.11087726
0.10382189
0.095300253
0.08491953
0.072269482
0.056974034
0.03888379
0.016825673
0.13710615
0.13593499
0.13354038
0.13025548
0.12631529
0.12181834
0.11670425
0.11077587
0.10373884
0.095236966
0.084875893
0.072243579
0.056962064
0.03888044
0.01682499
0.13696112
0.13579006
0.13339634
0.13011415
0.12617951
0.12169156
0.11659008
0.11067751
0.10365871
0.095176285
0.084834363
0.072219166
0.056950946
0.038877406
0.016824326
0.13681783
0.13564694
0.13325428
0.12997505
0.12604625
0.12156758
0.1164789
0.1105822
0.10358149
0.095118174
0.084794901
0.072196208
0.056940653
0.038874676
0.016823682
0.13667639
0.13550575
0.13311429
0.12983826
0.12591557
0.12144645
0.11637074
0.11048993
0.10350715
0.095062598
0.084757464
0.072174666
0.056931161
0.038872237
0.016823056
0.13653694
0.1353666
0.13297649
0.12970387
0.12578755
0.12132821
0.11626561
0.1104007
0.10343567
0.095009518
0.084722011
0.072154504
0.056922443
0.03887008
0.01682245
0.13639957
0.13522959
0.13284097
0.12957196
0.12566224
0.1212129
0.11616352
0.11031448
0.10336701
0.094958893
0.0846885
0.072135685
0.056914474
0.038868193
0.016821862
0.13626437
0.13509482
0.13270781
0.1294426
0.1255397
0.12110053
0.11606449
0.11023128
0.10330114
0.094910681
0.084656884
0.07211817
0.056907229
0.038866565
0.016821294
0.13613145
0.13496237
0.1325771
0.12931587
0.12541998
0.12099115
0.11596851
0.11015105
0.10323804
0.094864837
0.084627121
0.072101922
0.056900682
0.038865186
0.016820744
0.13600087
0.13483233
0.1324489
0.12919181
0.12530311
0.12088476
0.11587557
0.11007379
0.10317765
0.094821316
0.084599164
0.072086903
0.056894808
0.038864044
0.016820213
0.13587273
0.13470475
0.13232328
0.12907048
0.12518913
0.12078139
0.11578568
0.10999947
0.10311994
0.094780071
0.084572968
0.072073075
0.056889583
0.03886313
0.016819701
0.13574708
0.13457972
0.1322003
0.12895192
0.12507807
0.12068103
0.11569882
0.10992805
0.10306486
0.094741054
0.084548485
0.0720604
0.056884982
0.038862433
0.016819207
0.13562399
0.13445729
0.13208001
0.12883618
0.12496995
0.1205837
0.11561497
0.10985951
0.10301238
0.094704215
0.084525669
0.07204884
0.056880981
0.038861944
0.016818732
0.13550351
0.13433752
0.13196246
0.12872329
0.1248648
0.1204894
0.11553411
0.10979381
0.10296245
0.094669505
0.084504473
0.072038358
0.056877556
0.038861652
0.016818274
0.1353857
0.13422044
0.13184769
0.12861328
0.12476261
0.12039811
0.11545623
0.10973091
0.10291501
0.094636873
0.08448485
0.072028916
0.056874683
0.038861549
0.016817835
0.13527059
0.1341061
0.13173572
0.12850617
0.12466341
0.12030983
0.11538129
0.10967077
0.10287003
0.094606267
0.084466753
0.072020477
0.056872339
0.038861624
0.016817413
0.13515823
0.13399454
0.1316266
0.12840198
0.1245672
0.12022456
0.11530927
0.10961335
0.10282744
0.094577634
0.084450133
0.072013004
0.056870502
0.038861869
0.016817008
0.13504865
0.13388579
0.13152034
0.12830073
0.12447397
0.12014226
0.11524013
0.1095586
0.10278721
0.094550924
0.084434946
0.072006462
0.056869148
0.038862274
0.016816621
0.13494187
0.13377987
0.13141697
0.12820242
0.12438372
0.12006292
0.11517385
0.10950649
0.10274927
0.094526082
0.084421142
0.072000814
0.056868257
0.038862832
0.01681625
0.13483792
0.13367679
0.13131649
0.12810705
0.12429645
0.11998653
0.11511038
0.10945695
0.10271357
0.094503056
0.084408676
0.071996025
0.056867806
0.038863533
0.016815897
0.13473681
0.13357659
0.13121891
0.12801463
0.12421214
0.11991305
0.11504968
0.10940995
0.10268006
0.094481793
0.084397502
0.07199206
0.056867774
0.03886437
0.016815559
0.13463856
0.13347925
0.13112425
0.12792516
0.12413077
0.11984245
0.11499172
0.10936543
0.10264868
0.094462239
0.084387572
0.071988884
0.056868141
0.038865334
0.016815238
0.13454317
0.1333848
0.1310325
0.12783862
0.12405233
0.1197747
0.11493645
0.10932335
0.10261938
0.094444342
0.084378842
0.071986463
0.056868886
0.038866418
0.016814932
0.13445065
0.13329324
0.13094366
0.12775501
0.12397679
0.11970977
0.11488382
0.10928363
0.10259211
0.094428047
0.084371267
0.071984765
0.05686999
0.038867614
0.016814642
0.134361
0.13320455
0.13085772
0.1276743
0.12390413
0.11964762
0.11483379
0.10924625
0.1025668
0.094413303
0.084364801
0.071983757
0.056871433
0.038868915
0.016814366
0.13427421
0.13311874
0.13077467
0.12759649
0.12383432
0.11958821
0.11478631
0.10921113
0.1025434
0.094400057
0.084359401
0.071983405
0.056873197
0.038870313
0.016814106
0.13419027
0.13303579
0.13069449
0.12752154
0.12376732
0.1195315
0.11474133
0.10917822
0.10252186
0.094388255
0.084355023
0.07198368
0.056875263
0.038871803
0.01681386
0.13410918
0.13295569
0.13061717
0.12744944
0.12370311
0.11947744
0.11469879
0.10914747
0.10250211
0.094377847
0.084351623
0.071984549
0.056877614
0.038873377
0.016813628
0.13403091
0.13287843
0.13054269
0.12738016
0.12364165
0.119426
0.11465865
0.10911882
0.1024841
0.094368782
0.084349161
0.071985982
0.056880231
0.038875028
0.01681341
0.13395545
0.13280398
0.13047102
0.12731366
0.12358289
0.11937712
0.11462085
0.10909221
0.10246778
0.094361006
0.084347593
0.071987951
0.056883098
0.038876751
0.016813205
0.13388278
0.13273232
0.13040214
0.12724991
0.12352681
0.11933076
0.11458533
0.10906758
0.10245309
0.094354472
0.08434688
0.071990426
0.056886198
0.03887854
0.016813013
0.13381288
0.13266343
0.13033602
0.12718888
0.12347335
0.11928686
0.11455205
0.10904489
0.10243996
0.094349127
0.08434698
0.071993378
0.056889516
0.038880387
0.016812834
0.13374571
0.13259727
0.13027261
0.12713053
0.12342247
0.11924537
0.11452094
0.10902406
0.10242836
0.094344924
0.084347855
0.071996781
0.056893036
0.038882289
0.016812668
0.13368124
0.13253381
0.1302119
0.12707481
0.12337413
0.11920625
0.11449195
0.10900505
0.10241821
0.094341814
0.084349465
0.072000606
0.056896743
0.03888424
0.016812513
0.13361946
0.13247303
0.13015384
0.1270217
0.12332827
0.11916944
0.11446502
0.10898778
0.10240948
0.094339748
0.084351773
0.072004829
0.056900622
0.038886233
0.016812371
0.13356031
0.13241489
0.1300984
0.12697114
0.12328485
0.11913488
0.11444009
0.10897222
0.10240209
0.09433868
0.084354742
0.072009423
0.056904659
0.038888265
0.016812239
0.13350376
0.13235934
0.13004553
0.12692309
0.12324382
0.11910252
0.11441711
0.10895829
0.102396
0.094338564
0.084358335
0.072014363
0.05690884
0.03889033
0.016812118
0.13344978
0.13230635
0.12999519
0.12687751
0.12320513
0.11907231
0.11439601
0.10894595
0.10239116
0.094339354
0.084362517
0.072019627
0.056913153
0.038892424
0.016812008
0.13339832
0.13225588
0.12994733
0.12683434
0.12316873
0.11904418
0.11437675
0.10893513
0.10238752
0.094341005
0.084367254
0.072025189
0.056917584
0.038894542
0.016811909
0.13334935
0.13220788
0.12990192
0.12679354
0.12313455
0.11901808
0.11435926
0.10892577
0.10238501
0.094343474
0.084372512
0.072031029
0.056922121
0.03889668
0.016811819
0.13330281
0.13216231
0.12985891
0.12675505
0.12310255
0.11899396
0.11434348
0.10891784
0.1023836
0.094346718
0.084378257
0.072037123
0.056926754
0.038898834
0.016811739
0.13325867
0.13211913
0.12981824
0.12671883
0.12307268
0.11897176
0.11432936
0.10891125
0.10238323
0.094350695
0.084384459
0.07204345
0.056931469
0.038901
0.016811668
0.13321688
0.13207828
0.12977986
0.12668482
0.12304487
0.11895142
0.11431684
0.10890598
0.10238385
0.094355365
0.084391087
0.072049991
0.056936257
0.038903174
0.016811606
0.13317738
0.13203972
0.12974374
0.12665297
0.12301908
0.11893288
0.11430586
0.10890195
0.10238542
0.094360688
0.08439811
0.072056725
0.056941106
0.038905353
0.016811553
0.13314014
0.13200339
0.12970981
0.12662323
0.12299524
0.11891609
0.11429637
0.10889912
0.10238788
0.094366624
0.084405498
0.072063633
0.056946008
0.038907534
0.016811508
0.1331051
0.13196926
0.12967802
0.12659553
0.12297331
0.11890099
0.11428831
0.10889743
0.1023912
0.094373137
0.084413225
0.072070697
0.056950952
0.038909713
0.01681147
0.13307221
0.13193726
0.12964833
0.12656984
0.12295321
0.11888752
0.11428163
0.10889684
0.10239532
0.094380187
0.084421261
0.072077898
0.056955929
0.038911886
0.016811441
0.13304142
0.13190734
0.12962067
0.12654609
0.12293491
0.11887562
0.11427626
0.10889728
0.10240021
0.094387741
0.084429581
0.072085221
0.05696093
0.038914053
0.016811419
0.13301267
0.13187946
0.129595
0.12652422
0.12291833
0.11886525
0.11427217
0.10889872
0.10240581
0.094395761
0.084438159
0.072092647
0.056965947
0.038916208
0.016811403
0.13298592
0.13185355
0.12957125
0.12650419
0.12290343
0.11885633
0.11426928
0.1089011
0.10241209
0.094404216
0.08444697
0.072100162
0.056970971
0.038918351
0.016811395
0.13296111
0.13182957
0.12954938
0.12648593
0.12289015
0.11884883
0.11426755
0.10890437
0.102419
0.09441307
0.08445599
0.072107751
0.056975995
0.038920477
0.016811393
0.13293819
0.13180746
0.12952933
0.12646939
0.12287843
0.11884268
0.11426693
0.1089085
0.10242651
0.094422292
0.084465194
0.072115397
0.056981012
0.038922586
0.016811396
0.1329171
0.13178716
0.12951105
0.12645451
0.12286822
0.11883783
0.11426737
0.10891342
0.10243457
0.094431852
0.084474562
0.072123087
0.056986014
0.038924674
0.016811406
0.1328978
0.13176863
0.12949447
0.12644124
0.12285946
0.11883422
0.11426881
0.1089191
0.10244315
0.094441717
0.084484071
0.072130809
0.056990995
0.038926741
0.016811421
0.13288021
0.1317518
0.12947955
0.12642953
0.12285209
0.1188318
0.11427121
0.10892548
0.10245221
0.09445186
0.0844937
0.072138548
0.056995949
0.038928782
0.016811442
0.1328643
0.13173663
0.12946622
0.12641931
0.12284606
0.11883052
0.11427451
0.10893254
0.10246171
0.094462252
0.08450343
0.072146293
0.057000868
0.038930798
0.016811467
0.13285001
0.13172305
0.12945444
0.12641053
0.12284132
0.11883032
0.11427867
0.10894022
0.10247161
0.094472865
0.08451324
0.072154031
0.057005749
0.038932785
0.016811497
0.13283727
0.13171101
0.12944415
0.12640314
0.12283781
0.11883116
0.11428365
0.10894849
0.10248189
0.094483673
0.084523113
0.072161752
0.057010585
0.038934743
0.016811532
0.13282605
0.13170047
0.12943529
0.12639708
0.12283549
0.11883299
0.11428939
0.1089573
0.10249251
0.094494651
0.084533031
0.072169445
0.057015371
0.03893667
0.01681157
0.13281628
0.13169136
0.12942782
0.12639231
0.12283429
0.11883575
0.11429585
0.10896661
0.10250344
0.094505774
0.084542977
0.0721771
0.057020103
0.038938565
0.016811613
0.13280791
0.13168363
0.12942167
0.12638876
0.12283417
0.1188394
0.11430298
0.1089764
0.10251465
0.09451702
0.084552935
0.072184707
0.057024776
0.038940426
0.016811659
0.13280089
0.13167723
0.1294168
0.12638639
0.12283508
0.11884389
0.11431076
0.10898661
0.1025261
0.094528364
0.08456289
0.072192257
0.057029386
0.038942252
0.016811708
0.13279517
0.13167211
0.12941315
0.12638514
0.12283697
0.11884918
0.11431912
0.10899722
0.10253777
0.094539787
0.084572827
0.072199743
0.057033929
0.038944042
0.016811761
0.13279069
0.13166822
0.12941067
0.12638496
0.12283978
0.11885521
0.11432804
0.10900819
0.10254963
0.094551267
0.084582732
0.072207156
0.057038402
0.038945796
0.016811817
0.13278741
0.1316655
0.12940932
0.12638581
0.12284348
0.11886196
0.11433748
0.10901949
0.10256166
0.094562785
0.084592593
0.072214488
0.057042802
0.038947512
0.016811875
0.13278527
0.1316639
0.12940903
0.12638763
0.12284801
0.11886936
0.11434739
0.10903108
0.10257383
0.094574323
0.084602396
0.072221733
0.057047125
0.038949181
0.016811936
0.13278423
0.13166338
0.12940977
0.12639038
0.12285333
0.11887738
0.11435773
0.10904294
0.10258611
0.094585861
0.084612131
0.072228884
0.057051366
0.038950801
0.016811999
0.13278423
0.13166388
0.12941148
0.12639401
0.1228594
0.11888599
0.11436848
0.10905503
0.10259848
0.094597384
0.084621787
0.072235934
0.057055524
0.038952373
0.016812065
0.13278523
0.13166536
0.12941411
0.12639848
0.12286616
0.11889513
0.1143796
0.10906733
0.10261092
0.094608876
0.084631352
0.072242878
0.057059592
0.038953901
0.016812132
0.13278717
0.13166777
0.12941763
0.12640373
0.12287359
0.11890477
0.11439106
0.1090798
0.10262341
0.09462032
0.084640816
0.072249708
0.057063562
0.038955387
0.0168122
0.13279002
0.13167106
0.12942197
0.12640972
0.12288163
0.11891488
0.11440281
0.10909243
0.10263593
0.094631702
0.084650171
0.07225642
0.057067436
0.03895683
0.01681227
0.13279372
0.13167519
0.1294271
0.12641642
0.12289025
0.11892541
0.11441484
0.10910519
0.10264845
0.094643008
0.084659407
0.07226301
0.057071215
0.03895823
0.016812341
0.13279822
0.1316801
0.12943298
0.12642376
0.1228994
0.11893634
0.11442711
0.10911804
0.10266096
0.094654225
0.084668514
0.072269463
0.057074903
0.038959587
0.016812413
0.13280349
0.13168576
0.12943955
0.12643173
0.12290905
0.11894762
0.11443958
0.10913097
0.10267344
0.094665339
0.084677484
0.072275779
0.057078498
0.038960902
0.016812486
0.13280948
0.13169212
0.12944677
0.12644026
0.12291915
0.11895922
0.11445224
0.10914395
0.10268587
0.094676338
0.08468631
0.072281958
0.057081998
0.038962176
0.01681256
0.13281614
0.13169914
0.1294546
0.12644933
0.12292967
0.11897111
0.11446504
0.10915697
0.10269824
0.094687208
0.084694978
0.072288
0.057085402
0.038963408
0.016812634
0.13282343
0.13170677
0.12946301
0.12645889
0.12294058
0.11898325
0.11447798
0.10916999
0.10271052
0.094697938
0.084703482
0.072293904
0.057088711
0.038964599
0.016812709
0.13283132
0.13171498
0.12947194
0.1264689
0.12295184
0.11899561
0.11449101
0.10918299
0.1027227
0.094708518
0.084711819
0.072299666
0.057091923
0.03896575
0.016812785
0.13283975
0.13172371
0.12948136
0.12647932
0.1229634
0.11900817
0.11450411
0.10919597
0.10273477
0.09471893
0.084719988
0.072305283
0.057095038
0.038966859
0.01681286
0.13284869
0.13173294
0.12949124
0.12649013
0.12297525
0.11902089
0.11451726
0.10920888
0.10274671
0.094729167
0.084727984
0.072310753
0.057098055
0.038967928
0.016812936
0.1328581
0.13174263
0.12950152
0.12650128
0.12298734
0.11903375
0.11453043
0.10922173
0.1027585
0.094739223
0.084735802
0.072316075
0.057100974
0.038968957
0.016813012
0.13286795
0.13175274
0.12951219
0.12651274
0.12299965
0.11904672
0.1145436
0.10923448
0.10277013
0.094749096
0.084743438
0.072321246
0.057103796
0.038969946
0.016813088
0.13287821
0.13176323
0.12952321
0.12652448
0.12301215
0.11905976
0.11455676
0.10924713
0.1027816
0.094758777
0.084750889
0.072326265
0.057106519
0.038970896
0.016813163
0.13288883
0.13177407
0.12953453
0.12653646
0.1230248
0.11907287
0.11456987
0.10925965
0.10279288
0.094768261
0.084758151
0.072331133
0.057109145
0.038971805
0.016813239
0.13289979
0.13178524
0.12954615
0.12654867
0.1230376
0.11908601
0.11458292
0.10927203
0.10280399
0.094777543
0.084765222
0.072335847
0.057111673
0.038972676
0.016813313
0.13291106
0.13179671
0.12955801
0.12656107
0.1230505
0.11909917
0.1145959
0.10928426
0.1028149
0.09478662
0.084772102
0.072340409
0.057114106
0.038973508
0.016813387
0.13292262
0.13180844
0.12957011
0.12657364
0.12306348
0.11911233
0.11460878
0.10929634
0.10282562
0.094795487
0.08477879
0.07234482
0.057116443
0.038974302
0.016813461
0.13293442
0.1318204
0.12958241
0.12658635
0.12307654
0.11912545
0.11462156
0.10930826
0.10283613
0.094804144
0.084785286
0.072349082
0.057118688
0.038975059
0.016813534
0.13294646
0.13183259
0.12959489
0.12659918
0.12308963
0.11913854
0.11463423
0.10932
0.10284644
0.09481259
0.084791591
0.072353196
0.057120842
0.03897578
0.016813606
0.1329587
0.13184496
0.12960752
0.12661211
0.12310275
0.11915158
0.11464678
0.10933157
0.10285655
0.094820825
0.084797707
0.072357165
0.057122906
0.038976466
0.016813677
0.13297112
0.13185749
0.12962029
0.12662512
0.12311588
0.11916456
0.1146592
0.10934296
0.10286644
0.094828848
0.084803637
0.072360993
0.057124885
0.038977119
0.016813748
0.13298369
0.13187017
0.12963315
0.12663818
0.123129
0.11917745
0.11467147
0.10935415
0.10287612
0.094836662
0.084809383
0.072364682
0.05712678
0.038977741
0.016813817
0.13299638
0.13188295
0.1296461
0.12665128
0.12314209
0.11919026
0.1146836
0.10936516
0.10288559
0.094844267
0.084814947
0.072368235
0.057128595
0.038978331
0.016813886
0.13300917
0.13189582
0.12965911
0.12666439
0.12315515
0.11920296
0.11469557
0.10937597
0.10289485
0.094851663
0.084820333
0.072371657
0.057130331
0.038978893
0.016813954
0.13302202
0.13190875
0.12967215
0.12667749
0.12316814
0.11921555
0.11470737
0.10938658
0.10290388
0.094858853
0.084825542
0.072374948
0.057131992
0.038979427
0.01681402
0.13303492
0.13192171
0.12968521
0.12669057
0.12318105
0.11922801
0.11471899
0.10939698
0.1029127
0.094865834
0.084830577
0.072378113
0.05713358
0.038979934
0.016814086
0.13304782
0.13193467
0.12969824
0.12670359
0.12319387
0.11924031
0.11473043
0.10940716
0.1029213
0.094872608
0.084835437
0.072381152
0.057135096
0.038980416
0.016814151
0.13306071
0.1319476
0.12971123
0.12671654
0.12320657
0.11925246
0.11474166
0.10941712
0.10292967
0.094879172
0.084840124
0.072384066
0.05713654
0.038980873
0.016814215
0.13307354
0.13196048
0.12972415
0.12672939
0.12321913
0.11926443
0.11475268
0.10942684
0.1029378
0.094885523
0.084844635
0.072386856
0.057137915
0.038981306
0.016814278
0.13308631
0.13197329
0.12973697
0.12674211
0.12323153
0.1192762
0.11476348
0.10943633
0.1029457
0.094891658
0.08484897
0.072389521
0.057139218
0.038981713
0.016814341
0.13309897
0.13198599
0.12974968
0.1267547
0.12324376
0.11928776
0.11477404
0.10944556
0.10295335
0.094897573
0.084853127
0.07239206
0.057140451
0.038982096
0.016814401
0.13311151
0.13199856
0.12976224
0.12676711
0.12325579
0.1192991
0.11478435
0.10945454
0.10296076
0.094903265
0.084857102
0.07239447
0.05714161
0.038982452
0.016814461
0.13312391
0.13201098
0.12977464
0.12677934
0.1232676
0.11931019
0.11479439
0.10946325
0.1029679
0.094908728
0.084860894
0.072396751
0.057142696
0.038982782
0.01681452
0.13313615
0.13202324
0.12978687
0.12679137
0.12327919
0.11932103
0.11480417
0.10947168
0.10297478
0.094913959
0.0848645
0.0723989
0.057143707
0.038983084
0.016814577
0.13314822
0.13203533
0.1297989
0.12680319
0.12329053
0.1193316
0.11481366
0.10947983
0.1029814
0.094918957
0.084867917
0.072400918
0.057144642
0.038983357
0.016814632
0.13316013
0.13204723
0.12981074
0.12681478
0.12330163
0.1193419
0.11482287
0.10948769
0.10298775
0.09492372
0.084871147
0.072402802
0.0571455
0.038983602
0.016814686
0.13317185
0.13205896
0.12982237
0.12682615
0.12331248
0.11935193
0.11483179
0.10949527
0.10299383
0.094928248
0.084874191
0.072404554
0.057146281
0.038983816
0.016814738
0.13318341
0.13207049
0.1298338
0.1268373
0.12332307
0.11936168
0.11484042
0.10950256
0.10299964
0.094932546
0.08487705
0.072406177
0.057146988
0.038984002
0.016814788
0.1331948
0.13208186
0.12984504
0.12684822
0.12333342
0.11937116
0.11484877
0.10950958
0.1030052
0.09493662
0.08487973
0.072407674
0.05714762
0.038984158
0.016814836
0.13320604
0.13209305
0.12985609
0.12685893
0.12334353
0.11938038
0.11485685
0.10951632
0.1030105
0.094940476
0.084882239
0.07240905
0.057148183
0.038984286
0.016814883
0.13321714
0.13210409
0.12986696
0.12686944
0.12335341
0.11938936
0.11486467
0.10952281
0.10301557
0.094944126
0.084884586
0.072410313
0.057148681
0.038984389
0.016814927
0.1332281
0.13211499
0.12987767
0.12687975
0.12336307
0.11939809
0.11487225
0.10952906
0.10302041
0.094947583
0.08488678
0.072411472
0.057149119
0.038984468
0.016814969
0.13323894
0.13212575
0.12988822
0.12688989
0.12337253
0.11940661
0.11487959
0.10953508
0.10302504
0.09495086
0.084888836
0.072412535
0.057149505
0.038984528
0.01681501
0.13324967
0.13213639
0.12989863
0.12689986
0.1233818
0.11941491
0.11488671
0.10954088
0.10302948
0.094953973
0.084890765
0.072413514
0.057149844
0.03898457
0.016815049
0.13326029
0.1321469
0.1299089
0.12690967
0.12339089
0.11942302
0.11489364
0.10954649
0.10303374
0.094956936
0.084892581
0.07241442
0.057150144
0.038984599
0.016815087
0.13327079
0.1321573
0.12991904
0.12691934
0.12339981
0.11943095
0.11490038
0.10955192
0.10303784
0.094959765
0.084894297
0.072415261
0.057150414
0.038984619
0.016815123
0.13328116
0.13216757
0.12992905
0.12692885
0.12340857
0.11943871
0.11490694
0.10955719
0.10304178
0.09496247
0.084895925
0.072416049
0.057150659
0.038984632
0.016815158
0.1332914
0.1321777
0.12993891
0.12693821
0.12341717
0.11944629
0.11491333
0.10956229
0.10304559
0.094965064
0.084897472
0.07241679
0.057150885
0.038984643
0.016815192
0.13330148
0.13218767
0.12994861
0.12694741
0.1234256
0.11945371
0.11491956
0.10956724
0.10304926
0.094967552
0.084898947
0.072417491
0.057151097
0.038984654
0.016815226
0.13331137
0.13219746
0.12995813
0.12695643
0.12343385
0.11946095
0.11492561
0.10957203
0.1030528
0.094969939
0.084900354
0.072418155
0.057151297
0.038984666
0.016815259
0.13332104
0.13220704
0.12996744
0.12696524
0.1234419
0.119468
0.11493149
0.10957666
0.10305621
0.094972224
0.084901691
0.072418782
0.057151485
0.03898468
0.016815292
0.13333044
0.13221636
0.12997652
0.12697383
0.12344973
0.11947484
0.11493718
0.10958113
0.10305948
0.094974402
0.084902958
0.072419371
0.057151662
0.038984696
0.016815324
0.13333955
0.1322254
0.12998532
0.12698216
0.12345732
0.11948145
0.11494266
0.10958542
0.1030626
0.094976467
0.084904147
0.072419917
0.057151823
0.038984712
0.016815356
0.13334832
0.13223411
0.12999381
0.1269902
0.12346463
0.11948781
0.11494792
0.10958951
0.10306556
0.094978406
0.084905249
0.072420413
0.057151964
0.038984726
0.016815387
0.13335671
0.13224247
0.13000197
0.12699791
0.12347165
0.1194939
0.11495293
0.10959338
0.10306834
0.094980207
0.084906254
0.07242085
0.057152079
0.038984735
0.016815418
0.13336471
0.13225043
0.13000975
0.12700528
0.12347833
0.11949968
0.11495766
0.10959702
0.10307092
0.094981856
0.08490715
0.072421218
0.05715216
0.038984735
0.016815448
0.13337228
0.13225798
0.13001713
0.12701226
0.12348466
0.11950513
0.1149621
0.1096004
0.10307329
0.094983336
0.084907923
0.072421507
0.057152199
0.038984721
0.016815476
0.13337942
0.13226511
0.1300241
0.12701885
0.12349062
0.11951025
0.11496623
0.10960352
0.10307543
0.094984636
0.084908562
0.072421707
0.057152189
0.038984689
0.016815504
0.13338612
0.1322718
0.13003065
0.12702503
0.12349619
0.119515
0.11497004
0.10960634
0.10307734
0.094985744
0.084909057
0.072421809
0.057152124
0.038984636
0.01681553
0.13339241
0.13227807
0.13003677
0.12703081
0.12350138
0.11951939
0.11497352
0.10960888
0.103079
0.094986654
0.084909403
0.072421809
0.057151999
0.038984558
0.016815554
0.13339829
0.13228394
0.1300425
0.12703619
0.12350618
0.11952342
0.11497667
0.10961113
0.10308041
0.094987362
0.084909595
0.072421702
0.057151809
0.038984453
0.016815575
0.13340382
0.13228945
0.13004785
0.12704119
0.12351061
0.11952711
0.1149795
0.10961309
0.10308157
0.094987873
0.084909637
0.072421489
0.057151556
0.038984318
0.016815595
0.13340904
0.13229462
0.13005286
0.12704585
0.12351471
0.11953046
0.11498202
0.10961478
0.10308251
0.094988195
0.084909534
0.072421174
0.057151239
0.038984155
0.016815611
0.133414
0.13229953
0.13005758
0.1270502
0.12351849
0.11953352
0.11498427
0.10961623
0.10308323
0.094988344
0.084909298
0.072420766
0.057150865
0.038983966
0.016815626
0.13341877
0.13230421
0.13006206
0.1270543
0.12352202
0.11953633
0.11498628
0.10961745
0.10308377
0.094988339
0.084908946
0.072420277
0.057150442
0.038983752
0.016815637
0.1334234
0.13230874
0.13006636
0.12705819
0.12352533
0.11953891
0.11498807
0.10961849
0.10308414
0.094988206
0.084908498
0.072419723
0.057149978
0.038983519
0.016815647
0.13342796
0.13231318
0.13007054
0.12706194
0.12352847
0.11954133
0.11498971
0.10961937
0.10308439
0.094987973
0.084907978
0.072419121
0.057149487
0.038983272
0.016815654
0.1334325
0.13231757
0.13007464
0.12706559
0.12353151
0.11954362
0.11499123
0.10962016
0.10308455
0.094987673
0.084907412
0.072418492
0.057148981
0.038983018
0.016815659
0.13343707
0.13232197
0.13007873
0.1270692
0.12353448
0.11954584
0.11499267
0.10962087
0.10308465
0.094987335
0.084906826
0.072417856
0.057148475
0.038982764
0.016815663
0.13344171
0.13232642
0.13008284
0.12707281
0.12353742
0.11954803
0.11499408
0.10962155
0.10308474
0.094986991
0.084906245
0.072417234
0.057147984
0.038982517
0.016815666
0.13344642
0.13233094
0.130087
0.12707644
0.12354039
0.11955022
0.11499549
0.10962224
0.10308483
0.094986668
0.084905693
0.072416644
0.057147519
0.038982285
0.016815669
0.13345122
0.13233554
0.13009122
0.12708013
0.12354338
0.11955245
0.11499692
0.10962296
0.10308497
0.094986388
0.084905189
0.072416101
0.057147093
0.038982072
0.016815672
0.13345609
0.13234021
0.13009551
0.12708387
0.12354643
0.11955471
0.1149984
0.10962373
0.10308516
0.094986169
0.084904748
0.072415616
0.057146713
0.038981885
0.016815675
0.133461
0.13234492
0.13009985
0.12708766
0.12354953
0.11955703
0.11499994
0.10962456
0.10308541
0.094986018
0.084904377
0.072415198
0.057146386
0.038981726
0.016815679
0.13346589
0.13234963
0.1301042
0.12709147
0.12355265
0.11955938
0.11500152
0.10962544
0.10308573
0.094985939
0.084904079
0.072414847
0.057146112
0.038981598
0.016815684
0.13347072
0.13235429
0.13010852
0.12709527
0.12355578
0.11956176
0.11500314
0.10962637
0.10308611
0.094985925
0.084903848
0.072414561
0.05714589
0.0389815
0.016815691
0.1334754
0.13235884
0.13011275
0.127099
0.12355887
0.11956411
0.11500476
0.10962733
0.10308652
0.09498596
0.084903673
0.072414329
0.057145714
0.038981429
0.016815699
0.13347986
0.13236319
0.13011682
0.12710262
0.12356187
0.11956642
0.11500635
0.10962828
0.10308695
0.094986026
0.084903537
0.072414139
0.057145575
0.038981382
0.016815708
0.13348403
0.13236728
0.13012067
0.12710605
0.12356473
0.11956861
0.11500787
0.10962919
0.10308737
0.094986093
0.084903417
0.072413973
0.057145462
0.038981353
0.016815719
0.13348782
0.13237102
0.13012422
0.12710923
0.12356739
0.11957065
0.11500927
0.10963001
0.10308773
0.094986133
0.084903287
0.07241381
0.057145358
0.038981334
0.01681573
0.13349116
0.13237436
0.13012741
0.1271121
0.12356978
0.11957247
0.11501051
0.10963071
0.103088
0.094986111
0.084903119
0.072413628
0.05714525
0.038981319
0.016815741
0.13349401
0.13237723
0.13013018
0.1271146
0.12357186
0.11957403
0.11501153
0.10963124
0.10308814
0.094985995
0.084902887
0.072413405
0.057145121
0.038981297
0.016815753
0.13349633
0.13237959
0.13013248
0.12711668
0.12357358
0.11957529
0.1150123
0.10963157
0.10308812
0.094985756
0.084902563
0.072413119
0.057144955
0.038981262
0.016815764
0.13349809
0.13238141
0.13013428
0.12711832
0.1235749
0.11957621
0.11501278
0.10963166
0.10308791
0.094985365
0.084902125
0.072412752
0.05714474
0.038981205
0.016815774
0.13349929
0.1323827
0.13013557
0.12711948
0.12357581
0.11957676
0.11501295
0.10963149
0.10308748
0.094984804
0.084901556
0.072412291
0.057144463
0.03898112
0.016815782
0.13349997
0.13238346
0.13013637
0.12712018
0.12357629
0.11957693
0.1150128
0.10963104
0.10308683
0.094984061
0.084900844
0.072411724
0.057144118
0.038981003
0.016815787
0.13350016
0.13238374
0.13013668
0.12712044
0.12357636
0.11957674
0.11501232
0.10963032
0.10308595
0.094983131
0.084899986
0.072411048
0.0571437
0.03898085
0.016815791
0.13349993
0.13238359
0.13013658
0.12712028
0.12357605
0.11957621
0.11501154
0.10962934
0.10308485
0.094982021
0.084898986
0.072410264
0.057143209
0.038980657
0.016815791
0.13349937
0.13238309
0.13013611
0.12711977
0.1235754
0.11957536
0.11501048
0.10962811
0.10308354
0.094980746
0.084897855
0.072409383
0.05714265
0.038980425
0.016815788
0.13349856
0.13238232
0.13013535
0.12711896
0.12357447
0.11957425
0.11500919
0.10962668
0.10308206
0.094979329
0.084896614
0.072408419
0.057142032
0.038980158
0.016815783
0.13349761
0.13238138
0.13013441
0.12711795
0.12357332
0.11957293
0.11500771
0.10962509
0.10308045
0.094977804
0.084895287
0.072407391
0.057141369
0.038979864
0.016815774
0.13349663
0.13238038
0.13013336
0.12711681
0.12357204
0.11957148
0.1150061
0.10962339
0.10307875
0.094976205
0.084893907
0.072406325
0.057140679
0.038979551
0.016815763
0.13349572
0.13237941
0.1301323
0.12711563
0.12357071
0.11956996
0.11500443
0.10962163
0.103077
0.094974576
0.084892507
0.072405247
0.057139981
0.038979231
0.01681575
0.13349496
0.13237856
0.13013133
0.12711451
0.12356939
0.11956845
0.11500276
0.10961987
0.10307525
0.094972958
0.084891122
0.072404183
0.057139294
0.038978917
0.016815735
0.13349445
0.13237792
0.13013053
0.12711351
0.12356817
0.11956702
0.11500115
0.10961817
0.10307356
0.094971392
0.084889785
0.07240316
0.057138636
0.038978621
0.01681572
0.13349424
0.13237756
0.13012996
0.1271127
0.12356711
0.11956572
0.11499966
0.10961658
0.10307197
0.094969919
0.08488853
0.072402203
0.057138024
0.038978351
0.016815704
0.13349437
0.13237752
0.13012967
0.12711214
0.12356626
0.1195646
0.11499834
0.10961514
0.10307052
0.09496857
0.084887384
0.072401334
0.057137472
0.038978111
0.01681569
0.13349486
0.13237781
0.1301297
0.12711186
0.12356566
0.11956371
0.11499722
0.10961388
0.10306924
0.094967372
0.084886369
0.072400571
0.057136993
0.038977905
0.016815676
0.13349571
0.13237846
0.13013005
0.12711187
0.12356533
0.11956306
0.11499632
0.10961283
0.10306815
0.094966344
0.0848855
0.072399925
0.057136593
0.038977739
0.016815664
0.13349688
0.13237942
0.13013071
0.12711218
0.12356527
0.11956266
0.11499566
0.109612
0.10306725
0.094965493
0.084884785
0.072399402
0.05713628
0.038977612
0.016815654
0.13349832
0.13238067
0.13013165
0.12711275
0.12356546
0.11956251
0.11499522
0.10961137
0.10306655
0.094964818
0.084884221
0.072399002
0.057136052
0.038977527
0.016815647
0.13349996
0.13238213
0.13013281
0.12711355
0.12356588
0.11956257
0.11499499
0.10961095
0.10306603
0.094964308
0.0848838
0.072398717
0.057135906
0.038977482
0.016815642
0.13350172
0.13238372
0.13013413
0.12711452
0.12356647
0.1195628
0.11499493
0.10961069
0.10306567
0.094963944
0.084883507
0.072398537
0.057135836
0.038977477
0.016815639
0.13350349
0.13238536
0.13013552
0.12711558
0.12356717
0.11956316
0.114995
0.10961056
0.10306544
0.094963697
0.084883318
0.072398444
0.05713583
0.038977506
0.01681564
0.13350519
0.13238696
0.1301369
0.12711666
0.12356791
0.11956358
0.11499515
0.10961051
0.10306529
0.094963534
0.084883207
0.072398418
0.057135875
0.038977565
0.016815642
0.13350671
0.13238841
0.13013817
0.12711768
0.12356863
0.119564
0.11499532
0.1096105
0.10306518
0.094963417
0.08488314
0.072398433
0.057135954
0.038977647
0.016815647
0.13350795
0.13238962
0.13013926
0.12711855
0.12356924
0.11956434
0.11499544
0.10961047
0.10306507
0.094963301
0.084883082
0.07239846
0.057136049
0.038977744
0.016815653
0.13350885
0.13239052
0.13014008
0.1271192
0.12356968
0.11956456
0.11499546
0.10961036
0.1030649
0.094963145
0.084882995
0.072398468
0.057136136
0.038977843
0.01681566
0.13350933
0.13239104
0.13014056
0.12711957
0.12356988
0.11956458
0.11499533
0.10961012
0.10306463
0.094962906
0.084882839
0.072398421
0.057136187
0.038977928
0.016815668
0.13350936
0.13239113
0.13014066
0.1271196
0.12356979
0.11956436
0.114995
0.10960972
0.10306422
0.094962546
0.084882581
0.072398292
0.057136178
0.038977983
0.016815674
0.13350891
0.13239077
0.13014034
0.12711927
0.12356939
0.11956387
0.11499443
0.10960912
0.10306364
0.094962039
0.084882195
0.072398055
0.057136088
0.038977993
0.016815679
0.13350798
0.13238995
0.1301396
0.12711854
0.12356864
0.11956308
0.11499361
0.1096083
0.10306286
0.094961365
0.084881665
0.072397697
0.057135907
0.03897795
0.016815682
0.1335066
0.13238868
0.13013844
0.12711744
0.12356756
0.11956199
0.11499252
0.10960725
0.10306189
0.094960517
0.084880982
0.072397212
0.057135629
0.038977852
0.016815682
0.13350482
0.13238701
0.13013689
0.12711598
0.12356615
0.11956062
0.11499119
0.10960598
0.10306073
0.094959497
0.084880152
0.072396605
0.05713526
0.038977701
0.016815678
0.13350269
0.132385
0.130135
0.1271142
0.12356445
0.11955898
0.11498962
0.10960451
0.10305938
0.094958324
0.08487919
0.072395889
0.05713481
0.038977503
0.016815671
0.1335003
0.13238271
0.13013284
0.12711215
0.1235625
0.11955713
0.11498786
0.10960286
0.10305789
0.094957023
0.084878122
0.072395087
0.057134295
0.038977268
0.016815661
0.13349774
0.13238023
0.13013047
0.12710991
0.12356037
0.1195551
0.11498595
0.10960108
0.10305628
0.09495563
0.084876979
0.072394226
0.057133737
0.038977007
0.016815648
0.13349509
0.13237764
0.13012799
0.12710754
0.12355811
0.11955296
0.11498393
0.10959922
0.10305461
0.094954184
0.084875796
0.072393336
0.057133157
0.038976733
0.016815632
0.13349246
0.13237505
0.13012547
0.12710512
0.1235558
0.11955076
0.11498188
0.10959733
0.10305292
0.09495273
0.084874612
0.072392448
0.05713258
0.038976459
0.016815615
0.13348993
0.13237253
0.130123
0.12710272
0.1235535
0.11954858
0.11497984
0.10959546
0.10305126
0.094951309
0.084873464
0.072391593
0.057132027
0.038976196
0.016815596
0.13348759
0.13237017
0.13012065
0.12710043
0.12355129
0.11954648
0.11497787
0.10959366
0.10304967
0.094949963
0.084872387
0.072390801
0.057131519
0.038975956
0.016815577
0.13348549
0.13236803
0.13011851
0.12709831
0.12354923
0.1195445
0.11497602
0.10959199
0.1030482
0.094948729
0.084871413
0.072390095
0.057131075
0.038975748
0.016815559
0.1334837
0.13236618
0.13011661
0.12709641
0.12354737
0.11954272
0.11497435
0.10959047
0.10304688
0.094947636
0.084870566
0.072389497
0.057130708
0.038975581
0.016815542
0.13348224
0.13236464
0.13011501
0.12709478
0.12354574
0.11954114
0.11497288
0.10958914
0.10304573
0.094946707
0.084869865
0.072389018
0.057130427
0.038975459
0.016815527
0.13348114
0.13236345
0.13011373
0.12709344
0.12354439
0.11953983
0.11497165
0.10958804
0.1030448
0.094945963
0.084869324
0.072388669
0.057130239
0.038975387
0.016815514
)
;

boundaryField
{
    water_inlet
    {
        type            calculated;
        value           uniform 0.041850807;
    }
    water_outlet
    {
        type            calculated;
        value           nonuniform List<scalar> 
15
(
0.13348114
0.13236345
0.13011373
0.12709344
0.12354439
0.11953983
0.11497165
0.10958804
0.1030448
0.094945963
0.084869324
0.072388669
0.057130239
0.038975387
0.016815514
)
;
    }
    water_wedge1
    {
        type            wedge;
    }
    water_wedge2
    {
        type            wedge;
    }
    water_to_rock
    {
        type            compressible::alphatWallFunction;
        value           nonuniform List<scalar> 
400
(
0.0015669952
0.0018471873
0.0020481781
0.0021849324
0.0022719934
0.0023219691
0.0023451352
0.002349516
0.0023411805
0.0023246084
0.0023030479
0.0022788257
0.0022535946
0.0022285216
0.0022044242
0.0021818671
0.0021612267
0.0021427337
0.0021265001
0.0021125379
0.0021007745
0.0020910676
0.0020832228
0.0020770122
0.0020721935
0.0020685265
0.0020657873
0.0020637767
0.0020623249
0.0020612926
0.0020605688
0.0020600677
0.0020597245
0.0020594917
0.0020593354
0.002059232
0.002059166
0.0020591279
0.002059112
0.002059116
0.0020591394
0.0020591829
0.0020592479
0.0020593363
0.0020594498
0.00205959
0.0020597584
0.0020599561
0.002060184
0.0020604427
0.0020607324
0.0020610532
0.002061405
0.0020617874
0.0020622
0.0020626421
0.0020631131
0.0020636121
0.0020641383
0.0020646908
0.0020652687
0.0020658712
0.0020664969
0.0020671447
0.002067813
0.0020685006
0.0020692061
0.0020699281
0.002070666
0.0020714189
0.0020721861
0.0020729673
0.0020737621
0.0020745699
0.0020753902
0.0020762224
0.0020770658
0.0020779201
0.0020787845
0.0020796586
0.0020805418
0.0020814336
0.0020823333
0.0020832404
0.0020841544
0.0020850748
0.0020860009
0.0020869323
0.0020878685
0.0020888089
0.002089753
0.0020907003
0.0020916503
0.0020926025
0.0020935563
0.0020945114
0.0020954671
0.0020964231
0.0020973787
0.0020983334
0.0020992868
0.0021002383
0.0021011874
0.0021021335
0.0021030761
0.0021040145
0.0021049482
0.0021058765
0.0021067987
0.0021077142
0.0021086223
0.0021095221
0.002110413
0.0021112941
0.0021121645
0.0021130235
0.0021138701
0.0021147034
0.0021155224
0.0021163264
0.0021171143
0.0021178851
0.0021186381
0.0021193722
0.0021200866
0.0021207805
0.0021214531
0.0021221036
0.0021227313
0.0021233357
0.0021239161
0.0021244721
0.0021250033
0.0021255093
0.00212599
0.0021264452
0.0021268747
0.0021272787
0.0021276572
0.0021280104
0.0021283385
0.0021286418
0.0021289208
0.0021291759
0.0021294075
0.0021296163
0.0021298027
0.0021299676
0.0021301115
0.0021302351
0.0021303392
0.0021304246
0.0021304919
0.002130542
0.0021305757
0.0021305937
0.0021305968
0.0021305858
0.0021305614
0.0021305246
0.0021304759
0.0021304161
0.002130346
0.0021302662
0.0021301775
0.0021300805
0.0021299758
0.0021298641
0.002129746
0.002129622
0.0021294926
0.0021293582
0.0021292192
0.002129076
0.0021289291
0.0021287789
0.002128626
0.0021284708
0.0021283137
0.0021281552
0.0021279956
0.0021278353
0.0021276746
0.002127514
0.0021273535
0.0021271937
0.0021270346
0.0021268765
0.0021267198
0.0021265645
0.0021264108
0.002126259
0.0021261092
0.0021259615
0.0021258161
0.0021256731
0.0021255326
0.0021253947
0.0021252595
0.002125127
0.0021249974
0.0021248707
0.002124747
0.0021246262
0.0021245085
0.0021243939
0.0021242823
0.0021241738
0.0021240684
0.0021239662
0.002123867
0.002123771
0.002123678
0.0021235882
0.0021235014
0.0021234177
0.0021233369
0.0021232592
0.0021231844
0.0021231125
0.0021230436
0.0021229775
0.0021229141
0.0021228536
0.0021227957
0.0021227406
0.002122688
0.002122638
0.0021225906
0.0021225456
0.002122503
0.0021224628
0.0021224249
0.0021223892
0.0021223557
0.0021223244
0.0021222952
0.0021222679
0.0021222427
0.0021222193
0.0021221978
0.0021221781
0.0021221601
0.0021221438
0.0021221291
0.002122116
0.0021221044
0.0021220943
0.0021220856
0.0021220782
0.0021220721
0.0021220673
0.0021220637
0.0021220612
0.0021220598
0.0021220594
0.0021220601
0.0021220616
0.0021220641
0.0021220675
0.0021220716
0.0021220765
0.0021220821
0.0021220885
0.0021220954
0.0021221029
0.002122111
0.0021221197
0.0021221288
0.0021221383
0.0021221483
0.0021221586
0.0021221693
0.0021221803
0.0021221915
0.0021222029
0.0021222145
0.0021222263
0.0021222383
0.0021222503
0.0021222625
0.0021222747
0.0021222871
0.0021222994
0.0021223118
0.0021223242
0.0021223365
0.0021223488
0.0021223611
0.0021223733
0.0021223854
0.0021223974
0.0021224093
0.0021224211
0.0021224328
0.0021224444
0.0021224558
0.0021224671
0.0021224783
0.0021224893
0.0021225001
0.0021225108
0.0021225213
0.0021225316
0.0021225418
0.0021225517
0.0021225613
0.0021225708
0.0021225799
0.0021225888
0.0021225975
0.0021226058
0.0021226138
0.0021226216
0.0021226291
0.0021226363
0.0021226433
0.0021226501
0.0021226566
0.002122663
0.0021226692
0.0021226753
0.0021226813
0.0021226871
0.0021226928
0.0021226983
0.0021227038
0.002122709
0.0021227141
0.0021227189
0.0021227235
0.0021227278
0.0021227319
0.0021227355
0.0021227389
0.0021227419
0.0021227445
0.0021227468
0.0021227489
0.0021227506
0.0021227521
0.0021227535
0.0021227547
0.0021227558
0.002122757
0.0021227581
0.0021227594
0.0021227607
0.0021227622
0.0021227637
0.0021227654
0.0021227671
0.0021227688
0.0021227705
0.0021227721
0.0021227735
0.0021227748
0.0021227757
0.0021227763
0.0021227766
0.0021227766
0.0021227761
0.0021227753
0.0021227741
0.0021227727
0.002122771
0.0021227692
0.0021227674
0.0021227655
0.0021227637
0.0021227621
0.0021227608
0.0021227596
0.0021227588
0.0021227583
0.002122758
0.002122758
0.0021227583
0.0021227587
0.0021227592
0.0021227598
0.0021227603
0.0021227607
0.0021227609
0.0021227608
0.0021227603
0.0021227595
0.0021227582
0.0021227566
0.0021227546
0.0021227524
0.00212275
0.0021227475
0.002122745
0.0021227426
0.0021227404
0.0021227384
0.0021227367
0.0021227354
0.0021227343
)
;
    }
}


// ************************************************************************* //
