/*--------------------------------*- C++ -*----------------------------------*\
| =========                 |                                                 |
| \\      /  F ield         | OpenFOAM: The Open Source CFD Toolbox           |
|  \\    /   O peration     | Version:  2506                                  |
|   \\  /    A nd           | Website:  www.openfoam.com                      |
|    \\/     M anipulation  |                                                 |
\*---------------------------------------------------------------------------*/
FoamFile
{
    version     2.0;
    format      ascii;
    arch        "LSB;label=32;scalar=64";
    class       volScalarField;
    location    "13000/water";
    object      epsilon;
}
// * * * * * * * * * * * * * * * * * * * * * * * * * * * * * * * * * * * * * //

dimensions      [0 2 -3 0 0 0 0];

internalField   nonuniform List<scalar> 
6000
(
0.00010005327
0.00010005311
0.00010005314
0.00010005327
0.00010005342
0.00010005363
0.0001000539
0.00010005427
0.00010005511
0.00010005982
0.00010010144
0.00010049509
0.00010424183
0.00014354191
0.00073980483
8.5785229e-05
8.5785556e-05
8.5786111e-05
8.5786982e-05
8.5788138e-05
8.5789633e-05
8.5791527e-05
8.5794043e-05
8.5798789e-05
8.581901e-05
8.5962524e-05
8.7071869e-05
9.5619929e-05
0.00016974081
0.0010520452
7.4267219e-05
7.4268013e-05
7.426896e-05
7.4270365e-05
7.4272213e-05
7.4274585e-05
7.4277581e-05
7.4281747e-05
7.4291154e-05
7.4336305e-05
7.4633748e-05
7.6634978e-05
9.0041816e-05
0.00019500629
0.0013270628
6.4852864e-05
6.485355e-05
6.4854661e-05
6.4856389e-05
6.4858676e-05
6.4861616e-05
6.4865387e-05
6.4871112e-05
6.4886838e-05
6.4967364e-05
6.5458677e-05
6.84101e-05
8.6285087e-05
0.00021715658
0.0015411415
5.7072087e-05
5.7072704e-05
5.7073918e-05
5.7075861e-05
5.7078448e-05
5.7081784e-05
5.7086167e-05
5.7093598e-05
5.7117581e-05
5.7242267e-05
5.7947685e-05
6.180797e-05
8.3505097e-05
0.0002348614
0.0016895689
5.0576692e-05
5.0577312e-05
5.0578592e-05
5.0580667e-05
5.0583434e-05
5.0587016e-05
5.0591882e-05
5.0601216e-05
5.0635234e-05
5.0810032e-05
5.1732149e-05
5.6406881e-05
8.1259069e-05
0.00024828861
0.0017792142
4.5104569e-05
4.5105188e-05
4.5106499e-05
4.5108638e-05
4.5111496e-05
4.5115213e-05
4.5120483e-05
4.5131961e-05
4.5177479e-05
4.5405527e-05
4.6535255e-05
5.1917397e-05
7.9376731e-05
0.00025838324
0.0018218943
4.0455895e-05
4.0456503e-05
4.045782e-05
4.0459977e-05
4.0462859e-05
4.0466628e-05
4.0472257e-05
4.0486117e-05
4.0544208e-05
4.0826355e-05
4.2148994e-05
4.8144563e-05
7.7837439e-05
0.00026629433
0.0018300463
3.6476506e-05
3.6477102e-05
3.6478406e-05
3.6480546e-05
3.6483399e-05
3.6487156e-05
3.6493116e-05
3.6509564e-05
3.6580944e-05
3.6916576e-05
3.8416896e-05
4.4958845e-05
7.669346e-05
0.00027309124
0.0018145574
3.304611e-05
3.3046691e-05
3.304797e-05
3.3050065e-05
3.3052847e-05
3.3056537e-05
3.3062809e-05
3.3082024e-05
3.3167159e-05
3.3555102e-05
3.5220975e-05
4.2274823e-05
7.6025068e-05
0.00027965054
0.0017840405
3.0069857e-05
3.007042e-05
3.0071664e-05
3.0073692e-05
3.0076366e-05
3.0079941e-05
3.0086514e-05
3.0108667e-05
3.0207924e-05
3.0647227e-05
3.2471858e-05
4.0036357e-05
7.5917105e-05
0.00028663427
0.001744886
2.7472233e-05
2.7472777e-05
2.7473976e-05
2.7475917e-05
2.747845e-05
2.7481869e-05
2.7488744e-05
2.7514021e-05
2.7627825e-05
2.8118369e-05
3.010146e-05
3.820687e-05
7.6449192e-05
0.00029450875
0.0017016307
2.5192577e-05
2.5193098e-05
2.5194246e-05
2.5196082e-05
2.5198442e-05
2.520167e-05
2.520887e-05
2.5237507e-05
2.5366478e-05
2.5909414e-05
2.805763e-05
3.6763308e-05
7.7693097e-05
0.0003035735
0.00165739
2.3181748e-05
2.3182245e-05
2.3183333e-05
2.3185048e-05
2.3187207e-05
2.3190219e-05
2.3197794e-05
2.323011e-05
2.3375184e-05
2.3973213e-05
2.6300284e-05
3.5692527e-05
7.9712907e-05
0.00031398658
0.0016142425
2.1399629e-05
2.14001e-05
2.140112e-05
2.1402697e-05
2.140463e-05
2.1407412e-05
2.1415452e-05
2.1451882e-05
2.1614405e-05
2.2271964e-05
2.4798652e-05
3.4989203e-05
8.2565442e-05
0.00032578296
0.0015735325
1.9813231e-05
1.9813672e-05
1.9814616e-05
1.981604e-05
1.9817725e-05
1.9820279e-05
1.9828922e-05
1.9870043e-05
2.0051847e-05
2.0775227e-05
2.3529325e-05
3.4654636e-05
8.6299521e-05
0.00033888748
0.0015360911
1.8395236e-05
1.8395645e-05
1.8396506e-05
1.8397761e-05
1.8399183e-05
1.8401531e-05
1.8410972e-05
1.8457531e-05
1.8660989e-05
1.9458432e-05
2.2474895e-05
3.4695971e-05
9.095345e-05
0.00035312607
0.0015023901
1.7122886e-05
1.7123259e-05
1.7124028e-05
1.7125102e-05
1.712625e-05
1.7128438e-05
1.7138942e-05
1.7191872e-05
1.7419954e-05
1.8301752e-05
2.1622992e-05
3.5125546e-05
9.6550686e-05
0.00036823944
0.0014726449
1.5977101e-05
1.5977436e-05
1.5978105e-05
1.5978984e-05
1.5979859e-05
1.598196e-05
1.5993865e-05
1.6054312e-05
1.6310628e-05
1.7289248e-05
2.0965619e-05
3.5960111e-05
0.00010309413
0.00038390222
0.0014468811
1.4941799e-05
1.4942091e-05
1.4942652e-05
1.4943329e-05
1.494394e-05
1.4946058e-05
1.4959787e-05
1.5029124e-05
1.5317979e-05
1.6408225e-05
2.049868e-05
3.7219755e-05
0.00011055991
0.00039974861
0.00142498
1.4003348e-05
1.4003595e-05
1.4004041e-05
1.4004511e-05
1.400488e-05
1.4007153e-05
1.402322e-05
1.4103071e-05
1.442952e-05
1.5648751e-05
2.0221625e-05
3.8926414e-05
0.00011889194
0.00041540307
0.0014067117
1.3150142e-05
1.315034e-05
1.3150665e-05
1.3150927e-05
1.315109e-05
1.3153695e-05
1.3172714e-05
1.3264971e-05
1.3634892e-05
1.5003284e-05
2.0137155e-05
4.1101901e-05
0.00012799852
0.0004305123
0.0013917631
1.2372247e-05
1.2372393e-05
1.2372592e-05
1.237265e-05
1.2372659e-05
1.2375814e-05
1.2398506e-05
1.2505359e-05
1.2925534e-05
1.446641e-05
2.0250947e-05
4.3765469e-05
0.00013775238
0.00044477369
0.0013797649
1.1661123e-05
1.1661215e-05
1.1661286e-05
1.166115e-05
1.1661074e-05
1.1665043e-05
1.1692246e-05
1.1816209e-05
1.2294425e-05
1.4034634e-05
2.0571326e-05
4.6930996e-05
0.00014799478
0.00045795585
0.0013703185
1.1009401e-05
1.1009437e-05
1.1009378e-05
1.1009066e-05
1.1008994e-05
1.101409e-05
1.104677e-05
1.1190715e-05
1.1735881e-05
1.3706238e-05
2.1108871e-05
5.0604014e-05
0.00015854368
0.00046990849
0.0013630208
1.0410692e-05
1.041067e-05
1.0410485e-05
1.0410022e-05
1.0410062e-05
1.0416652e-05
1.0455917e-05
1.0623112e-05
1.1245399e-05
1.3481165e-05
2.1875889e-05
5.4778859e-05
0.00016920526
0.00048056142
0.0013574861
9.8594384e-06
9.8593586e-06
9.8590515e-06
9.8584721e-06
9.8587577e-06
9.8672657e-06
9.9143754e-06
1.0108535e-05
1.0819533e-05
1.3360938e-05
2.2885735e-05
5.9436317e-05
0.00017978706
0.00048991474
0.001353362
9.3507874e-06
9.3506504e-06
9.3502304e-06
9.3495787e-06
9.3502669e-06
9.3611826e-06
9.4175684e-06
9.6428999e-06
1.045581e-05
1.3348574e-05
2.4151946e-05
6.4542151e-05
0.00019011095
0.00049802341
0.0013503406
8.8804873e-06
8.8802951e-06
8.8797751e-06
8.879106e-06
8.8803818e-06
8.8942644e-06
8.9615474e-06
9.2228179e-06
1.0152655e-05
1.3448503e-05
2.5687206e-05
7.0046824e-05
0.00020002406
0.00050498001
0.001348162
8.4448007e-06
8.4445568e-06
8.4439543e-06
8.4433345e-06
8.4454129e-06
8.4628989e-06
8.5429123e-06
8.8455163e-06
9.9093487e-06
1.3666457e-05
2.7502143e-05
7.588662e-05
0.00020940613
0.0005108985
0.0013466143
8.0404324e-06
8.0401416e-06
8.0394792e-06
8.0389884e-06
8.0421174e-06
8.0639293e-06
8.1587433e-06
8.508784e-06
9.7259953e-06
1.4009323e-05
2.9604058e-05
8.1986182e-05
0.00021817297
0.000515901
0.00134553
7.664468e-06
7.6641372e-06
7.663443e-06
7.6631755e-06
7.6676392e-06
7.6945949e-06
7.8065457e-06
8.2109262e-06
9.6034999e-06
1.4484935e-05
3.1995646e-05
8.8262228e-05
0.00022627582
0.0005201082
0.0013447796
7.3143234e-06
7.3139614e-06
7.3132697e-06
7.3133352e-06
7.319458e-06
7.3524816e-06
7.4842048e-06
7.950732e-06
9.5435554e-06
1.5101802e-05
3.4673864e-05
9.4628077e-05
0.00023369766
0.00052363336
0.0013442658
6.9877006e-06
6.9873184e-06
6.9866703e-06
6.9871959e-06
6.9953468e-06
7.0354818e-06
7.1899496e-06
7.7274515e-06
9.5486283e-06
1.5868742e-05
3.7629068e-05
0.00010099842
0.00024044745
0.00052657911
0.0013439174
6.6825513e-06
6.6821625e-06
6.6816065e-06
6.6827386e-06
6.6933357e-06
6.741759e-06
6.9223234e-06
7.5407805e-06
9.6219392e-06
1.6794438e-05
4.0844541e-05
0.00010729381
0.00024655353
0.00052903629
0.0013436835
6.3970453e-06
6.396666e-06
6.3962591e-06
6.3981651e-06
6.411682e-06
6.4697206e-06
6.6801611e-06
7.3908531e-06
9.7674313e-06
1.7886905e-05
4.4296529e-05
0.00011344428
0.00025205715
0.0005310841
0.0013435288
6.1295436e-06
6.129193e-06
6.129001e-06
6.1318719e-06
6.1488438e-06
6.2179935e-06
6.4625723e-06
7.2782395e-06
9.9897187e-06
1.9152894e-05
4.7954807e-05
0.00011939198
0.0002570069
0.00053279086
0.0013434302
5.8785752e-06
5.8782757e-06
5.8783746e-06
5.8824275e-06
5.903459e-06
5.9854055e-06
6.2689287e-06
7.2039478e-06
1.0294006e-05
2.0597266e-05
5.1783772e-05
0.00012509231
0.00026145422
0.00053421505
0.001343373
5.6428172e-06
5.642595e-06
5.6430719e-06
5.6485531e-06
5.6743264e-06
5.7709695e-06
6.0988564e-06
7.1694287e-06
1.0685974e-05
2.2222385e-05
5.5743957e-05
0.00013051408
0.00026545026
0.00053540647
0.0013433493
5.4210776e-06
5.4209629e-06
5.4219174e-06
5.4291059e-06
5.4603909e-06
5.5738715e-06
5.9522322e-06
7.1765787e-06
1.1171622e-05
2.4027579e-05
5.9793835e-05
0.00013563849
0.00026904378
0.00053640725
0.0013433553
5.2122808e-06
5.2123081e-06
5.2138535e-06
5.2230651e-06
5.26073e-06
5.3934608e-06
5.8291825e-06
7.2277422e-06
1.1757062e-05
2.6008735e-05
6.3891719e-05
0.00014045745
0.00027228005
0.00053725289
0.0013433902
5.0154542e-06
5.0156629e-06
5.0179281e-06
5.0295196e-06
5.0745437e-06
5.2292435e-06
5.7300867e-06
7.3257058e-06
1.2448271e-05
2.8158067e-05
6.7997574e-05
0.00014497164
0.00027520025
0.00053797313
0.0013434553
4.8297171e-06
4.8301524e-06
4.8332834e-06
4.847658e-06
4.9011459e-06
5.0808782e-06
5.6555823e-06
7.4736832e-06
1.3250796e-05
3.0464119e-05
7.2074574e-05
0.00014918835
0.00027784139
0.00053859274
0.0013435527
4.654271e-06
4.6549842e-06
4.6591465e-06
4.6767597e-06
4.739957e-06
4.9481738e-06
5.6065719e-06
7.675286e-06
1.4169424e-05
3.2911986e-05
7.6090276e-05
0.00015311953
0.00028023648
0.00053913229
0.0013436849
4.4883913e-06
4.4894404e-06
4.4948214e-06
4.5161875e-06
4.5904991e-06
4.8310889e-06
5.5842316e-06
7.9344756e-06
1.5207848e-05
3.5483782e-05
8.001736e-05
0.00015678017
0.00028241474
0.00053960872
0.0013438547
4.3314193e-06
4.3328703e-06
4.3396818e-06
4.3653818e-06
4.452392e-06
4.7297343e-06
5.5900196e-06
8.2554924e-06
1.6368331e-05
3.8159287e-05
8.3833932e-05
0.00016018692
0.00028440196
0.00054003599
0.0013440645
4.1827562e-06
4.1846838e-06
4.1931653e-06
4.2238553e-06
4.3253508e-06
4.6443763e-06
5.6256833e-06
8.6427599e-06
1.7651409e-05
4.0916738e-05
8.7523433e-05
0.00016335711
0.00028622083
0.00054042551
0.0013443165
4.0418571e-06
4.0443457e-06
4.0547683e-06
4.0911891e-06
4.2091847e-06
4.5754417e-06
5.693263e-06
9.10076e-06
1.9055658e-05
4.3733691e-05
9.1074255e-05
0.00016630804
0.00028789123
0.00054078658
0.0013446125
3.9082261e-06
3.9113713e-06
3.9240414e-06
3.96703e-06
4.103797e-06
4.5235248e-06
5.7950909e-06
9.6338803e-06
2.0577552e-05
4.658786e-05
9.4479149e-05
0.00016905655
0.0002894306
0.00054112679
0.0013449537
3.781412e-06
3.7853219e-06
3.8005859e-06
3.8510876e-06
4.0091864e-06
4.4893954e-06
5.9337827e-06
1.0246237e-05
2.2211424e-05
4.9457896e-05
9.7734538e-05
0.00017161867
0.00029085417
0.00054145227
0.001345341
3.6610043e-06
3.6658014e-06
3.6840513e-06
3.7431338e-06
3.9254494e-06
4.4740067e-06
6.1122182e-06
1.0941479e-05
2.3949551e-05
5.2324021e-05
0.00010083981
0.0001740095
0.00029217524
0.00054176798
0.0013457749
3.5466302e-06
3.5524531e-06
3.5741321e-06
3.6430016e-06
3.8527838e-06
4.4785051e-06
6.3335103e-06
1.172258e-05
2.5782348e-05
5.5168498e-05
0.00010379664
0.00017624311
0.00029340545
0.00054207791
0.0013462556
3.4379516e-06
3.4449572e-06
3.470567e-06
3.5505856e-06
3.7914931e-06
4.5042378e-06
6.6009581e-06
1.2591637e-05
2.7698674e-05
5.7975926e-05
0.00010660842
0.00017833256
0.00029455494
0.00054238527
0.0013467828
3.3346627e-06
3.3430286e-06
3.373137e-06
3.4658429e-06
3.7419925e-06
4.5527599e-06
6.9179828e-06
1.3549688e-05
2.9686211e-05
6.0733357e-05
0.00010927977
0.00018028982
0.00029563258
0.00054269259
0.001347356
3.2364878e-06
3.2464154e-06
3.281665e-06
3.3887949e-06
3.7048153e-06
4.6258384e-06
7.2880456e-06
1.4596555e-05
3.1731891e-05
6.3430277e-05
0.00011181611
0.00018212593
0.00029664614
0.00054300189
0.0013479746
3.1431799e-06
3.1548974e-06
3.1960156e-06
3.3195298e-06
3.6806199e-06
4.7254525e-06
7.714547e-06
1.5730747e-05
3.382234e-05
6.6058467e-05
0.0001142234
0.00018385092
0.00029760241
0.00054331477
0.0013486378
3.0545192e-06
3.0682854e-06
3.1160958e-06
3.2582055e-06
3.6701986e-06
4.853787e-06
8.2007095e-06
1.6949409e-05
3.5944302e-05
6.8611787e-05
0.00011650785
0.00018547397
0.00029850735
0.00054363246
0.0013493444
2.9703119e-06
2.9864203e-06
3.0418551e-06
3.2050543e-06
3.6744852e-06
5.0132198e-06
8.7494485e-06
1.824835e-05
3.8085015e-05
7.1085926e-05
0.00011867579
0.00018700343
0.00029936619
0.00054395589
0.0013500934
2.8903898e-06
2.9091733e-06
2.9732878e-06
3.1603869e-06
3.6945634e-06
5.2062985e-06
9.3632351e-06
1.9622123e-05
4.0232513e-05
7.3478131e-05
0.00012073351
0.00018844688
0.00030018354
0.00054428578
0.0013508836
2.8146096e-06
2.836446e-06
2.9104344e-06
3.1245986e-06
3.7316741e-06
5.4357065e-06
1.0043961e-05
2.1064181e-05
4.2375859e-05
7.5786948e-05
0.00012268719
0.00018981121
0.00030096345
0.00054462266
0.0013517137
2.7428528e-06
2.7681709e-06
2.8533843e-06
3.098175e-06
3.7872217e-06
5.7042167e-06
1.079281e-05
2.256707e-05
4.4505285e-05
7.8011979e-05
0.00012454279
0.00019110267
0.00030170949
0.00054496684
0.0013525823
2.6750262e-06
2.7043127e-06
2.8022791e-06
3.0816992e-06
3.8627771e-06
6.0146319e-06
1.1610155e-05
2.4122665e-05
4.6612263e-05
8.0153673e-05
0.00012630606
0.00019232691
0.00030242477
0.00054531836
0.0013534882
2.6110622e-06
2.6448693e-06
2.7573159e-06
3.0758593e-06
3.9600782e-06
6.3697126e-06
1.2495478e-05
2.5722423e-05
4.8689514e-05
8.2213152e-05
0.00012798249
0.00019348921
0.00030311295
0.00054567958
0.0013544295
2.5509198e-06
2.5898742e-06
2.718752e-06
3.0814557e-06
4.0810247e-06
6.7720929e-06
1.3447327e-05
2.7357636e-05
5.0730962e-05
8.4192052e-05
0.00012957729
0.00019459431
0.00030377609
0.00054604532
0.0013554045
2.494586e-06
2.5393984e-06
2.6869098e-06
3.0994095e-06
4.2276674e-06
7.2241865e-06
1.4463315e-05
2.9019661e-05
5.2731649e-05
8.6092389e-05
0.00013109537
0.00019564635
0.00030441574
0.00054641398
0.001356411
2.4420772e-06
2.4935535e-06
2.6621824e-06
3.1307692e-06
4.4021888e-06
7.7280877e-06
1.5540154e-05
3.0700124e-05
5.468763e-05
8.7916448e-05
0.0001325413
0.00019664904
0.00030503329
0.00054678555
0.001357447
2.3934419e-06
2.4524951e-06
2.6450395e-06
3.1767179e-06
4.6068761e-06
8.285473e-06
1.6673739e-05
3.2391088e-05
5.6595867e-05
8.9666717e-05
0.00013391946
0.00019760627
0.00030563174
0.00054715702
0.0013585105
2.3487625e-06
2.4164266e-06
2.6360347e-06
3.2385776e-06
4.8440836e-06
8.8975082e-06
1.7859256e-05
3.408518e-05
5.8454117e-05
9.1345823e-05
0.00013523396
0.00019852137
0.00030621175
0.00054752793
0.0013595997
2.3081594e-06
2.3856042e-06
2.6358124e-06
3.3178122e-06
5.1161852e-06
9.5647684e-06
1.9091327e-05
3.5775672e-05
6.0260821e-05
9.2956451e-05
0.00013648859
0.0001993969
0.00030677292
0.00054790012
0.0013607134
2.2717941e-06
2.3603414e-06
2.6451157e-06
3.4160263e-06
5.4255163e-06
1.0287176e-05
2.0364155e-05
3.7456524e-05
6.2015e-05
9.4501291e-05
0.00013768677
0.00020023506
0.00030731595
0.0005482748
0.0013618503
2.2398737e-06
2.3410154e-06
2.6647937e-06
3.5349598e-06
5.774307e-06
1.1063963e-05
2.167169e-05
3.9122402e-05
6.3716163e-05
9.5983028e-05
0.0001388318
0.00020103833
0.00030784122
0.00054865322
0.0013630097
2.2126561e-06
2.3280734e-06
2.6958092e-06
3.6764765e-06
6.1646079e-06
1.189366e-05
2.3007782e-05
4.0768661e-05
6.5364246e-05
9.7404398e-05
0.00013992712
0.00020180982
0.00030834747
0.00054903724
0.0013641909
2.1904555e-06
2.32204e-06
2.7392452e-06
3.8425461e-06
6.5982125e-06
1.2774116e-05
2.4366319e-05
4.2391323e-05
6.6959522e-05
9.8768018e-05
0.00014097539
0.00020254992
0.00030883711
0.00054942734
0.0013653934
2.1736491e-06
2.3235241e-06
2.7963109e-06
4.0352182e-06
7.0765795e-06
1.370254e-05
2.5741356e-05
4.398702e-05
6.8502524e-05
0.00010007635
0.0001419789
0.00020325984
0.00030931202
0.0005498234
0.0013666164
2.1626844e-06
2.3332282e-06
2.8683444e-06
4.2565876e-06
7.6007592e-06
1.4675575e-05
2.7127207e-05
4.5552949e-05
6.9993982e-05
0.00010133172
0.00014293979
0.00020394108
0.0003097737
0.00055022517
0.001367859
2.158087e-06
2.3519559e-06
2.9568139e-06
4.5087505e-06
8.1713302e-06
1.5689387e-05
2.8518525e-05
4.7086834e-05
7.1434897e-05
0.00010253684
0.00014386157
0.00020459275
0.00031022401
0.0005506328
0.0013691204
2.1604699e-06
2.3806209e-06
3.0633135e-06
4.7937524e-06
8.7883496e-06
1.6739762e-05
2.9910353e-05
4.8586858e-05
7.2826357e-05
0.00010369382
0.00014474502
0.00020521727
0.00031066402
0.00055104638
0.0013703998
2.1705425e-06
2.4202549e-06
3.1895554e-06
5.1135289e-06
9.4513217e-06
1.7822224e-05
3.1298154e-05
5.00516e-05
7.416948e-05
0.00010480453
0.00014559147
0.00020581671
0.00031109449
0.00055146583
0.0013716964
2.1891212e-06
2.472015e-06
3.3373545e-06
5.4698404e-06
1.0159187e-05
1.8932133e-05
3.2677818e-05
5.1479974e-05
7.5465397e-05
0.0001058707
0.00014640251
0.00020639288
0.00031151598
0.0005518909
0.0013730095
2.2171394e-06
2.5371894e-06
3.5086065e-06
5.8642047e-06
1.091033e-05
2.0064793e-05
3.4045679e-05
5.2871279e-05
7.6715685e-05
0.0001068953
0.0001471778
0.00020694761
0.00031192923
0.00055232138
0.0013743381
2.2556581e-06
2.6172001e-06
3.7052576e-06
6.297831e-06
1.1702616e-05
2.1215543e-05
3.5398491e-05
5.4225043e-05
7.7921522e-05
0.00010787902
0.00014791972
0.00020748225
0.00031233485
0.00055275703
0.0013756814
2.3058756e-06
2.7136032e-06
3.9292659e-06
6.7715577e-06
1.2533434e-05
2.2379829e-05
3.6733396e-05
5.5540957e-05
7.908396e-05
0.00010882301
0.00014863031
0.00020799791
0.00031273333
0.0005531976
0.0013770387
2.3691364e-06
2.8280836e-06
4.1825543e-06
7.2858008e-06
1.3399764e-05
2.3553273e-05
3.8047917e-05
5.6818971e-05
8.0204411e-05
0.00010972814
0.00014931142
0.00020849561
0.00031312503
0.00055364281
0.0013784091
2.4469372e-06
2.9624436e-06
4.4669555e-06
7.8405131e-06
1.4298251e-05
2.4731722e-05
3.9339956e-05
5.8059301e-05
8.1284454e-05
0.00011059497
0.00014996474
0.00020897636
0.0003135103
0.00055409235
0.0013797918
2.5409304e-06
3.1185851e-06
4.7841518e-06
8.4351606e-06
1.5225285e-05
2.5911276e-05
4.0607688e-05
5.926202e-05
8.2324492e-05
0.00011142552
0.00015059167
0.00020944105
0.00031388942
0.00055454591
0.0013811859
2.6529218e-06
3.2984819e-06
5.1356115e-06
9.0687147e-06
1.6177077e-05
2.7088293e-05
4.1849525e-05
6.0427216e-05
8.3325312e-05
0.00011222155
0.00015119344
0.00020989046
0.00031426262
0.00055500317
0.0013825907
2.7848623e-06
3.5041438e-06
5.5225248e-06
9.7396639e-06
1.7149747e-05
2.8259463e-05
4.3064378e-05
6.1556064e-05
8.4286604e-05
0.00011298473
0.00015177128
0.00021032528
0.00031463009
0.0005554638
0.0013840054
2.9388309e-06
3.737571e-06
5.9457437e-06
1.0446041e-05
1.8139383e-05
2.9421735e-05
4.4251126e-05
6.2648238e-05
8.5209846e-05
0.00011371646
0.00015232628
0.00021074614
0.00031499199
0.00055592745
0.0013854292
3.1170067e-06
4.0006983e-06
6.4057299e-06
1.1185461e-05
1.91421e-05
3.0572295e-05
4.5408721e-05
6.3703722e-05
8.609648e-05
0.00011441804
0.00015285944
0.00021115361
0.00031534843
0.00055639379
0.0013868613
3.3216292e-06
4.2953332e-06
6.9025133e-06
1.1955186e-05
2.0154122e-05
3.1708777e-05
4.6537129e-05
6.4721757e-05
8.6947831e-05
0.00011509069
0.00015337167
0.00021154817
0.0003156995
0.00055686247
0.001388301
3.5549455e-06
4.6230875e-06
7.4356653e-06
1.2752174e-05
2.1171787e-05
3.2828884e-05
4.7635203e-05
6.5703015e-05
8.7765084e-05
0.00011573554
0.00015386379
0.00021193028
0.00031604524
0.00055733313
0.0013897473
3.8191435e-06
4.9853069e-06
8.004287e-06
1.357315e-05
2.2191572e-05
3.3930551e-05
4.8701864e-05
6.6648329e-05
8.8549332e-05
0.00011635365
0.00015433655
0.00021230032
0.0003163857
0.00055780543
0.0013911997
4.1162743e-06
5.3830034e-06
8.607019e-06
1.4414691e-05
2.3210257e-05
3.5012495e-05
4.9735685e-05
6.7558463e-05
8.9301627e-05
0.00011694596
0.00015479064
0.00021265864
0.00031672087
0.00055827899
0.0013926572
4.4481635e-06
5.8167929e-06
9.2420588e-06
1.527325e-05
2.4224618e-05
3.607241e-05
5.0736632e-05
6.8434124e-05
9.0022949e-05
0.00011751337
0.00015522666
0.00021300553
0.00031705073
0.00055875345
0.0013941192
4.8163209e-06
6.2868463e-06
9.907215e-06
1.6145326e-05
2.5232155e-05
3.7107807e-05
5.1704679e-05
6.9276002e-05
9.0714209e-05
0.00011805667
0.00015564517
0.00021334124
0.00031737524
0.00055922844
0.0013955849
5.2218484e-06
6.7928505e-06
1.0599935e-05
1.7027337e-05
2.6229794e-05
3.8117151e-05
5.2639823e-05
7.0084759e-05
9.1376253e-05
0.00011857661
0.00015604667
0.000213666
0.00031769433
0.00055970359
0.0013970535
5.665362e-06
7.3340022e-06
1.1317445e-05
1.7916163e-05
2.7214022e-05
3.9099331e-05
5.3542101e-05
7.0861031e-05
9.2009863e-05
0.00011907386
0.00015643161
0.00021397998
0.0003180079
0.0005601785
0.0013985243
6.1469266e-06
7.9090064e-06
1.2056752e-05
1.880805e-05
2.8182134e-05
4.0053352e-05
5.4411584e-05
7.1605413e-05
9.2615758e-05
0.00011954902
0.00015680036
0.00021428332
0.00031831586
0.00056065279
0.0013999964
6.6660272e-06
8.5161463e-06
1.2814872e-05
1.9698972e-05
2.913184e-05
4.0978342e-05
5.5248369e-05
7.2318467e-05
9.3194597e-05
0.00012000265
0.00015715327
0.00021457612
0.00031861808
0.00056112607
0.0014014692
7.2216333e-06
9.1533918e-06
1.3587934e-05
2.0585549e-05
3.0061056e-05
4.1873534e-05
5.6052565e-05
7.3000712e-05
9.3746978e-05
0.00012043524
0.00015749064
0.00021485846
0.00031891439
0.00056159791
0.0014029417
7.8120129e-06
9.8178775e-06
1.4372271e-05
2.1464601e-05
3.0967892e-05
4.2738263e-05
5.6824296e-05
7.365263e-05
9.4273443e-05
0.0001208472
0.0001578127
0.00021513039
0.00031920465
0.00056206791
0.0014044133
8.4347111e-06
1.0506398e-05
1.5164231e-05
2.2333161e-05
3.1850646e-05
4.3571951e-05
5.7563689e-05
7.4274663e-05
9.4774476e-05
0.00012123892
0.00015811967
0.0002153919
0.00031948864
0.00056253564
0.001405883
9.0867077e-06
1.1215455e-05
1.5960232e-05
2.3188488e-05
3.2707803e-05
4.4374105e-05
5.8270874e-05
7.4867211e-05
9.5250509e-05
0.00012161073
0.00015841169
0.00021564297
0.00031976617
0.00056300065
0.0014073501
9.7645065e-06
1.1941339e-05
1.6756801e-05
2.4028075e-05
3.3538023e-05
4.5144308e-05
5.8945987e-05
7.543064e-05
9.5701923e-05
0.0001219629
0.0001586889
0.00021588355
0.000320037
0.00056346249
0.0014088137
1.0464241e-05
1.2680208e-05
1.7550618e-05
2.484965e-05
3.4340138e-05
4.5882223e-05
5.9589166e-05
7.596528e-05
9.6129048e-05
0.00012229567
0.00015895136
0.00021611356
0.00032030087
0.00056392069
0.0014102728
1.1181787e-05
1.3428172e-05
1.833854e-05
2.5651177e-05
3.5113152e-05
4.6587583e-05
6.0200554e-05
7.6471428e-05
9.6532172e-05
0.00012260921
0.00015919912
0.00021633288
0.00032055752
0.00056437476
0.0014117266
1.1912874e-05
1.4181365e-05
1.9117628e-05
2.6430858e-05
3.5856231e-05
4.72602e-05
6.0780305e-05
7.6949356e-05
9.6911543e-05
0.00012290366
0.00015943219
0.00021654137
0.00032080664
0.00056482419
0.0014131741
1.2653194e-05
1.4936016e-05
1.9885165e-05
2.7187124e-05
3.6568701e-05
4.7899959e-05
6.1328585e-05
7.7399314e-05
9.726737e-05
0.00012317915
0.00015965054
0.00021673887
0.00032104792
0.00056526846
0.0014146144
1.3398501e-05
1.5688502e-05
2.0638668e-05
2.7918634e-05
3.7250044e-05
4.8506826e-05
6.1845579e-05
7.7821536e-05
9.7599834e-05
0.00012343573
0.00015985412
0.00021692518
0.00032128102
0.00056570704
0.0014160462
1.414469e-05
1.64354e-05
2.1375893e-05
2.8624262e-05
3.7899896e-05
4.9080842e-05
6.2331495e-05
7.8216244e-05
9.7909088e-05
0.00012367345
0.00016004283
0.00021710008
0.00032150558
0.00056613935
0.0014174686
1.4887874e-05
1.7173527e-05
2.209484e-05
2.9303087e-05
3.8518032e-05
4.962213e-05
6.2786569e-05
7.858366e-05
9.8195269e-05
0.00012389233
0.00016021658
0.00021726335
0.00032172124
0.00056656482
0.0014188805
1.562443e-05
1.7899963e-05
2.2793754e-05
2.9954388e-05
3.9104368e-05
5.0130893e-05
6.3211075e-05
7.8924009e-05
9.8458499e-05
0.00012409237
0.00016037522
0.00021741472
0.00032192759
0.00056698285
0.0014202806
1.6351039e-05
1.8612074e-05
2.3471115e-05
3.0577626e-05
3.9658951e-05
5.0607414e-05
6.3605321e-05
7.9237526e-05
9.8698895e-05
0.00012427356
0.00016051863
0.00021755393
0.00032212424
0.00056739283
0.0014216676
1.7064716e-05
1.930752e-05
2.4125638e-05
3.1172434e-05
4.0181947e-05
5.1052053e-05
6.3969662e-05
7.9524462e-05
9.8916574e-05
0.00012443587
0.00016064665
0.00021768069
0.00032231077
0.00056779413
0.0014230404
1.7762815e-05
1.9984257e-05
2.4756259e-05
3.1738602e-05
4.0673636e-05
5.1465249e-05
6.4304497e-05
7.9785092e-05
9.9111663e-05
0.00012457928
0.00016075911
0.00021779473
0.00032248676
0.00056818611
0.0014243975
1.8443032e-05
2.0640534e-05
2.5362127e-05
3.2276066e-05
4.11344e-05
5.1847512e-05
6.4610274e-05
8.001972e-05
9.92843e-05
0.00012470378
0.00016085586
0.00021789575
0.0003226518
0.00056856814
0.0014257377
1.9103403e-05
2.1274883e-05
2.5942589e-05
3.2784895e-05
4.1564717e-05
5.2199422e-05
6.488749e-05
8.0228682e-05
9.9434645e-05
0.00012480936
0.00016093676
0.00021798349
0.00032280546
0.00056893957
0.0014270594
1.9742286e-05
2.1886106e-05
2.6497177e-05
3.3265276e-05
4.1965142e-05
5.2521624e-05
6.5136692e-05
8.0412351e-05
9.9562884e-05
0.00012489603
0.00016100166
0.00021805766
0.00032294733
0.00056929975
0.0014283612
2.0358345e-05
2.2473256e-05
2.7025597e-05
3.3717503e-05
4.233631e-05
5.2814818e-05
6.5358477e-05
8.0571139e-05
9.9669231e-05
0.00012496384
0.00016105045
0.00021811801
0.00032307702
0.00056964807
0.0014296416
2.0950528e-05
2.3035622e-05
2.7527709e-05
3.4141963e-05
4.2678913e-05
5.3079759e-05
6.5553486e-05
8.0705499e-05
9.9753938e-05
0.00012501283
0.00016108304
0.00021816432
0.00032319415
0.00056998389
0.0014308991
2.1518044e-05
2.3572708e-05
2.8003515e-05
3.4539129e-05
4.2993701e-05
5.3317247e-05
6.5722405e-05
8.0815926e-05
9.9817292e-05
0.00012504313
0.00016109935
0.00021819637
0.00032329839
0.00057030664
0.0014321323
2.206034e-05
2.4084213e-05
2.8453145e-05
3.4909541e-05
4.3281467e-05
5.352812e-05
6.5865963e-05
8.0902956e-05
9.9859621e-05
0.00012505485
0.00016109937
0.00021821401
0.0003233894
0.00057061575
0.0014333396
2.2577075e-05
2.4570009e-05
2.8876842e-05
3.5253805e-05
4.3543042e-05
5.371325e-05
6.5984923e-05
8.0967167e-05
9.9881298e-05
0.00012504819
0.00016108311
0.0002182171
0.00032346693
0.00057091069
0.0014345195
2.3068096e-05
2.5030125e-05
2.9274948e-05
3.5572578e-05
4.3779283e-05
5.3873535e-05
6.6080083e-05
8.1009176e-05
9.9882735e-05
0.00012502336
0.00016105062
0.00021820555
0.00032353073
0.00057119099
0.0014356706
2.3533418e-05
2.5464723e-05
2.9647892e-05
3.586656e-05
4.3991073e-05
5.4009892e-05
6.6152267e-05
8.1029636e-05
9.9864388e-05
0.00012498062
0.00016100201
0.00021817933
0.00032358063
0.00057145621
0.0014367915
2.3973197e-05
2.5874085e-05
2.9996177e-05
3.6136485e-05
4.4179306e-05
5.4123255e-05
6.6202324e-05
8.1029236e-05
9.9826756e-05
0.00012492031
0.00016093743
0.00021813845
0.0003236165
0.00057170597
0.0014378807
2.4387717e-05
2.6258594e-05
3.0320367e-05
3.6383117e-05
4.4344888e-05
5.4214564e-05
6.6231122e-05
8.1008693e-05
9.9770377e-05
0.00012484277
0.00016085709
0.00021808299
0.00032363827
0.00057193997
0.001438937
2.4777365e-05
2.661872e-05
3.0621082e-05
3.6607239e-05
4.448873e-05
5.4284766e-05
6.6239543e-05
8.0968755e-05
9.9695831e-05
0.00012474841
0.00016076124
0.00021801307
0.00032364594
0.00057215794
0.0014399591
2.5142619e-05
2.6955002e-05
3.0898983e-05
3.6809653e-05
4.461174e-05
5.4334806e-05
6.622848e-05
8.0910192e-05
9.9603731e-05
0.0001246377
0.0001606502
0.00021792887
0.00032363955
0.00057235971
0.001440946
2.5484028e-05
2.7268041e-05
3.1154763e-05
3.6991166e-05
4.4714825e-05
5.4365625e-05
6.6198829e-05
8.0833794e-05
9.9494725e-05
0.00012451113
0.00016052434
0.00021783064
0.00032361923
0.00057254516
0.0014418966
2.5802204e-05
2.7558486e-05
3.1389147e-05
3.7152594e-05
4.4798881e-05
5.4378157e-05
6.6151493e-05
8.0740368e-05
9.9369491e-05
0.00012436924
0.00016038405
0.00021771869
0.00032358515
0.00057271425
0.0014428099
2.6097806e-05
2.7827023e-05
3.1602873e-05
3.7294751e-05
4.4864797e-05
5.4373323e-05
6.6087369e-05
8.0630732e-05
9.9228733e-05
0.00012421261
0.00016022982
0.00021759336
0.00032353757
0.00057286701
0.0014436852
2.637153e-05
2.8074366e-05
3.1796698e-05
3.741845e-05
4.4913446e-05
5.4352034e-05
6.6007351e-05
8.0505715e-05
9.9073181e-05
0.00012404186
0.00016006215
0.00021745508
0.00032347678
0.00057300355
0.0014445218
2.66241e-05
2.8301251e-05
3.1971383e-05
3.7524498e-05
4.4945686e-05
5.4315182e-05
6.5912325e-05
8.036615e-05
9.8903582e-05
0.00012385764
0.00015988158
0.0002173043
0.00032340316
0.00057312403
0.0014453192
2.685626e-05
2.8508428e-05
3.2127694e-05
3.7613691e-05
4.4962361e-05
5.4263643e-05
6.5803168e-05
8.0212872e-05
9.8720699e-05
0.00012366063
0.00015968873
0.00021714155
0.00032331713
0.0005732287
0.0014460768
2.7068769e-05
2.8696656e-05
3.2266396e-05
3.7686817e-05
4.4964294e-05
5.4198274e-05
6.5680742e-05
8.0046715e-05
9.8525308e-05
0.00012345153
0.0001594842
0.00021696737
0.00032321915
0.00057331786
0.0014467945
2.726239e-05
2.8866694e-05
3.2388248e-05
3.774465e-05
4.4952287e-05
5.4119911e-05
6.5545896e-05
7.986851e-05
9.8318194e-05
0.00012323106
0.00015926868
0.00021678236
0.00032310975
0.00057339187
0.0014474721
2.7437888e-05
2.9019304e-05
3.2494004e-05
3.7787947e-05
4.4927125e-05
5.4029367e-05
6.5399461e-05
7.9679077e-05
9.8100146e-05
0.00012299996
0.00015904283
0.00021658716
0.00032298949
0.00057345114
0.0014481095
2.7596028e-05
2.9155238e-05
3.2584407e-05
3.7817452e-05
4.488957e-05
5.3927435e-05
6.5242251e-05
7.9479232e-05
9.7871955e-05
0.000122759
0.00015880737
0.00021638243
0.00032285897
0.00057349616
0.0014487069
2.7737566e-05
2.9275244e-05
3.2660186e-05
3.7833889e-05
4.4840362e-05
5.3814885e-05
6.5075058e-05
7.9269776e-05
9.763441e-05
0.00012250892
0.00015856303
0.00021616886
0.00032271882
0.00057352742
0.0014492644
2.7863249e-05
2.9380056e-05
3.2722059e-05
3.7837967e-05
4.478022e-05
5.3692461e-05
6.4898658e-05
7.9051496e-05
9.7388296e-05
0.0001222505
0.00015831055
0.00021594715
0.0003225697
0.00057354549
0.0014497826
2.7973814e-05
2.9470398e-05
3.2770727e-05
3.7830373e-05
4.470984e-05
5.3560885e-05
6.4713801e-05
7.8825164e-05
9.7134389e-05
0.0001219845
0.00015805068
0.00021571803
0.00032241228
0.00057355094
0.0014502617
2.8069982e-05
2.9546975e-05
3.2806873e-05
3.7811777e-05
4.4629896e-05
5.3420857e-05
6.4521218e-05
7.8591536e-05
9.6873457e-05
0.0001217117
0.00015778418
0.00021548223
0.00032224726
0.00057354438
0.0014507025
2.8152458e-05
2.9610481e-05
3.2831167e-05
3.7782828e-05
4.4541039e-05
5.3273051e-05
6.4321615e-05
7.8351346e-05
9.6606252e-05
0.00012143284
0.00015751179
0.00021524049
0.00032207534
0.00057352645
0.0014511055
2.8221933e-05
2.9661589e-05
3.2844255e-05
3.7744157e-05
4.44439e-05
5.3118117e-05
6.4115676e-05
7.8105312e-05
9.6333515e-05
0.00012114869
0.00015723427
0.00021499355
0.00032189723
0.0005734978
0.0014514716
2.8279076e-05
2.9700954e-05
3.284677e-05
3.7696371e-05
4.4339085e-05
5.2956681e-05
6.390406e-05
7.7854127e-05
9.6055967e-05
0.00012085998
0.00015695237
0.00021474215
0.00032171363
0.00057345908
0.0014518016
2.8324541e-05
2.9729215e-05
3.2839322e-05
3.7640062e-05
4.422718e-05
5.2789348e-05
6.3687404e-05
7.7598464e-05
9.5774311e-05
0.00012056743
0.00015666681
0.000214487
0.00032152525
0.00057341097
0.0014520964
2.835896e-05
2.9746989e-05
3.2822504e-05
3.7575797e-05
4.4108748e-05
5.2616697e-05
6.346632e-05
7.7338973e-05
9.5489231e-05
0.00012027174
0.00015637831
0.00021422882
0.00032133277
0.00057335412
0.0014523571
2.8382947e-05
2.9754876e-05
3.2796888e-05
3.7504128e-05
4.3984333e-05
5.2439285e-05
6.3241396e-05
7.707628e-05
9.5201388e-05
0.00011997362
0.00015608758
0.00021396832
0.00032113687
0.00057328919
0.0014525847
2.8397096e-05
2.9753453e-05
3.2763027e-05
3.7425584e-05
4.3854455e-05
5.2257647e-05
6.3013198e-05
7.6810986e-05
9.4911419e-05
0.00011967372
0.00015579529
0.00021370617
0.00032093821
0.00057321685
0.0014527802
2.8401981e-05
2.9743281e-05
3.2721457e-05
3.7340675e-05
4.3719617e-05
5.2072295e-05
6.2782264e-05
7.6543671e-05
9.461994e-05
0.00011937269
0.00015550211
0.00021344302
0.00032073744
0.00057313772
0.0014529449
2.8398155e-05
2.97249e-05
3.2672691e-05
3.7249893e-05
4.3580297e-05
5.1883719e-05
6.2549113e-05
7.6274887e-05
9.4327541e-05
0.00011907114
0.00015520866
0.00021317952
0.00032053518
0.00057305245
0.0014530799
2.8386152e-05
2.969883e-05
3.2617227e-05
3.7153709e-05
4.3436958e-05
5.1692386e-05
6.2314237e-05
7.6005163e-05
9.4034786e-05
0.00011876967
0.00015491557
0.00021291627
0.00032033201
0.00057296164
0.0014531864
2.8366487e-05
2.9665573e-05
3.2555541e-05
3.7052578e-05
4.329004e-05
5.1498745e-05
6.2078108e-05
7.5735002e-05
9.3742213e-05
0.00011846885
0.00015462341
0.00021265386
0.00032012851
0.00057286588
0.0014532657
2.8339656e-05
2.9625611e-05
3.2488093e-05
3.6946935e-05
4.3139966e-05
5.1303222e-05
6.1841173e-05
7.5464885e-05
9.3450336e-05
0.00011816922
0.00015433273
0.00021239283
0.0003199252
0.00057276574
0.0014533189
2.8306135e-05
2.9579408e-05
3.2415323e-05
3.6837196e-05
4.298714e-05
5.1106224e-05
6.1603858e-05
7.5195266e-05
9.3159641e-05
0.00011787128
0.00015404406
0.00021213371
0.00031972261
0.00057266178
0.0014533474
2.8266381e-05
2.9527409e-05
3.2337656e-05
3.6723763e-05
4.2831946e-05
5.0908136e-05
6.1366565e-05
7.4926576e-05
9.2870589e-05
0.00011757552
0.0001537579
0.00021187699
0.00031952121
0.0005725545
0.0014533523
2.8220834e-05
2.9470043e-05
3.2255497e-05
3.6607018e-05
4.2674753e-05
5.0709326e-05
6.1129676e-05
7.4659221e-05
9.2583612e-05
0.00011728241
0.00015347471
0.00021162312
0.00031932145
0.00057244441
0.0014533349
2.8169915e-05
2.9407719e-05
3.2169234e-05
3.6487327e-05
4.2515911e-05
5.0510143e-05
6.0893553e-05
7.4393584e-05
9.229912e-05
0.00011699236
0.00015319493
0.00021137254
0.00031912375
0.00057233198
0.0014532964
2.8114029e-05
2.9340831e-05
3.2079241e-05
3.6365039e-05
4.2355753e-05
5.0310915e-05
6.0658535e-05
7.4130026e-05
9.2017494e-05
0.00011670577
0.00015291896
0.00021112565
0.00031892848
0.00057221765
0.0014532381
2.8053563e-05
2.9269756e-05
3.1985873e-05
3.6240488e-05
4.2194596e-05
5.0111956e-05
6.0424942e-05
7.3868882e-05
9.173909e-05
0.00011642302
0.00015264718
0.0002108828
0.00031873601
0.00057210185
0.0014531611
2.7988887e-05
2.9194852e-05
3.1889472e-05
3.6113993e-05
4.2032741e-05
4.9913559e-05
6.0193075e-05
7.3610469e-05
9.1464242e-05
0.00011614445
0.00015237992
0.00021064432
0.00031854665
0.00057198497
0.0014530665
2.7920355e-05
2.9116465e-05
3.1790362e-05
3.5985856e-05
4.1870474e-05
4.9716002e-05
5.9963215e-05
7.3355079e-05
9.1193256e-05
0.00011587037
0.00015211751
0.00021041054
0.00031836071
0.00057186736
0.0014529556
2.7848307e-05
2.9034924e-05
3.1688853e-05
3.5856366e-05
4.1708064e-05
4.9519547e-05
5.9735624e-05
7.3102985e-05
9.0926416e-05
0.00011560109
0.00015186024
0.00021018171
0.00031817845
0.00057174938
0.0014528294
2.7773065e-05
2.8950542e-05
3.1585241e-05
3.5725797e-05
4.1545767e-05
4.9324439e-05
5.9510548e-05
7.2854439e-05
9.0663982e-05
0.00011533685
0.00015160836
0.00020995807
0.0003180001
0.00057163134
0.0014526891
2.7694939e-05
2.8863618e-05
3.1479808e-05
3.5594409e-05
4.1383825e-05
4.9130907e-05
5.9288213e-05
7.2609671e-05
9.0406192e-05
0.00011507791
0.0001513621
0.00020973986
0.00031782588
0.00057151353
0.0014525357
2.7614222e-05
2.877444e-05
3.1372821e-05
3.5462449e-05
4.1222465e-05
4.8939166e-05
5.9068831e-05
7.2368895e-05
9.0153261e-05
0.00011482447
0.00015112167
0.00020952725
0.00031765596
0.00057139622
0.0014523701
2.7531195e-05
2.8683277e-05
3.1264535e-05
3.5330149e-05
4.1061901e-05
4.8749417e-05
5.8852596e-05
7.2132304e-05
8.9905385e-05
0.00011457673
0.00015088725
0.00020932041
0.0003174905
0.00057127965
0.0014521935
2.7446125e-05
2.8590388e-05
3.1155192e-05
3.5197732e-05
4.0902334e-05
4.8561847e-05
5.8639686e-05
7.1900074e-05
8.9662737e-05
0.00011433485
0.000150659
0.00020911947
0.00031732966
0.00057116406
0.0014520068
2.7359267e-05
2.849602e-05
3.1045021e-05
3.5065405e-05
4.0743952e-05
4.8376628e-05
5.8430265e-05
7.1672365e-05
8.9425474e-05
0.00011409899
0.00015043704
0.00020892458
0.00031717366
0.00057104998
0.0014518108
2.727086e-05
2.8400404e-05
3.0934238e-05
3.4933366e-05
4.0586933e-05
4.8193921e-05
5.8224483e-05
7.1449319e-05
8.919373e-05
0.00011386926
0.0001502215
0.00020873582
0.0003170225
0.00057093663
0.0014516062
2.7181134e-05
2.8303764e-05
3.082305e-05
3.48018e-05
4.0431441e-05
4.8013873e-05
5.8022475e-05
7.1231063e-05
8.8967625e-05
0.00011364579
0.00015001246
0.00020855324
0.00031687611
0.00057082383
0.0014513937
2.7090307e-05
2.8206307e-05
3.0711651e-05
3.4670881e-05
4.0277629e-05
4.783662e-05
5.7824362e-05
7.1017707e-05
8.8747259e-05
0.00011342865
0.00014981001
0.00020837698
0.00031673488
0.00057071085
0.001451174
2.6998585e-05
2.8108233e-05
3.0600224e-05
3.4540773e-05
4.0125641e-05
4.7662286e-05
5.7630253e-05
7.0809349e-05
8.8532719e-05
0.00011321792
0.0001496142
0.00020820704
0.0003165984
0.00057059808
0.0014509477
2.6906162e-05
2.8009729e-05
3.0488941e-05
3.4411628e-05
3.9975609e-05
4.7490983e-05
5.7440246e-05
7.0606071e-05
8.8324075e-05
0.00011301365
0.00014942505
0.00020804334
0.00031646642
0.000570486
0.0014507155
2.6813223e-05
2.7910973e-05
3.0377966e-05
3.4283591e-05
3.9827654e-05
4.7322815e-05
5.7254426e-05
7.0407946e-05
8.8121383e-05
0.0001128159
0.00014924263
0.00020788602
0.00031633845
0.00057037514
0.0014504783
2.6719942e-05
2.7812132e-05
3.0267452e-05
3.4156795e-05
3.968189e-05
4.7157874e-05
5.7072866e-05
7.021503e-05
8.7924688e-05
0.00011262468
0.00014906691
0.00020773491
0.00031621448
0.0005702659
0.0014502367
2.6626484e-05
2.7713363e-05
3.0157541e-05
3.4031363e-05
3.953842e-05
4.6996241e-05
5.6895631e-05
7.0027371e-05
8.7734018e-05
0.00011244
0.00014889784
0.00020758978
0.00031609469
0.00057015851
0.0014499915
2.6533003e-05
2.7614815e-05
3.0048369e-05
3.3907413e-05
3.9397338e-05
4.6837991e-05
5.6722775e-05
6.9845006e-05
8.7549397e-05
0.00011226189
0.00014873548
0.00020745024
0.00031597926
0.00057005318
0.0014497434
2.6439646e-05
2.7516627e-05
2.994006e-05
3.3785051e-05
3.925873e-05
4.6683189e-05
5.6554342e-05
6.9667961e-05
8.7370832e-05
0.0001120903
0.00014857968
0.00020731621
0.00031586829
0.00056995009
0.0014494931
2.6346549e-05
2.7418929e-05
2.9832733e-05
3.3664377e-05
3.9122675e-05
4.653189e-05
5.6390368e-05
6.949625e-05
8.7198307e-05
0.00011192518
0.00014843024
0.00020718776
0.0003157618
0.00056984937
0.0014492411
2.6253842e-05
2.7321845e-05
2.9726497e-05
3.3545481e-05
3.8989242e-05
4.6384144e-05
5.6230883e-05
6.9329886e-05
8.7031838e-05
0.00011176658
0.00014828683
0.0002070649
0.00031565984
0.00056975116
0.001448988
2.6161644e-05
2.7225488e-05
2.9621454e-05
3.3428447e-05
3.8858496e-05
4.6239992e-05
5.6075904e-05
6.9168866e-05
8.6871373e-05
0.00011161431
0.00014814943
0.00020694761
0.0003155624
0.00056965553
0.0014487344
2.607007e-05
2.7129966e-05
2.9517697e-05
3.3313353e-05
3.8730491e-05
4.6099468e-05
5.5925448e-05
6.9013185e-05
8.6716898e-05
0.00011146816
0.00014801802
0.00020683585
0.00031546947
0.00056956255
0.0014484807
2.5979224e-05
2.7035378e-05
2.9415314e-05
3.3200267e-05
3.8605278e-05
4.5962601e-05
5.5779519e-05
6.8862825e-05
8.6568353e-05
0.00011132797
0.00014789256
0.00020672957
0.00031538101
0.00056947228
0.0014482275
2.5889204e-05
2.6941817e-05
2.9314386e-05
3.3089255e-05
3.84829e-05
4.5829412e-05
5.5638116e-05
6.8717756e-05
8.6425572e-05
0.0001111937
0.00014777297
0.0002066287
0.00031529697
0.00056938475
0.0014479752
2.5800104e-05
2.6849369e-05
2.9214987e-05
3.2980374e-05
3.8363395e-05
4.569992e-05
5.5501239e-05
6.8577966e-05
8.6288385e-05
0.0001110653
0.00014765919
0.00020653317
0.00031521731
0.00056929998
0.0014477242
2.5712007e-05
2.6758114e-05
2.9117185e-05
3.2873675e-05
3.8246797e-05
4.5574134e-05
5.5368875e-05
6.8443319e-05
8.6156747e-05
0.00011094269
0.00014755112
0.00020644289
0.00031514194
0.00056921799
0.0014474749
2.5624994e-05
2.6668125e-05
2.9021044e-05
3.2769205e-05
3.8133132e-05
4.5452064e-05
5.5241011e-05
6.8313687e-05
8.6030593e-05
0.00011082579
0.00014744868
0.00020635777
0.00031507079
0.00056913878
0.0014472276
2.5539137e-05
2.6579472e-05
2.892662e-05
3.2667008e-05
3.8022427e-05
4.5333722e-05
5.5117539e-05
6.8189024e-05
8.5909853e-05
0.00011071451
0.00014735177
0.00020627769
0.00031500377
0.00056906233
0.0014469826
2.5454503e-05
2.6492216e-05
2.8833965e-05
3.256712e-05
3.7914701e-05
4.5219079e-05
5.4998391e-05
6.8069272e-05
8.579445e-05
0.00011060877
0.00014726028
0.00020620256
0.0003149408
0.00056898864
0.0014467403
2.5371157e-05
2.6406416e-05
2.8743128e-05
3.2469577e-05
3.7809978e-05
4.5108069e-05
5.4883526e-05
6.7954369e-05
8.5684304e-05
0.00011050845
0.0001471741
0.00020613225
0.00031488178
0.00056891768
0.0014465009
2.5289156e-05
2.6322126e-05
2.8654158e-05
3.2374419e-05
3.7708217e-05
4.5000664e-05
5.4772897e-05
6.7844249e-05
8.5579328e-05
0.00011041347
0.00014709311
0.00020606665
0.00031482661
0.00056884943
0.0014462647
2.5208556e-05
2.62394e-05
2.8567095e-05
3.2281638e-05
3.7609409e-05
4.4896837e-05
5.4666456e-05
6.7738843e-05
8.5479434e-05
0.00011032371
0.00014701719
0.00020600563
0.00031477518
0.00056878385
0.0014460319
2.5129407e-05
2.6158279e-05
2.8481958e-05
3.2191242e-05
3.7513543e-05
4.4796557e-05
5.4564152e-05
6.7638078e-05
8.5384529e-05
0.00011023905
0.00014694621
0.00020594906
0.00031472739
0.0005687209
0.0014458026
2.505175e-05
2.6078796e-05
2.8398769e-05
3.2103236e-05
3.7420605e-05
4.469979e-05
5.446593e-05
6.7541878e-05
8.5294515e-05
0.0001101594
0.00014688005
0.00020589682
0.00031468313
0.00056866056
0.0014455772
2.4975617e-05
2.6000978e-05
2.8317544e-05
3.201762e-05
3.7330579e-05
4.46065e-05
5.4371732e-05
6.7450164e-05
8.5209292e-05
0.00011008461
0.00014681859
0.00020584877
0.00031464228
0.00056860276
0.0014453558
2.4901039e-05
2.5924849e-05
2.8238295e-05
3.1934394e-05
3.7243446e-05
4.4516648e-05
5.42815e-05
6.7362854e-05
8.5128759e-05
0.00011001459
0.00014676167
0.00020580479
0.00031460475
0.00056854747
0.0014451385
2.482804e-05
2.5850431e-05
2.8161034e-05
3.1853555e-05
3.7159186e-05
4.4430194e-05
5.419517e-05
6.7279866e-05
8.5052811e-05
0.0001099492
0.00014670918
0.00020576473
0.00031457041
0.00056849465
0.0014449255
2.4756643e-05
2.5777739e-05
2.8085768e-05
3.1775095e-05
3.7077774e-05
4.4347095e-05
5.4112678e-05
6.7201112e-05
8.498134e-05
0.00010988831
0.00014666097
0.00020572846
0.00031453916
0.00056844423
0.0014447168
2.4686867e-05
2.5706789e-05
2.8012503e-05
3.1699007e-05
3.6999185e-05
4.4267305e-05
5.4033959e-05
6.7126504e-05
8.4914238e-05
0.00010983181
0.00014661691
0.00020569586
0.00031451087
0.00056839617
0.0014445126
2.4618726e-05
2.5637592e-05
2.7941239e-05
3.1625279e-05
3.6923392e-05
4.4190777e-05
5.3958943e-05
6.7055953e-05
8.4851395e-05
0.00010977957
0.00014657686
0.00020566678
0.00031448545
0.00056835041
0.0014443131
2.4552234e-05
2.5570156e-05
2.7871977e-05
3.1553898e-05
3.6850364e-05
4.4117462e-05
5.388756e-05
6.6989367e-05
8.47927e-05
0.00010973146
0.0001465407
0.00020564109
0.00031446278
0.00056830691
0.0014441182
2.44874e-05
2.5504487e-05
2.7804715e-05
3.1484848e-05
3.6780069e-05
4.4047309e-05
5.3819739e-05
6.6926654e-05
8.473804e-05
0.00010968734
0.00014650827
0.00020561866
0.00031444276
0.0005682656
0.001443928
2.4424232e-05
2.5440589e-05
2.7739446e-05
3.1418112e-05
3.6712475e-05
4.3980265e-05
5.3755406e-05
6.6867719e-05
8.4687301e-05
0.0001096471
0.00014647944
0.00020559936
0.00031442527
0.00056822644
0.0014437426
2.4362734e-05
2.5378463e-05
2.7676164e-05
3.135367e-05
3.6647544e-05
4.3916276e-05
5.3694488e-05
6.6812467e-05
8.4640372e-05
0.00010961061
0.00014645409
0.00020558306
0.0003144102
0.00056818936
0.001443562
2.430291e-05
2.5318106e-05
2.761486e-05
3.1291501e-05
3.658524e-05
4.3855286e-05
5.3636908e-05
6.6760803e-05
8.4597136e-05
0.00010957773
0.00014643207
0.00020556964
0.00031439746
0.00056815432
0.0014433864
2.4244759e-05
2.5259518e-05
2.7555521e-05
3.1231581e-05
3.6525525e-05
4.3797239e-05
5.3582589e-05
6.6712631e-05
8.4557482e-05
0.00010954834
0.00014641326
0.00020555895
0.00031438694
0.00056812126
0.0014432156
2.4188281e-05
2.5202691e-05
2.7498136e-05
3.1173885e-05
3.6468358e-05
4.3742077e-05
5.3531455e-05
6.6667853e-05
8.4521294e-05
0.00010952232
0.00014639752
0.00020555089
0.00031437854
0.00056809011
0.0014430497
2.4133471e-05
2.5147619e-05
2.7442689e-05
3.1118386e-05
3.6413697e-05
4.3689739e-05
5.3483427e-05
6.6626373e-05
8.4488458e-05
0.00010949953
0.00014638472
0.00020554533
0.00031437216
0.00056806084
0.0014428887
2.4080324e-05
2.5094293e-05
2.7389163e-05
3.1065058e-05
3.6361499e-05
4.3640166e-05
5.3438426e-05
6.6588093e-05
8.4458863e-05
0.00010947986
0.00014637474
0.00020554216
0.00031436771
0.00056803338
0.0014427327
2.4028833e-05
2.5042702e-05
2.733754e-05
3.1013869e-05
3.631172e-05
4.3593298e-05
5.3396373e-05
6.6552916e-05
8.4432394e-05
0.00010946318
0.00014636745
0.00020554124
0.00031436508
0.00056800767
0.0014425815
2.3978989e-05
2.4992833e-05
2.72878e-05
3.0964789e-05
3.6264316e-05
4.3549071e-05
5.3357188e-05
6.6520746e-05
8.4408941e-05
0.00010944937
0.00014636273
0.00020554247
0.00031436419
0.00056798367
0.0014424353
2.393078e-05
2.4944674e-05
2.7239922e-05
3.0917786e-05
3.621924e-05
4.3507424e-05
5.3320791e-05
6.6491485e-05
8.4388392e-05
0.0001094383
0.00014636045
0.00020554574
0.00031436495
0.00056796132
0.0014422939
2.3884196e-05
2.4898207e-05
2.7193884e-05
3.0872827e-05
3.6176446e-05
4.3468294e-05
5.3287103e-05
6.6465036e-05
8.4370637e-05
0.00010942987
0.0001463605
0.00020555093
0.00031436727
0.00056794057
0.0014421573
2.3839223e-05
2.4853418e-05
2.7149661e-05
3.0829878e-05
3.6135885e-05
4.3431616e-05
5.3256042e-05
6.6441305e-05
8.4355568e-05
0.00010942395
0.00014636276
0.00020555795
0.00031437106
0.00056792136
0.0014420255
2.3795844e-05
2.4810287e-05
2.7107229e-05
3.0788903e-05
3.6097508e-05
4.3397329e-05
5.3227531e-05
6.6420196e-05
8.4343077e-05
0.00010942044
0.00014636711
0.00020556668
0.00031437624
0.00056790365
0.0014418985
2.3754046e-05
2.4768794e-05
2.7066561e-05
3.0749866e-05
3.6061268e-05
4.3365367e-05
5.3201487e-05
6.6401615e-05
8.4333058e-05
0.0001094192
0.00014637345
0.00020557703
0.00031438273
0.00056788739
0.0014417762
2.3713808e-05
2.4728921e-05
2.7027631e-05
3.071273e-05
3.6027114e-05
4.3335666e-05
5.3177833e-05
6.6385467e-05
8.4325406e-05
0.00010942015
0.00014638166
0.00020558889
0.00031439045
0.00056787252
0.0014416586
2.3675115e-05
2.4690645e-05
2.6990411e-05
3.0677458e-05
3.5994996e-05
4.3308162e-05
5.3156489e-05
6.637166e-05
8.4320018e-05
0.00010942316
0.00014639165
0.00020560217
0.00031439933
0.00056785899
0.0014415456
2.3637945e-05
2.4653943e-05
2.695487e-05
3.064401e-05
3.5964864e-05
4.328279e-05
5.3137377e-05
6.6360104e-05
8.4316792e-05
0.00010942814
0.0001464033
0.00020561679
0.00031440929
0.00056784676
0.0014414371
2.3602277e-05
2.4618792e-05
2.6920981e-05
3.0612349e-05
3.5936667e-05
4.3259487e-05
5.3120418e-05
6.6350706e-05
8.4315629e-05
0.00010943498
0.00014641651
0.00020563264
0.00031442026
0.00056783578
0.0014413331
2.3568091e-05
2.4585168e-05
2.6888712e-05
3.0582434e-05
3.5910353e-05
4.3238189e-05
5.3105535e-05
6.6343377e-05
8.4316431e-05
0.00010944357
0.00014643119
0.00020564964
0.00031443218
0.000567826
0.0014412335
2.3535364e-05
2.4553045e-05
2.6858031e-05
3.0554226e-05
3.5885873e-05
4.3218831e-05
5.3092652e-05
6.6338031e-05
8.4319102e-05
0.00010945382
0.00014644724
0.0002056677
0.00031444497
0.00056781738
0.0014411382
2.3504073e-05
2.4522397e-05
2.6828908e-05
3.0527683e-05
3.5863173e-05
4.320135e-05
5.3081691e-05
6.6334579e-05
8.4323547e-05
0.00010946563
0.00014646457
0.00020568675
0.00031445857
0.00056780987
0.0014410473
2.3474193e-05
2.4493198e-05
2.680131e-05
3.0502766e-05
3.5842205e-05
4.3185682e-05
5.307258e-05
6.6332936e-05
8.4329673e-05
0.00010947891
0.00014648308
0.00020570671
0.00031447292
0.00056780343
0.0014409605
2.3445699e-05
2.446542e-05
2.6775203e-05
3.0479433e-05
3.5822914e-05
4.3171766e-05
5.3065242e-05
6.6333019e-05
8.4337391e-05
0.00010949356
0.0001465027
0.0002057275
0.00031448797
0.00056779801
0.0014408779
2.3418567e-05
2.4439036e-05
2.6750556e-05
3.0457643e-05
3.5805252e-05
4.3159538e-05
5.3059605e-05
6.6334745e-05
8.4346613e-05
0.0001095095
0.00014652334
0.00020574904
0.00031450364
0.00056779358
0.0014407993
2.339277e-05
2.4414016e-05
2.6727333e-05
3.0437355e-05
3.5789166e-05
4.3148937e-05
5.3055597e-05
6.6338033e-05
8.4357251e-05
0.00010952663
0.00014654491
0.00020577128
0.00031451989
0.00056779008
0.0014407247
2.3368282e-05
2.4390333e-05
2.6705501e-05
3.0418527e-05
3.5774606e-05
4.3139901e-05
5.3053146e-05
6.6342803e-05
8.4369222e-05
0.00010954489
0.00014656733
0.00020579412
0.00031453666
0.00056778748
0.0014406539
2.3345076e-05
2.4367957e-05
2.6685026e-05
3.0401118e-05
3.576152e-05
4.3132371e-05
5.3052182e-05
6.6348978e-05
8.4382444e-05
0.00010956417
0.00014659054
0.00020581752
0.00031455391
0.00056778574
0.001440587
2.3323124e-05
2.4346858e-05
2.6665874e-05
3.0385085e-05
3.574986e-05
4.3126286e-05
5.3052637e-05
6.6356482e-05
8.4396836e-05
0.00010958441
0.00014661445
0.00020584141
0.00031457158
0.00056778482
0.0014405238
2.3302399e-05
2.4327006e-05
2.6648008e-05
3.0370389e-05
3.5739575e-05
4.3121588e-05
5.3054443e-05
6.636524e-05
8.4412321e-05
0.00010960552
0.000146639
0.00020586573
0.00031458962
0.00056778468
0.0014404642
2.3282872e-05
2.4308371e-05
2.6631396e-05
3.0356986e-05
3.5730614e-05
4.3118217e-05
5.3057532e-05
6.637518e-05
8.4428824e-05
0.00010962744
0.00014666412
0.00020589042
0.00031460799
0.00056778529
0.0014404081
2.3264515e-05
2.4290922e-05
2.6616001e-05
3.0344835e-05
3.572293e-05
4.3116117e-05
5.3061841e-05
6.638623e-05
8.444627e-05
0.00010965009
0.00014668973
0.00020591543
0.00031462665
0.0005677866
0.0014403555
2.32473e-05
2.4274629e-05
2.6601789e-05
3.0333897e-05
3.5716474e-05
4.311523e-05
5.3067305e-05
6.6398322e-05
8.4464588e-05
0.0001096734
0.00014671579
0.0002059407
0.00031464555
0.00056778858
0.0014403062
2.3231197e-05
2.4259461e-05
2.6588725e-05
3.0324129e-05
3.5711196e-05
4.3115502e-05
5.3073862e-05
6.6411387e-05
8.4483709e-05
0.0001096973
0.00014674222
0.00020596618
0.00031466466
0.0005677912
0.0014402602
2.3216178e-05
2.4245388e-05
2.6576774e-05
3.0315492e-05
3.5707051e-05
4.3116877e-05
5.3081449e-05
6.6425361e-05
8.4503566e-05
0.00010972173
0.00014676898
0.00020599182
0.00031468393
0.00056779442
0.0014402174
2.3202213e-05
2.4232377e-05
2.6565902e-05
3.0307944e-05
3.5703991e-05
4.3119301e-05
5.3090008e-05
6.6440178e-05
8.4524094e-05
0.00010974663
0.000146796
0.00020601758
0.00031470333
0.00056779821
0.0014401777
2.3189273e-05
2.4220399e-05
2.6556072e-05
3.0301446e-05
3.5701969e-05
4.3122722e-05
5.309948e-05
6.6455778e-05
8.4545231e-05
0.00010977194
0.00014682323
0.00020604342
0.00031472283
0.00056780254
0.001440141
2.3177328e-05
2.4209422e-05
2.6547252e-05
3.0295958e-05
3.5700941e-05
4.3127089e-05
5.3109808e-05
6.64721e-05
8.4566916e-05
0.00010979759
0.00014685061
0.00020606928
0.00031474239
0.00056780738
0.0014401072
2.3166351e-05
2.4199415e-05
2.6539407e-05
3.0291441e-05
3.570086e-05
4.3132349e-05
5.3120936e-05
6.6489086e-05
8.4589089e-05
0.00010982355
0.00014687811
0.00020609514
0.00031476197
0.00056781269
0.0014400762
2.315631e-05
2.4190348e-05
2.6532503e-05
3.0287857e-05
3.5701683e-05
4.3138454e-05
5.313281e-05
6.6506678e-05
8.4611695e-05
0.00010984974
0.00014690568
0.00020612095
0.00031478156
0.00056781844
0.0014400479
2.3147178e-05
2.4182189e-05
2.6526505e-05
3.0285167e-05
3.5703367e-05
4.3145354e-05
5.3145378e-05
6.6524821e-05
8.463468e-05
0.00010987612
0.00014693327
0.00020614667
0.00031480112
0.00056782461
0.0014400223
2.3138925e-05
2.4174909e-05
2.652138e-05
3.0283333e-05
3.5705869e-05
4.3153003e-05
5.3158587e-05
6.6543463e-05
8.4657991e-05
0.00010990265
0.00014696083
0.00020617228
0.00031482063
0.00056783117
0.0014399993
2.3131521e-05
2.4168477e-05
2.6517095e-05
3.0282318e-05
3.5709146e-05
4.3161354e-05
5.3172389e-05
6.6562553e-05
8.4681578e-05
0.00010992927
0.00014698833
0.00020619775
0.00031484005
0.0005678381
0.0014399787
2.3124939e-05
2.4162863e-05
2.6513618e-05
3.0282085e-05
3.5713158e-05
4.3170362e-05
5.3186735e-05
6.658204e-05
8.4705392e-05
0.00010995595
0.00014701574
0.00020622303
0.00031485937
0.00056784535
0.0014399604
2.311915e-05
2.4158036e-05
2.6510915e-05
3.0282598e-05
3.5717865e-05
4.3179982e-05
5.3201578e-05
6.6601877e-05
8.4729387e-05
0.00010998263
0.00014704301
0.0002062481
0.00031487857
0.00056785292
0.0014399445
2.3114124e-05
2.4153969e-05
2.6508955e-05
3.0283822e-05
3.5723226e-05
4.3190173e-05
5.3216872e-05
6.6622018e-05
8.475352e-05
0.00011000929
0.00014707011
0.00020627294
0.00031489761
0.00056786077
0.0014399308
2.3109834e-05
2.415063e-05
2.6507705e-05
3.0285722e-05
3.5729205e-05
4.3200891e-05
5.3232574e-05
6.6642419e-05
8.4777747e-05
0.00011003587
0.00014709701
0.00020629752
0.00031491648
0.00056786888
0.0014399192
2.3106253e-05
2.4147991e-05
2.6507135e-05
3.0288263e-05
3.5735762e-05
4.3212096e-05
5.3248641e-05
6.6663037e-05
8.4802028e-05
0.00011006236
0.00014712368
0.00020632182
0.00031493517
0.00056787723
0.0014399097
2.3103352e-05
2.4146023e-05
2.6507214e-05
3.0291411e-05
3.5742862e-05
4.322375e-05
5.3265033e-05
6.668383e-05
8.4826324e-05
0.0001100887
0.00014715009
0.00020634581
0.00031495365
0.00056788579
0.0014399021
2.3101103e-05
2.4144698e-05
2.6507912e-05
3.0295135e-05
3.5750468e-05
4.3235812e-05
5.3281708e-05
6.670476e-05
8.4850599e-05
0.00011011487
0.00014717621
0.00020636948
0.0003149719
0.00056789455
0.0014398964
2.3099481e-05
2.4143989e-05
2.6509198e-05
3.0299401e-05
3.5758546e-05
4.3248248e-05
5.329863e-05
6.6725789e-05
8.4874816e-05
0.00011014084
0.00014720202
0.0002063928
0.00031498992
0.00056790347
0.0014398925
2.3098458e-05
2.4143867e-05
2.6511043e-05
3.0304178e-05
3.5767061e-05
4.326102e-05
5.3315762e-05
6.6746882e-05
8.4898944e-05
0.00011016658
0.0001472275
0.00020641576
0.00031500768
0.00056791255
0.0014398903
2.3098008e-05
2.4144305e-05
2.6513419e-05
3.0309436e-05
3.5775981e-05
4.3274094e-05
5.3333068e-05
6.6768003e-05
8.4922951e-05
0.00011019206
0.00014725262
0.00020643834
0.00031502517
0.00056792175
0.0014398897
2.3098105e-05
2.4145277e-05
2.6516298e-05
3.0315143e-05
3.5785273e-05
4.3287436e-05
5.3350514e-05
6.678912e-05
8.4946806e-05
0.00011021725
0.00014727737
0.00020646052
0.00031504239
0.00056793107
0.0014398907
2.3098723e-05
2.4146757e-05
2.6519652e-05
3.0321271e-05
3.5794906e-05
4.3301014e-05
5.3368068e-05
6.6810202e-05
8.4970481e-05
0.00011024214
0.00014730172
0.0002064823
0.00031505931
0.00056794047
0.0014398932
2.3099838e-05
2.4148719e-05
2.6523454e-05
3.0327791e-05
3.5804851e-05
4.3314797e-05
5.3385698e-05
6.6831219e-05
8.4993949e-05
0.0001102667
0.00014732566
0.00020650366
0.00031507593
0.00056794996
0.0014398971
2.3101425e-05
2.4151137e-05
2.6527677e-05
3.0334675e-05
3.5815077e-05
4.3328755e-05
5.3403375e-05
6.6852143e-05
8.5017186e-05
0.00011029091
0.00014734917
0.00020652458
0.00031509224
0.0005679595
0.0014399023
2.3103459e-05
2.4153987e-05
2.6532296e-05
3.0341896e-05
3.5825556e-05
4.3342857e-05
5.342107e-05
6.6872947e-05
8.5040168e-05
0.00011031475
0.00014737225
0.00020654507
0.00031510823
0.00056796908
0.0014399088
2.3105917e-05
2.4157245e-05
2.6537285e-05
3.0349427e-05
3.5836262e-05
4.3357078e-05
5.3438756e-05
6.6893606e-05
8.5062873e-05
0.0001103382
0.00014739486
0.00020656511
0.00031512389
0.00056797869
0.0014399166
2.3108776e-05
2.4160887e-05
2.654262e-05
3.0357243e-05
3.5847167e-05
4.337139e-05
5.3456407e-05
6.6914095e-05
8.5085281e-05
0.00011036124
0.00014741701
0.00020658468
0.00031513922
0.0005679883
0.0014399254
2.3112012e-05
2.416489e-05
2.6548277e-05
3.0365319e-05
3.5858246e-05
4.3385767e-05
5.3473998e-05
6.6934393e-05
8.5107371e-05
0.00011038387
0.00014743869
0.0002066038
0.0003151542
0.00056799792
0.0014399353
2.3115604e-05
2.416923e-05
2.6554233e-05
3.0373631e-05
3.5869474e-05
4.3400185e-05
5.3491506e-05
6.6954478e-05
8.5129127e-05
0.00011040607
0.00014745988
0.00020662244
0.00031516884
0.00056800752
0.0014399462
2.311953e-05
2.4173887e-05
2.6560465e-05
3.0382155e-05
3.5880827e-05
4.3414621e-05
5.3508909e-05
6.6974331e-05
8.5150531e-05
0.00011042782
0.00014748057
0.00020664061
0.00031518313
0.00056801709
0.0014399581
2.3123769e-05
2.4178838e-05
2.656695e-05
3.039087e-05
3.5892284e-05
4.3429052e-05
5.3526186e-05
6.6993932e-05
8.517157e-05
0.00011044912
0.00014750077
0.0002066583
0.00031519706
0.00056802662
0.0014399708
2.3128298e-05
2.4184063e-05
2.6573668e-05
3.0399752e-05
3.5903821e-05
4.3443457e-05
5.3543317e-05
6.7013264e-05
8.5192228e-05
0.00011046995
0.00014752046
0.0002066755
0.00031521064
0.0005680361
0.0014399844
2.31331e-05
2.418954e-05
2.6580597e-05
3.0408782e-05
3.5915419e-05
4.3457816e-05
5.3560283e-05
6.7032312e-05
8.5212493e-05
0.00011049031
0.00014753963
0.00020669223
0.00031522385
0.00056804552
0.0014399987
2.3138153e-05
2.4195251e-05
2.6587718e-05
3.0417939e-05
3.5927056e-05
4.3472109e-05
5.3577066e-05
6.7051061e-05
8.5232354e-05
0.00011051018
0.00014755829
0.00020670846
0.0003152367
0.00056805485
0.0014400137
2.3143439e-05
2.4201175e-05
2.659501e-05
3.0427202e-05
3.5938714e-05
4.3486318e-05
5.3593651e-05
6.7069495e-05
8.5251799e-05
0.00011052957
0.00014757643
0.00020672421
0.00031524919
0.00056806414
0.0014400294
2.3148939e-05
2.4207295e-05
2.6602456e-05
3.0436554e-05
3.5950374e-05
4.3500426e-05
5.3610022e-05
6.7087604e-05
8.5270821e-05
0.00011054846
0.00014759405
0.00020673948
0.00031526132
0.00056807331
0.0014400456
2.3154634e-05
2.4213591e-05
2.6610037e-05
3.0445977e-05
3.5962019e-05
4.3514416e-05
5.3626164e-05
6.7105375e-05
8.528941e-05
0.00011056685
0.00014761115
0.00020675426
0.00031527309
0.00056808231
0.0014400624
2.3160508e-05
2.4220047e-05
2.6617735e-05
3.0455452e-05
3.5973632e-05
4.3528274e-05
5.3642064e-05
6.7122798e-05
8.530756e-05
0.00011058475
0.00014762773
0.00020676855
0.00031528448
0.0005680911
0.0014400796
2.3166543e-05
2.4226646e-05
2.6625534e-05
3.0464964e-05
3.5985197e-05
4.3541984e-05
5.3657709e-05
6.7139862e-05
8.5325264e-05
0.00011060213
0.00014764379
0.00020678237
0.00031529553
0.00056809962
0.0014400972
2.3172723e-05
2.423337e-05
2.6633416e-05
3.0474496e-05
3.59967e-05
4.3555533e-05
5.3673089e-05
6.715656e-05
8.5342517e-05
0.00011061901
0.00014765932
0.00020679571
0.00031530618
0.00056810791
0.0014401152
2.3179032e-05
2.4240204e-05
2.6641367e-05
3.0484033e-05
3.6008125e-05
4.3568908e-05
5.3688193e-05
6.7172884e-05
8.5359315e-05
0.00011063539
0.00014767434
0.00020680857
0.00031531643
0.00056811598
0.0014401335
2.3185455e-05
2.4247133e-05
2.6649371e-05
3.0493561e-05
3.6019459e-05
4.3582098e-05
5.3703011e-05
6.7188828e-05
8.5375654e-05
0.00011065125
0.00014768885
0.00020682097
0.00031532623
0.00056812387
0.001440152
2.3191976e-05
2.4254142e-05
2.6657415e-05
3.0503067e-05
3.603069e-05
4.3595091e-05
5.3717534e-05
6.7204384e-05
8.5391532e-05
0.00011066661
0.00014770284
0.00020683289
0.0003153356
0.00056813157
0.0014401708
2.3198582e-05
2.4261217e-05
2.6665483e-05
3.0512535e-05
3.6041806e-05
4.3607877e-05
5.3731755e-05
6.721955e-05
8.5406947e-05
0.00011068147
0.00014771632
0.00020684432
0.00031534455
0.00056813911
0.0014401898
2.3205258e-05
2.4268344e-05
2.6673563e-05
3.0521956e-05
3.6052795e-05
4.3620447e-05
5.3745666e-05
6.7234319e-05
8.5421899e-05
0.00011069582
0.0001477293
0.00020685525
0.00031535312
0.00056814647
0.0014402089
2.3211991e-05
2.427551e-05
2.6681643e-05
3.0531316e-05
3.6063647e-05
4.3632793e-05
5.3759262e-05
6.7248691e-05
8.5436388e-05
0.00011070967
0.00014774178
0.00020686567
0.0003153613
0.00056815367
0.0014402282
2.3218769e-05
2.4282703e-05
2.6689709e-05
3.0540604e-05
3.6074352e-05
4.3644905e-05
5.3772538e-05
6.7262661e-05
8.5450415e-05
0.00011072303
0.00014775375
0.0002068756
0.00031536912
0.0005681607
0.0014402475
2.322558e-05
2.428991e-05
2.6697752e-05
3.054981e-05
3.6084902e-05
4.3656778e-05
5.3785488e-05
6.7276229e-05
8.5463981e-05
0.00011073589
0.0001477652
0.00020688507
0.00031537657
0.00056816757
0.0014402669
2.3232412e-05
2.4297121e-05
2.6705759e-05
3.0558924e-05
3.6095287e-05
4.3668404e-05
5.3798109e-05
6.7289395e-05
8.5477088e-05
0.00011074827
0.00014777614
0.00020689407
0.00031538369
0.00056817429
0.0014402864
2.3239253e-05
2.4304324e-05
2.6713721e-05
3.0567937e-05
3.61055e-05
4.3679779e-05
5.3810398e-05
6.7302156e-05
8.5489738e-05
0.00011076015
0.00014778657
0.00020690262
0.00031539046
0.00056818084
0.0014403058
2.3246094e-05
2.431151e-05
2.6721629e-05
3.057684e-05
3.6115534e-05
4.3690898e-05
5.3822353e-05
6.7314516e-05
8.5501939e-05
0.00011077153
0.0001477965
0.00020691074
0.00031539691
0.00056818723
0.0014403252
2.3252923e-05
2.4318667e-05
2.6729472e-05
3.0585625e-05
3.6125382e-05
4.3701755e-05
5.3833973e-05
6.7326474e-05
8.5513686e-05
0.00011078241
0.00014780596
0.00020691844
0.00031540304
0.00056819347
0.0014403445
2.3259732e-05
2.4325788e-05
2.6737242e-05
3.0594284e-05
3.613504e-05
4.3712349e-05
5.3845256e-05
6.7338035e-05
8.5524971e-05
0.00011079281
0.00014781495
0.00020692572
0.00031540886
0.00056819956
0.0014403638
2.3266511e-05
2.4332862e-05
2.6744931e-05
3.0602812e-05
3.61445e-05
4.3722675e-05
5.3856201e-05
6.7349197e-05
8.5535799e-05
0.00011080273
0.00014782348
0.0002069326
0.00031541438
0.00056820549
0.001440383
2.3273251e-05
2.4339882e-05
2.6752531e-05
3.06112e-05
3.615376e-05
4.3732731e-05
5.3866812e-05
6.7359953e-05
8.5546175e-05
0.00011081219
0.00014783156
0.0002069391
0.00031541961
0.00056821127
0.001440402
2.3279944e-05
2.434684e-05
2.6760036e-05
3.0619444e-05
3.6162815e-05
4.3742517e-05
5.3877086e-05
6.7370305e-05
8.5556105e-05
0.00011082119
0.0001478392
0.00020694521
0.00031542456
0.00056821691
0.0014404209
2.3286583e-05
2.4353728e-05
2.6767439e-05
3.0627539e-05
3.6171662e-05
4.3752031e-05
5.3887016e-05
6.7380256e-05
8.5565598e-05
0.00011082973
0.00014784641
0.00020695095
0.00031542924
0.00056822239
0.0014404396
2.329316e-05
2.4360539e-05
2.6774733e-05
3.0635478e-05
3.6180298e-05
4.376127e-05
5.3896603e-05
6.7389809e-05
8.5574659e-05
0.00011083784
0.00014785321
0.00020695634
0.00031543365
0.00056822774
0.0014404582
2.3299668e-05
2.4367267e-05
2.6781913e-05
3.064326e-05
3.618872e-05
4.3770229e-05
5.3905849e-05
6.7398971e-05
8.5583296e-05
0.00011084552
0.00014785961
0.00020696137
0.0003154378
0.00056823294
0.0014404766
2.3306101e-05
2.4373906e-05
2.6788975e-05
3.065088e-05
3.6196924e-05
4.3778907e-05
5.3914754e-05
6.7407744e-05
8.5591515e-05
0.00011085278
0.00014786561
0.00020696607
0.00031544169
0.000568238
0.0014404948
2.3312452e-05
2.4380451e-05
2.6795913e-05
3.0658332e-05
3.6204905e-05
4.3787303e-05
5.3923323e-05
6.7416135e-05
8.5599326e-05
0.00011085963
0.00014787122
0.00020697044
0.00031544534
0.00056824291
0.0014405128
2.3318718e-05
2.4386896e-05
2.6802722e-05
3.0665612e-05
3.6212661e-05
4.3795419e-05
5.3931556e-05
6.7424149e-05
8.5606735e-05
0.00011086607
0.00014787646
0.00020697449
0.00031544875
0.00056824768
0.0014405306
2.3324891e-05
2.4393236e-05
2.6809398e-05
3.0672718e-05
3.6220192e-05
4.3803254e-05
5.3939458e-05
6.7431791e-05
8.5613751e-05
0.00011087212
0.00014788133
0.00020697822
0.00031545192
0.00056825229
0.0014405482
2.3330968e-05
2.4399466e-05
2.6815936e-05
3.0679645e-05
3.6227496e-05
4.3810809e-05
5.3947032e-05
6.7439067e-05
8.5620381e-05
0.00011087779
0.00014788585
0.00020698165
0.00031545486
0.00056825675
0.0014405655
2.3336942e-05
2.4405582e-05
2.6822332e-05
3.0686391e-05
3.6234571e-05
4.3818086e-05
5.3954281e-05
6.7445984e-05
8.5626634e-05
0.00011088309
0.00014789002
0.00020698479
0.00031545757
0.00056826105
0.0014405826
2.334281e-05
2.4411578e-05
2.6828583e-05
3.0692955e-05
3.6241419e-05
4.3825087e-05
5.3961211e-05
6.7452548e-05
8.5632518e-05
0.00011088802
0.00014789385
0.00020698764
0.00031546006
0.00056826519
0.0014405995
2.3348568e-05
2.4417453e-05
2.6834686e-05
3.0699335e-05
3.6248038e-05
4.3831814e-05
5.3967824e-05
6.7458766e-05
8.5638041e-05
0.0001108926
0.00014789736
0.0002069902
0.00031546232
0.00056826916
0.001440616
2.3354211e-05
2.4423201e-05
2.6840639e-05
3.0705529e-05
3.625443e-05
4.383827e-05
5.3974128e-05
6.7464645e-05
8.5643213e-05
0.00011089683
0.00014790056
0.0002069925
0.00031546438
0.00056827296
0.0014406322
2.3359737e-05
2.4428821e-05
2.684644e-05
3.0711536e-05
3.6260595e-05
4.3844458e-05
5.3980126e-05
6.7470192e-05
8.5648043e-05
0.00011090073
0.00014790344
0.00020699454
0.00031546622
0.00056827658
0.0014406481
2.3365143e-05
2.443431e-05
2.6852086e-05
3.0717357e-05
3.6266535e-05
4.385038e-05
5.3985823e-05
6.7475414e-05
8.5652539e-05
0.0001109043
0.00014790603
0.00020699633
0.00031546786
0.00056828002
0.0014406637
2.3370426e-05
2.4439665e-05
2.6857577e-05
3.0722992e-05
3.6272251e-05
4.3856042e-05
5.3991227e-05
6.748032e-05
8.5656711e-05
0.00011090757
0.00014790834
0.00020699787
0.0003154693
0.0005682833
0.0014406788
2.3375584e-05
2.4444885e-05
2.6862911e-05
3.072844e-05
3.6277746e-05
4.3861446e-05
5.3996343e-05
6.7484918e-05
8.5660568e-05
0.00011091053
0.00014791037
0.00020699918
0.00031547056
0.0005682864
0.0014406936
2.3380615e-05
2.4449969e-05
2.6868089e-05
3.0733703e-05
3.6283023e-05
4.3866597e-05
5.4001177e-05
6.7489215e-05
8.5664122e-05
0.00011091319
0.00014791214
0.00020700027
0.00031547164
0.00056828934
0.0014407079
2.3385518e-05
2.4454915e-05
2.687311e-05
3.0738782e-05
3.6288082e-05
4.3871501e-05
5.4005737e-05
6.749322e-05
8.566738e-05
0.00011091558
0.00014791366
0.00020700115
0.00031547255
0.00056829212
0.0014407218
2.3390291e-05
2.4459723e-05
2.6877973e-05
3.0743677e-05
3.6292929e-05
4.3876161e-05
5.4010028e-05
6.7496942e-05
8.5670355e-05
0.00011091769
0.00014791494
0.00020700184
0.00031547331
0.00056829475
0.0014407353
2.3394933e-05
2.4464391e-05
2.6882679e-05
3.074839e-05
3.6297565e-05
4.3880582e-05
5.4014057e-05
6.750039e-05
8.5673055e-05
0.00011091955
0.00014791598
0.00020700233
0.00031547392
0.00056829726
0.0014407483
2.3399443e-05
2.4468919e-05
2.6887229e-05
3.0752924e-05
3.6301995e-05
4.3884771e-05
5.4017833e-05
6.7503572e-05
8.567549e-05
0.00011092116
0.00014791681
0.00020700265
0.0003154744
0.00056829964
0.0014407609
2.3403821e-05
2.4473308e-05
2.6891623e-05
3.0757279e-05
3.6306221e-05
4.3888731e-05
5.4021361e-05
6.7506497e-05
8.5677671e-05
0.00011092253
0.00014791744
0.00020700281
0.00031547476
0.00056830192
0.001440773
2.3408066e-05
2.4477557e-05
2.6895862e-05
3.0761459e-05
3.6310247e-05
4.3892468e-05
5.4024648e-05
6.7509173e-05
8.5679608e-05
0.00011092368
0.00014791787
0.0002070028
0.00031547501
0.00056830411
0.0014407848
2.3412178e-05
2.4481665e-05
2.6899947e-05
3.0765464e-05
3.6314076e-05
4.3895988e-05
5.4027702e-05
6.7511609e-05
8.5681309e-05
0.0001109246
0.00014791811
0.00020700266
0.00031547516
0.00056830622
0.0014407961
2.3416156e-05
2.4485634e-05
2.6903878e-05
3.0769298e-05
3.6317713e-05
4.3899296e-05
5.403053e-05
6.7513812e-05
8.5682785e-05
0.00011092532
0.00014791817
0.00020700237
0.00031547521
0.00056830825
0.0014408071
2.3420002e-05
2.4489464e-05
2.6907657e-05
3.0772962e-05
3.6321161e-05
4.3902396e-05
5.4033137e-05
6.7515792e-05
8.5684043e-05
0.00011092585
0.00014791807
0.00020700196
0.00031547517
0.00056831023
0.0014408179
2.3423714e-05
2.4493155e-05
2.6911286e-05
3.0776458e-05
3.6324423e-05
4.3905294e-05
5.4035531e-05
6.7517555e-05
8.5685093e-05
0.00011092618
0.00014791781
0.00020700143
0.00031547505
0.00056831214
0.0014408283
2.3427293e-05
2.4496708e-05
2.6914765e-05
3.077979e-05
3.6327503e-05
4.3907994e-05
5.4037717e-05
6.7519109e-05
8.5685942e-05
0.00011092633
0.00014791739
0.00020700077
0.00031547485
0.00056831399
0.0014408384
2.343074e-05
2.4500123e-05
2.6918095e-05
3.0782958e-05
3.6330405e-05
4.3910503e-05
5.4039703e-05
6.7520461e-05
8.5686598e-05
0.00011092631
0.00014791683
0.000207
0.00031547456
0.00056831578
0.0014408484
2.3434055e-05
2.4503402e-05
2.692128e-05
3.0785967e-05
3.6333131e-05
4.3912824e-05
5.4041493e-05
6.7521618e-05
8.5687067e-05
0.00011092611
0.00014791613
0.00020699912
0.00031547418
0.00056831748
0.0014408581
2.3437239e-05
2.4506545e-05
2.6924319e-05
3.0788818e-05
3.6335687e-05
4.3914962e-05
5.4043093e-05
6.7522586e-05
8.5687358e-05
0.00011092576
0.00014791529
0.00020699813
0.00031547372
0.00056831911
0.0014408676
2.3440294e-05
2.4509555e-05
2.6927215e-05
3.0791515e-05
3.6338075e-05
4.3916922e-05
5.404451e-05
6.7523372e-05
8.5687477e-05
0.00011092526
0.00014791432
0.00020699703
0.00031547317
0.00056832063
0.0014408769
2.3443221e-05
2.4512432e-05
2.692997e-05
3.0794059e-05
3.63403e-05
4.3918709e-05
5.404575e-05
6.7523982e-05
8.568743e-05
0.0001109246
0.00014791322
0.00020699583
0.00031547252
0.00056832203
0.001440886
2.3446021e-05
2.4515178e-05
2.6932587e-05
3.0796454e-05
3.6342365e-05
4.3920328e-05
5.4046817e-05
6.7524424e-05
8.5687224e-05
0.00011092381
0.000147912
0.00020699452
0.00031547177
0.0005683233
0.0014408949
2.3448696e-05
2.4517796e-05
2.6935068e-05
3.0798704e-05
3.6344275e-05
4.3921784e-05
5.4047718e-05
6.7524702e-05
8.5686866e-05
0.00011092288
0.00014791067
0.00020699312
0.00031547092
0.00056832441
0.0014409035
2.3451249e-05
2.4520287e-05
2.6937415e-05
3.0800811e-05
3.6346033e-05
4.3923082e-05
5.4048459e-05
6.7524824e-05
8.5686362e-05
0.00011092182
0.00014790922
0.00020699161
0.00031546996
0.00056832537
0.0014409118
2.3453681e-05
2.4522654e-05
2.6939631e-05
3.0802779e-05
3.6347644e-05
4.3924227e-05
5.4049046e-05
6.7524797e-05
8.5685719e-05
0.00011092063
0.00014790767
0.00020699001
0.0003154689
0.00056832615
0.0014409197
2.3455996e-05
2.4524901e-05
2.694172e-05
3.0804613e-05
3.6349114e-05
4.3925226e-05
5.4049486e-05
6.7524627e-05
8.5684945e-05
0.00011091933
0.00014790602
0.00020698833
0.00031546774
0.00056832676
0.0014409273
2.3458195e-05
2.4527029e-05
2.6943686e-05
3.0806315e-05
3.6350446e-05
4.3926083e-05
5.4049785e-05
6.7524322e-05
8.5684047e-05
0.00011091793
0.00014790428
0.00020698656
0.00031546648
0.00056832719
0.0014409343
2.3460282e-05
2.4529041e-05
2.6945531e-05
3.0807892e-05
3.6351646e-05
4.3926805e-05
5.4049949e-05
6.7523889e-05
8.5683033e-05
0.00011091642
0.00014790246
0.00020698473
0.00031546514
0.00056832746
0.0014409409
2.346226e-05
2.4530942e-05
2.6947259e-05
3.0809345e-05
3.6352719e-05
4.3927398e-05
5.4049987e-05
6.7523336e-05
8.5681912e-05
0.00011091482
0.00014790057
0.00020698283
0.00031546374
0.00056832758
0.001440947
2.3464131e-05
2.4532734e-05
2.6948874e-05
3.0810682e-05
3.6353671e-05
4.3927869e-05
5.4049904e-05
6.7522672e-05
8.5680692e-05
0.00011091314
0.00014789861
0.00020698089
0.00031546227
0.00056832756
0.0014409525
2.3465899e-05
2.453442e-05
2.695038e-05
3.0811905e-05
3.6354506e-05
4.3928222e-05
5.4049709e-05
6.7521902e-05
8.5679381e-05
0.00011091139
0.0001478966
0.0002069789
0.00031546077
0.00056832744
0.0014409575
2.3467566e-05
2.4536004e-05
2.6951781e-05
3.0813019e-05
3.6355231e-05
4.3928466e-05
5.4049408e-05
6.7521037e-05
8.5677987e-05
0.00011090957
0.00014789454
0.0002069769
0.00031545925
0.00056832723
0.0014409619
2.3469134e-05
2.4537489e-05
2.6953079e-05
3.0814029e-05
3.635585e-05
4.3928605e-05
5.4049008e-05
6.7520083e-05
8.567652e-05
0.0001109077
0.00014789246
0.00020697487
0.00031545772
0.00056832699
0.0014409658
2.3470608e-05
2.4538877e-05
2.695428e-05
3.0814939e-05
3.6356368e-05
4.3928646e-05
5.4048517e-05
6.7519048e-05
8.5674988e-05
0.00011090579
0.00014789034
0.00020697285
0.0003154562
0.00056832673
0.0014409692
2.3471988e-05
2.4540171e-05
2.6955386e-05
3.0815753e-05
3.6356791e-05
4.3928595e-05
5.404794e-05
6.7517939e-05
8.5673398e-05
0.00011090383
0.00014788822
0.00020697083
0.00031545471
0.00056832648
0.0014409722
2.3473277e-05
2.4541375e-05
2.69564e-05
3.0816475e-05
3.6357123e-05
4.3928457e-05
5.4047283e-05
6.7516762e-05
8.5671756e-05
0.00011090184
0.00014788608
0.00020696883
0.00031545326
0.00056832628
0.0014409749
2.3474478e-05
2.454249e-05
2.6957325e-05
3.0817108e-05
3.6357368e-05
4.3928237e-05
5.4046553e-05
6.7515525e-05
8.567007e-05
0.00011089983
0.00014788394
0.00020696686
0.00031545187
0.00056832614
0.0014409772
2.3475593e-05
2.4543519e-05
2.6958164e-05
3.0817656e-05
3.6357531e-05
4.3927939e-05
5.4045755e-05
6.7514232e-05
8.5668346e-05
0.0001108978
0.0001478818
0.00020696491
0.00031545052
0.00056832609
0.0014409794
2.3476622e-05
2.4544464e-05
2.6958919e-05
3.0818122e-05
3.6357614e-05
4.3927568e-05
5.4044893e-05
6.7512889e-05
8.5666587e-05
0.00011089576
0.00014787968
0.00020696299
0.00031544924
0.00056832612
0.0014409815
2.3477569e-05
2.4545326e-05
2.6959593e-05
3.0818508e-05
3.6357622e-05
4.3927127e-05
5.4043971e-05
6.7511499e-05
8.5664798e-05
0.0001108937
0.00014787755
0.00020696109
0.000315448
0.00056832624
0.0014409836
2.3478434e-05
2.4546108e-05
2.6960188e-05
3.0818817e-05
3.6357556e-05
4.3926621e-05
5.4042992e-05
6.7510065e-05
8.5662981e-05
0.00011089163
0.00014787544
0.00020695922
0.00031544681
0.00056832645
0.0014409857
2.3479218e-05
2.454681e-05
2.6960705e-05
3.0819051e-05
3.635742e-05
4.392605e-05
5.404196e-05
6.7508592e-05
8.566114e-05
0.00011088956
0.00014787333
0.00020695737
0.00031544565
0.00056832671
0.001440988
2.3479925e-05
2.4547435e-05
2.6961146e-05
3.0819212e-05
3.6357215e-05
4.3925419e-05
5.4040878e-05
6.7507081e-05
8.5659275e-05
0.00011088747
0.00014787123
0.00020695554
0.00031544452
0.00056832702
0.0014409903
2.3480555e-05
2.4547985e-05
2.6961513e-05
3.0819302e-05
3.6356945e-05
4.392473e-05
5.4039747e-05
6.7505533e-05
8.5657389e-05
0.00011088538
0.00014786913
0.00020695371
0.00031544339
0.00056832733
0.0014409929
2.3481111e-05
2.4548461e-05
2.6961809e-05
3.0819323e-05
3.6356612e-05
4.3923984e-05
5.403857e-05
6.7503952e-05
8.5655481e-05
0.00011088328
0.00014786702
0.00020695188
0.00031544224
0.00056832761
0.0014409956
2.3481594e-05
2.4548865e-05
2.6962034e-05
3.0819278e-05
3.6356216e-05
4.3923185e-05
5.4037349e-05
6.7502338e-05
8.5653553e-05
0.00011088117
0.00014786492
0.00020695004
0.00031544106
0.00056832783
0.0014409984
2.3482007e-05
2.45492e-05
2.6962192e-05
3.0819168e-05
3.6355761e-05
4.3922333e-05
5.4036086e-05
6.7500693e-05
8.5651606e-05
0.00011087905
0.0001478628
0.00020694818
0.00031543984
0.00056832795
0.0014410013
2.3482352e-05
2.4549467e-05
2.6962283e-05
3.0818995e-05
3.635525e-05
4.3921432e-05
5.4034782e-05
6.7499018e-05
8.564964e-05
0.00011087692
0.00014786068
0.00020694631
0.00031543856
0.00056832793
0.0014410041
2.3482633e-05
2.4549669e-05
2.6962312e-05
3.0818763e-05
3.6354684e-05
4.3920484e-05
5.4033441e-05
6.7497317e-05
8.5647657e-05
0.00011087478
0.00014785855
0.00020694441
0.00031543721
0.00056832775
0.001441007
2.3482852e-05
2.454981e-05
2.6962281e-05
3.0818475e-05
3.6354067e-05
4.3919493e-05
5.4032065e-05
6.749559e-05
8.5645659e-05
0.00011087263
0.00014785642
0.00020694248
0.00031543578
0.00056832739
0.0014410096
2.3483012e-05
2.4549893e-05
2.6962193e-05
3.0818133e-05
3.6353401e-05
4.391846e-05
5.4030658e-05
6.7493843e-05
8.5643649e-05
0.00011087048
0.00014785427
0.00020694054
0.00031543429
0.00056832684
0.001441012
2.3483117e-05
2.454992e-05
2.6962051e-05
3.0817741e-05
3.6352691e-05
4.391739e-05
5.4029222e-05
6.7492077e-05
8.564163e-05
0.00011086832
0.00014785213
0.00020693857
0.00031543272
0.00056832608
0.001441014
2.348317e-05
2.4549896e-05
2.696186e-05
3.0817302e-05
3.635194e-05
4.3916287e-05
5.4027762e-05
6.7490296e-05
8.5639607e-05
0.00011086617
0.00014784998
0.0002069366
0.0003154311
0.00056832514
0.0014410156
2.3483176e-05
2.4549823e-05
2.6961622e-05
3.0816821e-05
3.6351152e-05
4.3915155e-05
5.4026283e-05
6.7488506e-05
8.5637584e-05
0.00011086402
0.00014784785
0.00020693463
0.00031542944
0.00056832403
0.0014410167
2.3483137e-05
2.4549707e-05
2.6961342e-05
3.0816301e-05
3.6350332e-05
4.3913998e-05
5.4024788e-05
6.7486712e-05
8.5635566e-05
0.00011086189
0.00014784574
0.00020693266
0.00031542775
0.00056832278
0.0014410172
2.3483057e-05
2.454955e-05
2.6961023e-05
3.0815747e-05
3.6349483e-05
4.3912821e-05
5.4023282e-05
6.7484917e-05
8.5633559e-05
0.00011085978
0.00014784365
0.00020693072
0.00031542607
0.00056832142
0.0014410171
2.348294e-05
2.4549357e-05
2.696067e-05
3.0815162e-05
3.634861e-05
4.3911628e-05
5.4021772e-05
6.7483129e-05
8.5631569e-05
0.00011085769
0.00014784159
0.00020692882
0.0003154244
0.00056832
0.0014410164
2.3482789e-05
2.4549129e-05
2.6960286e-05
3.0814551e-05
3.6347718e-05
4.3910424e-05
5.402026e-05
6.7481351e-05
8.5629602e-05
0.00011085564
0.00014783959
0.00020692697
0.00031542278
0.00056831856
0.0014410152
2.3482605e-05
2.4548872e-05
2.6959875e-05
3.0813918e-05
3.6346809e-05
4.3909213e-05
5.4018753e-05
6.7479589e-05
8.5627662e-05
0.00011085363
0.00014783763
0.00020692518
0.00031542123
0.00056831716
0.0014410134
2.3482393e-05
2.4548586e-05
2.6959439e-05
3.0813265e-05
3.6345889e-05
4.3908e-05
5.4017254e-05
6.7477847e-05
8.5625756e-05
0.00011085167
0.00014783573
0.00020692347
0.00031541977
0.00056831585
0.0014410113
2.3482154e-05
2.4548276e-05
2.6958981e-05
3.0812596e-05
3.634496e-05
4.3906787e-05
5.4015767e-05
6.7476131e-05
8.5623888e-05
0.00011084976
0.0001478339
0.00020692184
0.00031541842
0.00056831465
0.0014410088
2.348189e-05
2.4547942e-05
2.6958505e-05
3.0811913e-05
3.6344025e-05
4.3905579e-05
5.4014296e-05
6.7474442e-05
8.5622061e-05
0.0001108479
0.00014783213
0.0002069203
0.00031541719
0.00056831361
0.001441006
2.3481601e-05
2.4547588e-05
2.6958011e-05
3.0811219e-05
3.6343087e-05
4.3904378e-05
5.4012843e-05
6.7472785e-05
8.5620279e-05
0.0001108461
0.00014783044
0.00020691885
0.00031541608
0.00056831275
0.0014410032
2.3481291e-05
2.4547213e-05
2.6957501e-05
3.0810516e-05
3.6342148e-05
4.3903186e-05
5.4011412e-05
6.7471161e-05
8.5618542e-05
0.00011084435
0.00014782882
0.00020691749
0.00031541509
0.00056831208
0.0014410004
2.3480958e-05
2.4546819e-05
2.6956977e-05
3.0809805e-05
3.634121e-05
4.3902004e-05
5.4010002e-05
6.7469571e-05
8.5616851e-05
0.00011084267
0.00014782727
0.00020691622
0.00031541422
0.00056831161
0.0014409978
2.3480603e-05
2.4546406e-05
2.6956438e-05
3.0809086e-05
3.6340272e-05
4.3900833e-05
5.4008615e-05
6.7468016e-05
8.5615207e-05
0.00011084104
0.00014782579
0.00020691503
0.00031541346
0.00056831132
0.0014409954
2.3480228e-05
2.4545975e-05
2.6955887e-05
3.080836e-05
3.6339336e-05
4.3899675e-05
5.400725e-05
6.7466495e-05
8.5613608e-05
0.00011083947
0.00014782437
0.00020691391
0.00031541281
0.00056831119
0.0014409933
2.3479832e-05
2.4545526e-05
2.6955322e-05
3.0807628e-05
3.6338402e-05
4.3898527e-05
5.4005908e-05
6.7465007e-05
8.5612052e-05
0.00011083795
0.00014782301
0.00020691285
0.00031541223
0.00056831121
0.0014409917
2.3479415e-05
2.4545059e-05
2.6954744e-05
3.0806889e-05
3.6337469e-05
4.3897391e-05
5.4004588e-05
6.7463551e-05
8.5610537e-05
0.00011083647
0.00014782169
0.00020691185
0.00031541171
0.00056831135
0.0014409905
2.3478977e-05
2.4544574e-05
2.6954152e-05
3.0806144e-05
3.6336537e-05
4.3896266e-05
5.4003288e-05
6.7462125e-05
8.5609058e-05
0.00011083504
0.00014782042
0.00020691088
0.00031541122
0.00056831156
0.0014409898
2.347852e-05
2.4544071e-05
2.6953547e-05
3.0805391e-05
3.6335607e-05
4.389515e-05
5.4002006e-05
6.7460725e-05
8.5607614e-05
0.00011083364
0.00014781918
0.00020690993
0.00031541074
0.00056831179
0.0014409895
2.3478042e-05
2.4543551e-05
2.6952929e-05
3.0804631e-05
3.6334676e-05
4.3894043e-05
5.4000742e-05
6.7459352e-05
8.5606201e-05
0.00011083228
0.00014781797
0.000206909
0.00031541025
0.00056831201
0.0014409896
2.3477546e-05
2.4543014e-05
2.6952298e-05
3.0803863e-05
3.6333746e-05
4.3892944e-05
5.3999495e-05
6.7458001e-05
8.5604816e-05
0.00011083094
0.00014781678
0.00020690806
0.00031540972
0.00056831215
0.0014409901
2.3477032e-05
2.4542461e-05
2.6951654e-05
3.0803089e-05
3.6332815e-05
4.3891852e-05
5.3998262e-05
6.7456672e-05
8.5603455e-05
0.00011082963
0.0001478156
0.00020690711
0.00031540914
0.00056831218
0.0014409908
2.3476502e-05
2.4541892e-05
2.6950999e-05
3.0802307e-05
3.6331884e-05
4.3890768e-05
5.3997044e-05
6.7455364e-05
8.5602119e-05
0.00011082834
0.00014781444
0.00020690615
0.00031540848
0.00056831205
0.0014409916
2.3475956e-05
2.4541309e-05
2.6950332e-05
3.080152e-05
3.6330954e-05
4.3889691e-05
5.399584e-05
6.7454074e-05
8.5600803e-05
0.00011082707
0.00014781328
0.00020690516
0.00031540773
0.00056831173
0.0014409925
2.3475398e-05
2.4540714e-05
2.6949656e-05
3.0800728e-05
3.6330025e-05
4.3888622e-05
5.399465e-05
6.7452804e-05
8.559951e-05
0.00011082581
0.00014781212
0.00020690415
0.00031540689
0.00056831118
0.0014409933
2.3474828e-05
2.4540109e-05
2.6948973e-05
3.0799933e-05
3.6329098e-05
4.3887561e-05
5.3993476e-05
6.7451554e-05
8.5598237e-05
0.00011082458
0.00014781097
0.0002069031
0.00031540595
0.00056831038
0.0014409939
2.347425e-05
2.4539495e-05
2.6948283e-05
3.0799136e-05
3.6328175e-05
4.3886511e-05
5.3992317e-05
6.7450324e-05
8.5596988e-05
0.00011082336
0.00014780983
0.00020690204
0.00031540492
0.00056830931
0.0014409941
2.3473665e-05
2.4538876e-05
2.694759e-05
3.079834e-05
3.6327258e-05
4.3885473e-05
5.3991177e-05
6.7449118e-05
8.5595764e-05
0.00011082217
0.0001478087
0.00020690097
0.00031540383
0.00056830802
0.0014409939
2.3473076e-05
2.4538253e-05
2.6946895e-05
3.0797546e-05
3.6326349e-05
4.388445e-05
5.3990057e-05
6.7447937e-05
8.5594568e-05
0.000110821
0.00014780759
0.00020689991
0.0003154027
0.00056830655
0.0014409931
2.3472486e-05
2.4537628e-05
2.6946202e-05
3.0796758e-05
3.6325451e-05
4.3883442e-05
5.3988959e-05
6.7446785e-05
8.5593404e-05
0.00011081987
0.00014780651
0.00020689886
0.00031540156
0.00056830497
0.0014409916
2.3471897e-05
2.4537005e-05
2.6945512e-05
3.0795977e-05
3.6324565e-05
4.3882454e-05
5.3987888e-05
6.7445663e-05
8.5592273e-05
0.00011081877
0.00014780548
0.00020689786
0.00031540044
0.00056830335
0.0014409896
2.347131e-05
2.4536385e-05
2.6944828e-05
3.0795205e-05
3.6323695e-05
4.3881487e-05
5.3986844e-05
6.7444574e-05
8.5591181e-05
0.00011081772
0.00014780448
0.00020689691
0.00031539939
0.00056830175
0.001440987
2.3470728e-05
2.4535771e-05
2.6944152e-05
3.0794446e-05
3.6322842e-05
4.3880545e-05
5.3985829e-05
6.7443521e-05
8.5590131e-05
0.00011081671
0.00014780355
0.00020689603
0.00031539842
0.00056830024
0.0014409839
2.3470152e-05
2.4535164e-05
2.6943486e-05
3.0793701e-05
3.6322008e-05
4.3879627e-05
5.3984847e-05
6.7442507e-05
8.5589126e-05
0.00011081576
0.00014780268
0.00020689522
0.00031539756
0.00056829887
0.0014409804
2.3469584e-05
2.4534566e-05
2.6942831e-05
3.0792971e-05
3.6321196e-05
4.3878737e-05
5.3983899e-05
6.7441534e-05
8.558817e-05
0.00011081487
0.00014780188
0.00020689451
0.00031539684
0.0005682977
0.0014409766
2.3469025e-05
2.4533978e-05
2.6942189e-05
3.0792259e-05
3.6320406e-05
4.3877876e-05
5.3982987e-05
6.7440604e-05
8.5587265e-05
0.00011081403
0.00014780114
0.00020689389
0.00031539625
0.00056829675
0.0014409727
2.3468475e-05
2.4533401e-05
2.6941562e-05
3.0791565e-05
3.631964e-05
4.3877045e-05
5.3982112e-05
6.7439718e-05
8.5586411e-05
0.00011081325
0.00014780048
0.00020689337
0.00031539582
0.00056829605
0.0014409688
2.3467934e-05
2.4532835e-05
2.6940948e-05
3.0790889e-05
3.6318898e-05
4.3876244e-05
5.3981275e-05
6.7438877e-05
8.5585608e-05
0.00011081253
0.0001477999
0.00020689294
0.00031539552
0.0005682956
0.0014409651
2.3467403e-05
2.4532281e-05
2.694035e-05
3.0790233e-05
3.6318181e-05
4.3875475e-05
5.3980475e-05
6.743808e-05
8.5584856e-05
0.00011081187
0.00014779937
0.0002068926
0.00031539535
0.0005682954
0.0014409617
2.3466881e-05
2.4531738e-05
2.6939766e-05
3.0789596e-05
3.6317488e-05
4.3874736e-05
5.3979712e-05
6.7437326e-05
8.5584153e-05
0.00011081127
0.00014779891
0.00020689233
0.0003153953
0.00056829542
0.0014409586
2.3466368e-05
2.4531206e-05
2.6939197e-05
3.0788978e-05
3.6316819e-05
4.3874026e-05
5.3978984e-05
6.7436613e-05
8.5583495e-05
0.00011081071
0.00014779851
0.00020689213
0.00031539535
0.00056829563
0.001440956
2.3465863e-05
2.4530685e-05
2.6938641e-05
3.0788378e-05
3.6316173e-05
4.3873345e-05
5.397829e-05
6.7435939e-05
8.558288e-05
0.0001108102
0.00014779815
0.00020689198
0.00031539547
0.00056829601
0.0014409539
2.3465366e-05
2.4530173e-05
2.6938098e-05
3.0787794e-05
3.6315549e-05
4.3872691e-05
5.3977628e-05
6.7435301e-05
8.5582303e-05
0.00011080973
0.00014779783
0.00020689186
0.00031539563
0.00056829649
0.0014409524
2.3464879e-05
2.4529673e-05
2.693757e-05
3.078723e-05
3.6314949e-05
4.3872065e-05
5.3976998e-05
6.7434696e-05
8.558176e-05
0.00011080928
0.00014779753
0.00020689177
0.00031539582
0.00056829704
0.0014409514
)
;

boundaryField
{
    water_inlet
    {
        type            turbulentMixingLengthDissipationRateInlet;
        mixingLength    0.005;
        phi             phi;
        k               k;
        value           uniform 0.00011791765;
    }
    water_outlet
    {
        type            inletOutlet;
        inletValue      uniform 0.0001;
        value           nonuniform List<scalar> 
15
(
2.3464879e-05
2.4529673e-05
2.693757e-05
3.078723e-05
3.6314949e-05
4.3872065e-05
5.3976998e-05
6.7434696e-05
8.558176e-05
0.00011080928
0.00014779753
0.00020689177
0.00031539582
0.00056829704
0.0014409514
)
;
    }
    water_wedge1
    {
        type            wedge;
    }
    water_wedge2
    {
        type            wedge;
    }
    water_to_rock
    {
        type            epsilonWallFunction;
        blending        stepwise;
        value           nonuniform List<scalar> 
400
(
0.00073980483
0.0010520452
0.0013270628
0.0015411415
0.0016895689
0.0017792142
0.0018218943
0.0018300463
0.0018145574
0.0017840405
0.001744886
0.0017016307
0.00165739
0.0016142425
0.0015735325
0.0015360911
0.0015023901
0.0014726449
0.0014468811
0.00142498
0.0014067117
0.0013917631
0.0013797649
0.0013703185
0.0013630208
0.0013574861
0.001353362
0.0013503406
0.001348162
0.0013466143
0.00134553
0.0013447796
0.0013442658
0.0013439174
0.0013436835
0.0013435288
0.0013434302
0.001343373
0.0013433493
0.0013433553
0.0013433902
0.0013434553
0.0013435527
0.0013436849
0.0013438547
0.0013440645
0.0013443165
0.0013446125
0.0013449537
0.001345341
0.0013457749
0.0013462556
0.0013467828
0.001347356
0.0013479746
0.0013486378
0.0013493444
0.0013500934
0.0013508836
0.0013517137
0.0013525823
0.0013534882
0.0013544295
0.0013554045
0.001356411
0.001357447
0.0013585105
0.0013595997
0.0013607134
0.0013618503
0.0013630097
0.0013641909
0.0013653934
0.0013666164
0.001367859
0.0013691204
0.0013703998
0.0013716964
0.0013730095
0.0013743381
0.0013756814
0.0013770387
0.0013784091
0.0013797918
0.0013811859
0.0013825907
0.0013840054
0.0013854292
0.0013868613
0.001388301
0.0013897473
0.0013911997
0.0013926572
0.0013941192
0.0013955849
0.0013970535
0.0013985243
0.0013999964
0.0014014692
0.0014029417
0.0014044133
0.001405883
0.0014073501
0.0014088137
0.0014102728
0.0014117266
0.0014131741
0.0014146144
0.0014160462
0.0014174686
0.0014188805
0.0014202806
0.0014216676
0.0014230404
0.0014243975
0.0014257377
0.0014270594
0.0014283612
0.0014296416
0.0014308991
0.0014321323
0.0014333396
0.0014345195
0.0014356706
0.0014367915
0.0014378807
0.001438937
0.0014399591
0.001440946
0.0014418966
0.0014428099
0.0014436852
0.0014445218
0.0014453192
0.0014460768
0.0014467945
0.0014474721
0.0014481095
0.0014487069
0.0014492644
0.0014497826
0.0014502617
0.0014507025
0.0014511055
0.0014514716
0.0014518016
0.0014520964
0.0014523571
0.0014525847
0.0014527802
0.0014529449
0.0014530799
0.0014531864
0.0014532657
0.0014533189
0.0014533474
0.0014533523
0.0014533349
0.0014532964
0.0014532381
0.0014531611
0.0014530665
0.0014529556
0.0014528294
0.0014526891
0.0014525357
0.0014523701
0.0014521935
0.0014520068
0.0014518108
0.0014516062
0.0014513937
0.001451174
0.0014509477
0.0014507155
0.0014504783
0.0014502367
0.0014499915
0.0014497434
0.0014494931
0.0014492411
0.001448988
0.0014487344
0.0014484807
0.0014482275
0.0014479752
0.0014477242
0.0014474749
0.0014472276
0.0014469826
0.0014467403
0.0014465009
0.0014462647
0.0014460319
0.0014458026
0.0014455772
0.0014453558
0.0014451385
0.0014449255
0.0014447168
0.0014445126
0.0014443131
0.0014441182
0.001443928
0.0014437426
0.001443562
0.0014433864
0.0014432156
0.0014430497
0.0014428887
0.0014427327
0.0014425815
0.0014424353
0.0014422939
0.0014421573
0.0014420255
0.0014418985
0.0014417762
0.0014416586
0.0014415456
0.0014414371
0.0014413331
0.0014412335
0.0014411382
0.0014410473
0.0014409605
0.0014408779
0.0014407993
0.0014407247
0.0014406539
0.001440587
0.0014405238
0.0014404642
0.0014404081
0.0014403555
0.0014403062
0.0014402602
0.0014402174
0.0014401777
0.001440141
0.0014401072
0.0014400762
0.0014400479
0.0014400223
0.0014399993
0.0014399787
0.0014399604
0.0014399445
0.0014399308
0.0014399192
0.0014399097
0.0014399021
0.0014398964
0.0014398925
0.0014398903
0.0014398897
0.0014398907
0.0014398932
0.0014398971
0.0014399023
0.0014399088
0.0014399166
0.0014399254
0.0014399353
0.0014399462
0.0014399581
0.0014399708
0.0014399844
0.0014399987
0.0014400137
0.0014400294
0.0014400456
0.0014400624
0.0014400796
0.0014400972
0.0014401152
0.0014401335
0.001440152
0.0014401708
0.0014401898
0.0014402089
0.0014402282
0.0014402475
0.0014402669
0.0014402864
0.0014403058
0.0014403252
0.0014403445
0.0014403638
0.001440383
0.001440402
0.0014404209
0.0014404396
0.0014404582
0.0014404766
0.0014404948
0.0014405128
0.0014405306
0.0014405482
0.0014405655
0.0014405826
0.0014405995
0.001440616
0.0014406322
0.0014406481
0.0014406637
0.0014406788
0.0014406936
0.0014407079
0.0014407218
0.0014407353
0.0014407483
0.0014407609
0.001440773
0.0014407848
0.0014407961
0.0014408071
0.0014408179
0.0014408283
0.0014408384
0.0014408484
0.0014408581
0.0014408676
0.0014408769
0.001440886
0.0014408949
0.0014409035
0.0014409118
0.0014409197
0.0014409273
0.0014409343
0.0014409409
0.001440947
0.0014409525
0.0014409575
0.0014409619
0.0014409658
0.0014409692
0.0014409722
0.0014409749
0.0014409772
0.0014409794
0.0014409815
0.0014409836
0.0014409857
0.001440988
0.0014409903
0.0014409929
0.0014409956
0.0014409984
0.0014410013
0.0014410041
0.001441007
0.0014410096
0.001441012
0.001441014
0.0014410156
0.0014410167
0.0014410172
0.0014410171
0.0014410164
0.0014410152
0.0014410134
0.0014410113
0.0014410088
0.001441006
0.0014410032
0.0014410004
0.0014409978
0.0014409954
0.0014409933
0.0014409917
0.0014409905
0.0014409898
0.0014409895
0.0014409896
0.0014409901
0.0014409908
0.0014409916
0.0014409925
0.0014409933
0.0014409939
0.0014409941
0.0014409939
0.0014409931
0.0014409916
0.0014409896
0.001440987
0.0014409839
0.0014409804
0.0014409766
0.0014409727
0.0014409688
0.0014409651
0.0014409617
0.0014409586
0.001440956
0.0014409539
0.0014409524
0.0014409514
)
;
    }
}


// ************************************************************************* //
