/*--------------------------------*- C++ -*----------------------------------*\
| =========                 |                                                 |
| \\      /  F ield         | OpenFOAM: The Open Source CFD Toolbox           |
|  \\    /   O peration     | Version:  2506                                  |
|   \\  /    A nd           | Website:  www.openfoam.com                      |
|    \\/     M anipulation  |                                                 |
\*---------------------------------------------------------------------------*/
FoamFile
{
    version     2.0;
    format      ascii;
    arch        "LSB;label=32;scalar=64";
    class       volScalarField;
    location    "29000/water";
    object      epsilon;
}
// * * * * * * * * * * * * * * * * * * * * * * * * * * * * * * * * * * * * * //

dimensions      [0 2 -3 0 0 0 0];

internalField   nonuniform List<scalar> 
6000
(
0.00010005327
0.00010005311
0.00010005314
0.00010005327
0.00010005342
0.00010005363
0.0001000539
0.00010005427
0.00010005511
0.00010005982
0.00010010144
0.00010049509
0.00010424183
0.00014354191
0.00073980483
8.5785229e-05
8.5785556e-05
8.5786111e-05
8.5786982e-05
8.5788138e-05
8.5789633e-05
8.5791527e-05
8.5794043e-05
8.5798789e-05
8.581901e-05
8.5962524e-05
8.7071869e-05
9.5619929e-05
0.00016974081
0.0010520452
7.4267219e-05
7.4268013e-05
7.426896e-05
7.4270365e-05
7.4272213e-05
7.4274585e-05
7.4277581e-05
7.4281747e-05
7.4291154e-05
7.4336305e-05
7.4633748e-05
7.6634978e-05
9.0041817e-05
0.00019500629
0.0013270628
6.4852864e-05
6.485355e-05
6.4854661e-05
6.4856389e-05
6.4858676e-05
6.4861616e-05
6.4865387e-05
6.4871112e-05
6.4886838e-05
6.4967364e-05
6.5458677e-05
6.84101e-05
8.6285088e-05
0.00021715658
0.0015411415
5.7072087e-05
5.7072704e-05
5.7073918e-05
5.7075861e-05
5.7078448e-05
5.7081784e-05
5.7086167e-05
5.7093598e-05
5.7117581e-05
5.7242267e-05
5.7947685e-05
6.180797e-05
8.3505097e-05
0.0002348614
0.0016895689
5.0576692e-05
5.0577312e-05
5.0578592e-05
5.0580667e-05
5.0583434e-05
5.0587016e-05
5.0591882e-05
5.0601216e-05
5.0635234e-05
5.0810032e-05
5.1732149e-05
5.6406881e-05
8.1259069e-05
0.00024828861
0.0017792142
4.5104569e-05
4.5105188e-05
4.5106499e-05
4.5108638e-05
4.5111496e-05
4.5115213e-05
4.5120483e-05
4.5131961e-05
4.5177479e-05
4.5405527e-05
4.6535255e-05
5.1917397e-05
7.9376731e-05
0.00025838324
0.0018218943
4.0455895e-05
4.0456503e-05
4.045782e-05
4.0459977e-05
4.0462859e-05
4.0466628e-05
4.0472257e-05
4.0486117e-05
4.0544208e-05
4.0826355e-05
4.2148994e-05
4.8144563e-05
7.7837439e-05
0.00026629433
0.0018300463
3.6476506e-05
3.6477102e-05
3.6478406e-05
3.6480546e-05
3.6483399e-05
3.6487156e-05
3.6493116e-05
3.6509564e-05
3.6580944e-05
3.6916576e-05
3.8416896e-05
4.4958845e-05
7.6693461e-05
0.00027309124
0.0018145574
3.304611e-05
3.3046691e-05
3.304797e-05
3.3050065e-05
3.3052847e-05
3.3056537e-05
3.3062809e-05
3.3082024e-05
3.3167159e-05
3.3555102e-05
3.5220975e-05
4.2274823e-05
7.6025068e-05
0.00027965054
0.0017840405
3.0069857e-05
3.007042e-05
3.0071664e-05
3.0073692e-05
3.0076366e-05
3.0079941e-05
3.0086514e-05
3.0108667e-05
3.0207924e-05
3.0647227e-05
3.2471858e-05
4.0036357e-05
7.5917105e-05
0.00028663427
0.001744886
2.7472233e-05
2.7472777e-05
2.7473976e-05
2.7475917e-05
2.747845e-05
2.7481869e-05
2.7488744e-05
2.7514021e-05
2.7627825e-05
2.8118369e-05
3.010146e-05
3.820687e-05
7.6449192e-05
0.00029450875
0.0017016307
2.5192577e-05
2.5193098e-05
2.5194246e-05
2.5196082e-05
2.5198442e-05
2.520167e-05
2.520887e-05
2.5237507e-05
2.5366478e-05
2.5909414e-05
2.805763e-05
3.6763308e-05
7.7693097e-05
0.0003035735
0.00165739
2.3181748e-05
2.3182245e-05
2.3183333e-05
2.3185048e-05
2.3187207e-05
2.3190219e-05
2.3197794e-05
2.323011e-05
2.3375184e-05
2.3973213e-05
2.6300284e-05
3.5692527e-05
7.9712907e-05
0.00031398658
0.0016142425
2.1399629e-05
2.14001e-05
2.140112e-05
2.1402697e-05
2.140463e-05
2.1407412e-05
2.1415452e-05
2.1451882e-05
2.1614405e-05
2.2271964e-05
2.4798652e-05
3.4989203e-05
8.2565442e-05
0.00032578296
0.0015735325
1.9813231e-05
1.9813672e-05
1.9814616e-05
1.981604e-05
1.9817725e-05
1.9820279e-05
1.9828922e-05
1.9870043e-05
2.0051847e-05
2.0775227e-05
2.3529325e-05
3.4654636e-05
8.6299521e-05
0.00033888748
0.0015360911
1.8395236e-05
1.8395645e-05
1.8396506e-05
1.8397761e-05
1.8399183e-05
1.8401531e-05
1.8410972e-05
1.8457531e-05
1.8660989e-05
1.9458432e-05
2.2474895e-05
3.4695971e-05
9.095345e-05
0.00035312607
0.0015023901
1.7122886e-05
1.7123259e-05
1.7124028e-05
1.7125102e-05
1.712625e-05
1.7128438e-05
1.7138942e-05
1.7191872e-05
1.7419954e-05
1.8301752e-05
2.1622992e-05
3.5125546e-05
9.6550687e-05
0.00036823944
0.0014726449
1.5977101e-05
1.5977436e-05
1.5978105e-05
1.5978984e-05
1.5979859e-05
1.598196e-05
1.5993865e-05
1.6054312e-05
1.6310628e-05
1.7289248e-05
2.0965619e-05
3.5960111e-05
0.00010309413
0.00038390222
0.0014468811
1.4941799e-05
1.4942091e-05
1.4942652e-05
1.4943329e-05
1.494394e-05
1.4946058e-05
1.4959787e-05
1.5029124e-05
1.5317979e-05
1.6408225e-05
2.049868e-05
3.7219755e-05
0.00011055991
0.00039974861
0.00142498
1.4003348e-05
1.4003595e-05
1.4004041e-05
1.4004511e-05
1.400488e-05
1.4007153e-05
1.402322e-05
1.4103071e-05
1.442952e-05
1.5648751e-05
2.0221625e-05
3.8926414e-05
0.00011889194
0.00041540307
0.0014067117
1.3150142e-05
1.315034e-05
1.3150665e-05
1.3150927e-05
1.315109e-05
1.3153695e-05
1.3172714e-05
1.3264971e-05
1.3634892e-05
1.5003284e-05
2.0137155e-05
4.1101901e-05
0.00012799852
0.0004305123
0.0013917631
1.2372247e-05
1.2372393e-05
1.2372592e-05
1.237265e-05
1.2372659e-05
1.2375814e-05
1.2398506e-05
1.2505359e-05
1.2925534e-05
1.446641e-05
2.0250947e-05
4.3765469e-05
0.00013775238
0.00044477369
0.0013797649
1.1661123e-05
1.1661215e-05
1.1661286e-05
1.166115e-05
1.1661074e-05
1.1665043e-05
1.1692246e-05
1.1816209e-05
1.2294425e-05
1.4034634e-05
2.0571326e-05
4.6930996e-05
0.00014799478
0.00045795585
0.0013703185
1.1009401e-05
1.1009437e-05
1.1009378e-05
1.1009066e-05
1.1008994e-05
1.101409e-05
1.104677e-05
1.1190715e-05
1.1735881e-05
1.3706238e-05
2.1108871e-05
5.0604014e-05
0.00015854369
0.00046990849
0.0013630208
1.0410692e-05
1.041067e-05
1.0410485e-05
1.0410022e-05
1.0410062e-05
1.0416652e-05
1.0455917e-05
1.0623112e-05
1.1245399e-05
1.3481165e-05
2.1875889e-05
5.4778859e-05
0.00016920526
0.00048056142
0.001357486
9.8594384e-06
9.8593586e-06
9.8590515e-06
9.8584721e-06
9.8587577e-06
9.8672657e-06
9.9143754e-06
1.0108535e-05
1.0819533e-05
1.3360938e-05
2.2885735e-05
5.9436317e-05
0.00017978706
0.00048991474
0.001353362
9.3507874e-06
9.3506504e-06
9.3502304e-06
9.3495787e-06
9.3502669e-06
9.3611826e-06
9.4175684e-06
9.6428999e-06
1.045581e-05
1.3348574e-05
2.4151947e-05
6.4542152e-05
0.00019011096
0.00049802341
0.0013503406
8.8804873e-06
8.8802951e-06
8.8797751e-06
8.879106e-06
8.8803818e-06
8.8942644e-06
8.9615474e-06
9.2228179e-06
1.0152655e-05
1.3448503e-05
2.5687206e-05
7.0046824e-05
0.00020002406
0.00050498001
0.0013481619
8.4448007e-06
8.4445568e-06
8.4439543e-06
8.4433345e-06
8.4454129e-06
8.4628989e-06
8.5429123e-06
8.8455163e-06
9.9093487e-06
1.3666457e-05
2.7502143e-05
7.5886621e-05
0.00020940613
0.0005108985
0.0013466143
8.0404324e-06
8.0401416e-06
8.0394792e-06
8.0389884e-06
8.0421174e-06
8.0639293e-06
8.1587433e-06
8.508784e-06
9.7259953e-06
1.4009323e-05
2.9604058e-05
8.1986182e-05
0.00021817297
0.000515901
0.00134553
7.664468e-06
7.6641372e-06
7.663443e-06
7.6631755e-06
7.6676392e-06
7.6945949e-06
7.8065457e-06
8.2109262e-06
9.6034999e-06
1.4484935e-05
3.1995646e-05
8.8262229e-05
0.00022627582
0.0005201082
0.0013447795
7.3143234e-06
7.3139614e-06
7.3132697e-06
7.3133352e-06
7.319458e-06
7.3524816e-06
7.4842048e-06
7.950732e-06
9.5435554e-06
1.5101802e-05
3.4673865e-05
9.4628078e-05
0.00023369766
0.00052363336
0.0013442658
6.9877006e-06
6.9873184e-06
6.9866703e-06
6.9871959e-06
6.9953468e-06
7.0354818e-06
7.1899496e-06
7.7274515e-06
9.5486283e-06
1.5868742e-05
3.7629068e-05
0.00010099842
0.00024044745
0.00052657911
0.0013439174
6.6825513e-06
6.6821625e-06
6.6816065e-06
6.6827386e-06
6.6933357e-06
6.741759e-06
6.9223234e-06
7.5407805e-06
9.6219392e-06
1.6794438e-05
4.0844541e-05
0.00010729381
0.00024655353
0.00052903629
0.0013436835
6.3970453e-06
6.396666e-06
6.3962591e-06
6.3981651e-06
6.411682e-06
6.4697206e-06
6.6801611e-06
7.3908531e-06
9.7674314e-06
1.7886905e-05
4.4296529e-05
0.00011344429
0.00025205716
0.0005310841
0.0013435288
6.1295436e-06
6.129193e-06
6.129001e-06
6.1318719e-06
6.1488438e-06
6.2179935e-06
6.4625723e-06
7.2782395e-06
9.9897187e-06
1.9152894e-05
4.7954808e-05
0.00011939198
0.0002570069
0.00053279086
0.0013434301
5.8785752e-06
5.8782757e-06
5.8783746e-06
5.8824275e-06
5.903459e-06
5.9854055e-06
6.2689287e-06
7.2039478e-06
1.0294006e-05
2.0597266e-05
5.1783773e-05
0.00012509231
0.00026145422
0.00053421506
0.001343373
5.6428172e-06
5.642595e-06
5.6430719e-06
5.6485531e-06
5.6743264e-06
5.7709695e-06
6.0988564e-06
7.1694287e-06
1.0685974e-05
2.2222385e-05
5.5743958e-05
0.00013051409
0.00026545026
0.00053540647
0.0013433493
5.4210776e-06
5.4209629e-06
5.4219174e-06
5.4291059e-06
5.4603909e-06
5.5738715e-06
5.9522322e-06
7.1765787e-06
1.1171622e-05
2.402758e-05
5.9793836e-05
0.00013563849
0.00026904378
0.00053640725
0.0013433553
5.2122808e-06
5.2123081e-06
5.2138535e-06
5.2230651e-06
5.26073e-06
5.3934608e-06
5.8291825e-06
7.2277422e-06
1.1757062e-05
2.6008735e-05
6.3891719e-05
0.00014045745
0.00027228005
0.00053725289
0.0013433902
5.0154542e-06
5.0156629e-06
5.0179281e-06
5.0295196e-06
5.0745437e-06
5.2292435e-06
5.7300867e-06
7.3257058e-06
1.2448271e-05
2.8158068e-05
6.7997575e-05
0.00014497164
0.00027520025
0.00053797313
0.0013434553
4.8297171e-06
4.8301524e-06
4.8332834e-06
4.847658e-06
4.9011459e-06
5.0808782e-06
5.6555823e-06
7.4736832e-06
1.3250796e-05
3.0464119e-05
7.2074575e-05
0.00014918835
0.00027784139
0.00053859275
0.0013435527
4.654271e-06
4.6549842e-06
4.6591465e-06
4.6767597e-06
4.739957e-06
4.9481738e-06
5.6065719e-06
7.6752861e-06
1.4169424e-05
3.2911987e-05
7.6090277e-05
0.00015311953
0.00028023648
0.00053913229
0.0013436849
4.4883913e-06
4.4894404e-06
4.4948214e-06
4.5161875e-06
4.5904991e-06
4.8310889e-06
5.5842316e-06
7.9344756e-06
1.5207848e-05
3.5483783e-05
8.0017361e-05
0.00015678017
0.00028241474
0.00053960872
0.0013438547
4.3314193e-06
4.3328703e-06
4.3396818e-06
4.3653818e-06
4.452392e-06
4.7297343e-06
5.5900196e-06
8.2554924e-06
1.6368331e-05
3.8159287e-05
8.3833933e-05
0.00016018692
0.00028440196
0.00054003599
0.0013440645
4.1827562e-06
4.1846838e-06
4.1931653e-06
4.2238553e-06
4.3253508e-06
4.6443763e-06
5.6256833e-06
8.64276e-06
1.7651409e-05
4.0916739e-05
8.7523434e-05
0.00016335711
0.00028622083
0.00054042551
0.0013443165
4.0418571e-06
4.0443457e-06
4.0547683e-06
4.0911891e-06
4.2091847e-06
4.5754417e-06
5.693263e-06
9.10076e-06
1.9055658e-05
4.3733691e-05
9.1074256e-05
0.00016630804
0.00028789123
0.00054078658
0.0013446125
3.9082261e-06
3.9113713e-06
3.9240414e-06
3.96703e-06
4.103797e-06
4.5235248e-06
5.7950909e-06
9.6338803e-06
2.0577552e-05
4.658786e-05
9.447915e-05
0.00016905655
0.0002894306
0.00054112679
0.0013449537
3.781412e-06
3.7853219e-06
3.8005859e-06
3.8510876e-06
4.0091864e-06
4.4893953e-06
5.9337827e-06
1.0246237e-05
2.2211424e-05
4.9457897e-05
9.7734539e-05
0.00017161867
0.00029085417
0.00054145227
0.001345341
3.6610043e-06
3.6658014e-06
3.6840513e-06
3.7431338e-06
3.9254494e-06
4.4740067e-06
6.1122181e-06
1.0941479e-05
2.3949551e-05
5.2324022e-05
0.00010083981
0.0001740095
0.00029217524
0.00054176798
0.0013457749
3.5466302e-06
3.5524531e-06
3.5741321e-06
3.6430016e-06
3.8527838e-06
4.4785051e-06
6.3335102e-06
1.172258e-05
2.5782348e-05
5.5168499e-05
0.00010379664
0.00017624311
0.00029340545
0.00054207792
0.0013462556
3.4379516e-06
3.4449572e-06
3.470567e-06
3.5505856e-06
3.7914931e-06
4.5042378e-06
6.600958e-06
1.2591637e-05
2.7698674e-05
5.7975926e-05
0.00010660842
0.00017833256
0.00029455494
0.00054238527
0.0013467828
3.3346627e-06
3.3430286e-06
3.373137e-06
3.4658429e-06
3.7419925e-06
4.5527599e-06
6.9179827e-06
1.3549688e-05
2.9686211e-05
6.0733357e-05
0.00010927977
0.00018028983
0.00029563258
0.00054269259
0.001347356
3.2364878e-06
3.2464154e-06
3.281665e-06
3.3887949e-06
3.7048152e-06
4.6258384e-06
7.2880455e-06
1.4596555e-05
3.1731891e-05
6.3430278e-05
0.00011181612
0.00018212593
0.00029664614
0.00054300189
0.0013479746
3.1431799e-06
3.1548974e-06
3.1960156e-06
3.3195298e-06
3.6806199e-06
4.7254524e-06
7.7145468e-06
1.5730746e-05
3.382234e-05
6.6058467e-05
0.0001142234
0.00018385092
0.00029760241
0.00054331477
0.0013486378
3.0545192e-06
3.0682854e-06
3.1160958e-06
3.2582055e-06
3.6701986e-06
4.8537869e-06
8.2007093e-06
1.6949409e-05
3.5944303e-05
6.8611787e-05
0.00011650785
0.00018547397
0.00029850735
0.00054363246
0.0013493444
2.9703119e-06
2.9864203e-06
3.0418551e-06
3.2050543e-06
3.6744852e-06
5.0132197e-06
8.7494483e-06
1.8248349e-05
3.8085015e-05
7.1085926e-05
0.00011867579
0.00018700343
0.00029936619
0.00054395589
0.0013500934
2.8903898e-06
2.9091733e-06
2.9732878e-06
3.1603869e-06
3.6945633e-06
5.2062983e-06
9.3632349e-06
1.9622123e-05
4.0232513e-05
7.3478132e-05
0.00012073351
0.00018844688
0.00030018354
0.00054428578
0.0013508836
2.8146096e-06
2.836446e-06
2.9104344e-06
3.1245986e-06
3.731674e-06
5.4357063e-06
1.004396e-05
2.1064181e-05
4.2375859e-05
7.5786949e-05
0.00012268719
0.00018981121
0.00030096345
0.00054462266
0.0013517137
2.7428528e-06
2.7681709e-06
2.8533843e-06
3.098175e-06
3.7872216e-06
5.7042165e-06
1.0792809e-05
2.256707e-05
4.4505285e-05
7.801198e-05
0.00012454279
0.00019110267
0.00030170949
0.00054496683
0.0013525823
2.6750262e-06
2.7043127e-06
2.8022791e-06
3.0816992e-06
3.862777e-06
6.0146316e-06
1.1610155e-05
2.4122665e-05
4.6612263e-05
8.0153674e-05
0.00012630606
0.00019232691
0.00030242477
0.00054531836
0.0013534882
2.6110622e-06
2.6448693e-06
2.7573159e-06
3.0758592e-06
3.9600781e-06
6.3697123e-06
1.2495478e-05
2.5722423e-05
4.8689514e-05
8.2213152e-05
0.00012798249
0.00019348922
0.00030311295
0.00054567958
0.0013544295
2.5509198e-06
2.5898742e-06
2.718752e-06
3.0814557e-06
4.0810246e-06
6.7720926e-06
1.3447327e-05
2.7357636e-05
5.0730962e-05
8.4192052e-05
0.00012957729
0.00019459431
0.00030377609
0.00054604532
0.0013554045
2.494586e-06
2.5393984e-06
2.6869098e-06
3.0994094e-06
4.2276673e-06
7.2241862e-06
1.4463315e-05
2.9019661e-05
5.2731649e-05
8.6092389e-05
0.00013109537
0.00019564635
0.00030441574
0.00054641397
0.001356411
2.4420772e-06
2.4935535e-06
2.6621824e-06
3.1307692e-06
4.4021886e-06
7.7280874e-06
1.5540154e-05
3.0700124e-05
5.468763e-05
8.7916448e-05
0.0001325413
0.00019664904
0.00030503329
0.00054678555
0.001357447
2.3934419e-06
2.4524951e-06
2.6450394e-06
3.1767178e-06
4.6068759e-06
8.2854726e-06
1.6673738e-05
3.2391088e-05
5.6595867e-05
8.9666718e-05
0.00013391946
0.00019760628
0.00030563174
0.00054715701
0.0013585105
2.3487625e-06
2.4164266e-06
2.6360346e-06
3.2385775e-06
4.8440834e-06
8.8975078e-06
1.7859256e-05
3.408518e-05
5.8454117e-05
9.1345824e-05
0.00013523396
0.00019852138
0.00030621175
0.00054752793
0.0013595997
2.3081594e-06
2.3856042e-06
2.6358124e-06
3.3178121e-06
5.116185e-06
9.564768e-06
1.9091327e-05
3.5775672e-05
6.0260821e-05
9.2956451e-05
0.00013648859
0.0001993969
0.00030677292
0.00054790011
0.0013607134
2.2717941e-06
2.3603414e-06
2.6451157e-06
3.4160262e-06
5.4255161e-06
1.0287176e-05
2.0364155e-05
3.7456524e-05
6.2015e-05
9.4501291e-05
0.00013768677
0.00020023506
0.00030731595
0.0005482748
0.0013618503
2.2398737e-06
2.3410154e-06
2.6647937e-06
3.5349597e-06
5.7743067e-06
1.1063963e-05
2.167169e-05
3.9122402e-05
6.3716163e-05
9.5983028e-05
0.0001388318
0.00020103833
0.00030784122
0.00054865322
0.0013630097
2.2126561e-06
2.3280734e-06
2.6958091e-06
3.6764764e-06
6.1646076e-06
1.189366e-05
2.3007781e-05
4.0768661e-05
6.5364246e-05
9.7404399e-05
0.00013992712
0.00020180982
0.00030834747
0.00054903724
0.0013641909
2.1904555e-06
2.32204e-06
2.7392452e-06
3.842546e-06
6.5982123e-06
1.2774116e-05
2.4366319e-05
4.2391323e-05
6.6959522e-05
9.8768019e-05
0.00014097539
0.00020254993
0.00030883711
0.00054942734
0.0013653934
2.1736491e-06
2.3235241e-06
2.7963109e-06
4.0352181e-06
7.0765793e-06
1.370254e-05
2.5741356e-05
4.398702e-05
6.8502524e-05
0.00010007635
0.0001419789
0.00020325984
0.00030931202
0.0005498234
0.0013666164
2.1626844e-06
2.3332282e-06
2.8683444e-06
4.2565875e-06
7.600759e-06
1.4675575e-05
2.7127207e-05
4.5552949e-05
6.9993983e-05
0.00010133172
0.00014293979
0.00020394109
0.0003097737
0.00055022517
0.001367859
2.158087e-06
2.3519559e-06
2.9568139e-06
4.5087504e-06
8.17133e-06
1.5689386e-05
2.8518525e-05
4.7086834e-05
7.1434898e-05
0.00010253684
0.00014386157
0.00020459275
0.00031022401
0.0005506328
0.0013691204
2.1604699e-06
2.3806209e-06
3.0633135e-06
4.7937523e-06
8.7883494e-06
1.6739762e-05
2.9910353e-05
4.8586858e-05
7.2826358e-05
0.00010369383
0.00014474502
0.00020521727
0.00031066403
0.00055104639
0.0013703998
2.1705425e-06
2.4202549e-06
3.1895554e-06
5.1135288e-06
9.4513215e-06
1.7822224e-05
3.1298154e-05
5.00516e-05
7.416948e-05
0.00010480453
0.00014559147
0.00020581672
0.00031109449
0.00055146583
0.0013716964
2.1891212e-06
2.4720151e-06
3.3373545e-06
5.4698403e-06
1.0159186e-05
1.8932133e-05
3.2677818e-05
5.1479974e-05
7.5465397e-05
0.0001058707
0.00014640251
0.00020639288
0.00031151598
0.0005518909
0.0013730095
2.2171394e-06
2.5371894e-06
3.5086065e-06
5.8642047e-06
1.091033e-05
2.0064793e-05
3.4045679e-05
5.2871279e-05
7.6715685e-05
0.00010689531
0.0001471778
0.00020694762
0.00031192923
0.00055232138
0.0013743381
2.2556581e-06
2.6172001e-06
3.7052576e-06
6.2978309e-06
1.1702616e-05
2.1215542e-05
3.5398491e-05
5.4225043e-05
7.7921523e-05
0.00010787902
0.00014791972
0.00020748225
0.00031233485
0.00055275703
0.0013756814
2.3058756e-06
2.7136032e-06
3.9292659e-06
6.7715577e-06
1.2533434e-05
2.2379829e-05
3.6733396e-05
5.5540957e-05
7.9083961e-05
0.00010882301
0.00014863031
0.00020799791
0.00031273333
0.0005531976
0.0013770387
2.3691364e-06
2.8280836e-06
4.1825543e-06
7.2858007e-06
1.3399764e-05
2.3553273e-05
3.8047917e-05
5.6818971e-05
8.0204411e-05
0.00010972814
0.00014931142
0.00020849561
0.00031312503
0.00055364281
0.0013784091
2.4469372e-06
2.9624437e-06
4.4669555e-06
7.840513e-06
1.4298251e-05
2.4731722e-05
3.9339956e-05
5.8059301e-05
8.1284454e-05
0.00011059497
0.00014996474
0.00020897636
0.0003135103
0.00055409235
0.0013797918
2.5409304e-06
3.1185852e-06
4.7841518e-06
8.4351605e-06
1.5225285e-05
2.5911276e-05
4.0607688e-05
5.926202e-05
8.2324492e-05
0.00011142552
0.00015059167
0.00020944105
0.00031388942
0.00055454591
0.0013811859
2.6529218e-06
3.2984819e-06
5.1356115e-06
9.0687146e-06
1.6177077e-05
2.7088293e-05
4.1849525e-05
6.0427216e-05
8.3325312e-05
0.00011222155
0.00015119344
0.00020989046
0.00031426262
0.00055500317
0.0013825907
2.7848624e-06
3.5041439e-06
5.5225248e-06
9.7396638e-06
1.7149747e-05
2.8259463e-05
4.3064377e-05
6.1556064e-05
8.4286604e-05
0.00011298473
0.00015177128
0.00021032528
0.00031463009
0.0005554638
0.0013840054
2.938831e-06
3.737571e-06
5.9457437e-06
1.044604e-05
1.8139383e-05
2.9421735e-05
4.4251126e-05
6.2648238e-05
8.5209847e-05
0.00011371646
0.00015232628
0.00021074614
0.00031499199
0.00055592745
0.0013854292
3.1170068e-06
4.0006984e-06
6.4057299e-06
1.1185461e-05
1.9142099e-05
3.0572295e-05
4.5408721e-05
6.3703722e-05
8.609648e-05
0.00011441804
0.00015285945
0.00021115361
0.00031534843
0.00055639379
0.0013868613
3.3216293e-06
4.2953333e-06
6.9025133e-06
1.1955186e-05
2.0154122e-05
3.1708777e-05
4.6537129e-05
6.4721756e-05
8.6947831e-05
0.00011509069
0.00015337167
0.00021154817
0.0003156995
0.00055686247
0.001388301
3.5549456e-06
4.6230876e-06
7.4356653e-06
1.2752174e-05
2.1171787e-05
3.2828884e-05
4.7635203e-05
6.5703015e-05
8.7765084e-05
0.00011573555
0.00015386379
0.00021193028
0.00031604524
0.00055733313
0.0013897473
3.8191436e-06
4.9853069e-06
8.004287e-06
1.357315e-05
2.2191572e-05
3.393055e-05
4.8701864e-05
6.6648329e-05
8.8549332e-05
0.00011635365
0.00015433655
0.00021230032
0.0003163857
0.00055780543
0.0013911997
4.1162744e-06
5.3830035e-06
8.6070189e-06
1.4414691e-05
2.3210257e-05
3.5012495e-05
4.9735685e-05
6.7558463e-05
8.9301627e-05
0.00011694596
0.00015479064
0.00021265864
0.00031672087
0.00055827899
0.0013926572
4.4481637e-06
5.816793e-06
9.2420587e-06
1.527325e-05
2.4224617e-05
3.607241e-05
5.0736632e-05
6.8434124e-05
9.0022949e-05
0.00011751337
0.00015522666
0.00021300553
0.00031705073
0.00055875345
0.0013941192
4.816321e-06
6.2868464e-06
9.9072149e-06
1.6145326e-05
2.5232155e-05
3.7107807e-05
5.1704679e-05
6.9276002e-05
9.0714209e-05
0.00011805667
0.00015564517
0.00021334124
0.00031737524
0.00055922844
0.0013955849
5.2218486e-06
6.7928506e-06
1.0599935e-05
1.7027337e-05
2.6229794e-05
3.8117151e-05
5.2639823e-05
7.008476e-05
9.1376253e-05
0.00011857661
0.00015604667
0.000213666
0.00031769433
0.00055970358
0.0013970535
5.6653622e-06
7.3340022e-06
1.1317445e-05
1.7916163e-05
2.7214022e-05
3.9099331e-05
5.3542101e-05
7.0861031e-05
9.2009863e-05
0.00011907386
0.00015643161
0.00021397998
0.0003180079
0.0005601785
0.0013985243
6.1469268e-06
7.9090065e-06
1.2056752e-05
1.880805e-05
2.8182133e-05
4.0053352e-05
5.4411584e-05
7.1605413e-05
9.2615758e-05
0.00011954903
0.00015680036
0.00021428332
0.00031831586
0.00056065279
0.0013999964
6.6660274e-06
8.5161463e-06
1.2814872e-05
1.9698972e-05
2.913184e-05
4.0978342e-05
5.5248369e-05
7.2318467e-05
9.3194597e-05
0.00012000265
0.00015715327
0.00021457612
0.00031861808
0.00056112607
0.0014014692
7.2216335e-06
9.1533919e-06
1.3587934e-05
2.0585549e-05
3.0061056e-05
4.1873534e-05
5.6052565e-05
7.3000712e-05
9.3746979e-05
0.00012043524
0.00015749064
0.00021485847
0.0003189144
0.00056159791
0.0014029417
7.8120131e-06
9.8178776e-06
1.4372271e-05
2.14646e-05
3.0967892e-05
4.2738263e-05
5.6824296e-05
7.3652631e-05
9.4273443e-05
0.0001208472
0.0001578127
0.00021513039
0.00031920465
0.00056206791
0.0014044133
8.4347114e-06
1.0506398e-05
1.5164231e-05
2.2333161e-05
3.1850646e-05
4.3571951e-05
5.7563689e-05
7.4274663e-05
9.4774477e-05
0.00012123892
0.00015811967
0.0002153919
0.00031948864
0.00056253564
0.001405883
9.0867079e-06
1.1215456e-05
1.5960232e-05
2.3188488e-05
3.2707803e-05
4.4374105e-05
5.8270874e-05
7.4867211e-05
9.525051e-05
0.00012161073
0.00015841169
0.00021564297
0.00031976617
0.00056300065
0.0014073501
9.7645068e-06
1.1941339e-05
1.6756801e-05
2.4028075e-05
3.3538023e-05
4.5144308e-05
5.8945987e-05
7.543064e-05
9.5701923e-05
0.0001219629
0.0001586889
0.00021588355
0.000320037
0.00056346249
0.0014088137
1.0464241e-05
1.2680208e-05
1.7550618e-05
2.484965e-05
3.4340138e-05
4.5882222e-05
5.9589166e-05
7.596528e-05
9.6129048e-05
0.00012229567
0.00015895136
0.00021611356
0.00032030087
0.00056392069
0.0014102728
1.1181787e-05
1.3428172e-05
1.833854e-05
2.5651177e-05
3.5113152e-05
4.6587583e-05
6.0200554e-05
7.6471428e-05
9.6532173e-05
0.00012260921
0.00015919912
0.00021633288
0.00032055752
0.00056437476
0.0014117266
1.1912874e-05
1.4181366e-05
1.9117628e-05
2.6430858e-05
3.5856231e-05
4.7260199e-05
6.0780305e-05
7.6949356e-05
9.6911543e-05
0.00012290366
0.00015943219
0.00021654137
0.00032080664
0.00056482419
0.0014131741
1.2653194e-05
1.4936016e-05
1.9885165e-05
2.7187124e-05
3.65687e-05
4.7899959e-05
6.1328585e-05
7.7399314e-05
9.726737e-05
0.00012317915
0.00015965054
0.00021673887
0.00032104792
0.00056526846
0.0014146144
1.3398501e-05
1.5688502e-05
2.0638668e-05
2.7918634e-05
3.7250044e-05
4.8506826e-05
6.1845579e-05
7.7821536e-05
9.7599834e-05
0.00012343573
0.00015985412
0.00021692518
0.00032128102
0.00056570704
0.0014160462
1.4144691e-05
1.64354e-05
2.1375893e-05
2.8624261e-05
3.7899895e-05
4.9080842e-05
6.2331494e-05
7.8216244e-05
9.7909088e-05
0.00012367345
0.00016004283
0.00021710008
0.00032150558
0.00056613935
0.0014174686
1.4887874e-05
1.7173527e-05
2.209484e-05
2.9303087e-05
3.8518031e-05
4.962213e-05
6.2786569e-05
7.858366e-05
9.8195269e-05
0.00012389233
0.00016021658
0.00021726335
0.00032172124
0.00056656482
0.0014188805
1.562443e-05
1.7899963e-05
2.2793754e-05
2.9954388e-05
3.9104368e-05
5.0130893e-05
6.3211075e-05
7.8924009e-05
9.8458499e-05
0.00012409237
0.00016037522
0.00021741472
0.00032192759
0.00056698285
0.0014202806
1.6351039e-05
1.8612074e-05
2.3471115e-05
3.0577626e-05
3.9658951e-05
5.0607413e-05
6.3605321e-05
7.9237526e-05
9.8698894e-05
0.00012427356
0.00016051863
0.00021755393
0.00032212424
0.00056739282
0.0014216676
1.7064716e-05
1.930752e-05
2.4125638e-05
3.1172434e-05
4.0181946e-05
5.1052053e-05
6.3969662e-05
7.9524461e-05
9.8916574e-05
0.00012443587
0.00016064664
0.00021768069
0.00032231077
0.00056779412
0.0014230404
1.7762814e-05
1.9984257e-05
2.4756259e-05
3.1738602e-05
4.0673636e-05
5.1465248e-05
6.4304497e-05
7.9785092e-05
9.9111662e-05
0.00012457928
0.00016075911
0.00021779473
0.00032248676
0.00056818611
0.0014243975
1.8443032e-05
2.0640534e-05
2.5362127e-05
3.2276066e-05
4.11344e-05
5.1847512e-05
6.4610273e-05
8.001972e-05
9.92843e-05
0.00012470378
0.00016085586
0.00021789575
0.0003226518
0.00056856814
0.0014257377
1.9103403e-05
2.1274883e-05
2.5942588e-05
3.2784895e-05
4.1564716e-05
5.2199422e-05
6.488749e-05
8.0228682e-05
9.9434645e-05
0.00012480936
0.00016093676
0.00021798349
0.00032280545
0.00056893956
0.0014270594
1.9742286e-05
2.1886106e-05
2.6497177e-05
3.3265276e-05
4.1965142e-05
5.2521624e-05
6.5136692e-05
8.0412351e-05
9.9562883e-05
0.00012489603
0.00016100166
0.00021805766
0.00032294733
0.00056929975
0.0014283612
2.0358345e-05
2.2473256e-05
2.7025597e-05
3.3717503e-05
4.233631e-05
5.2814818e-05
6.5358477e-05
8.0571139e-05
9.9669231e-05
0.00012496384
0.00016105045
0.00021811801
0.00032307702
0.00056964806
0.0014296416
2.0950528e-05
2.3035622e-05
2.7527709e-05
3.4141963e-05
4.2678913e-05
5.3079759e-05
6.5553486e-05
8.0705499e-05
9.9753938e-05
0.00012501283
0.00016108304
0.00021816432
0.00032319415
0.00056998389
0.0014308991
2.1518044e-05
2.3572708e-05
2.8003515e-05
3.4539129e-05
4.2993701e-05
5.3317247e-05
6.5722405e-05
8.0815926e-05
9.9817292e-05
0.00012504313
0.00016109935
0.00021819637
0.00032329839
0.00057030664
0.0014321323
2.206034e-05
2.4084213e-05
2.8453145e-05
3.4909541e-05
4.3281467e-05
5.352812e-05
6.5865963e-05
8.0902956e-05
9.9859622e-05
0.00012505485
0.00016109937
0.00021821401
0.0003233894
0.00057061575
0.0014333396
2.2577075e-05
2.457001e-05
2.8876842e-05
3.5253805e-05
4.3543042e-05
5.371325e-05
6.5984924e-05
8.0967167e-05
9.9881298e-05
0.00012504819
0.00016108311
0.0002182171
0.00032346693
0.00057091069
0.0014345195
2.3068097e-05
2.5030125e-05
2.9274948e-05
3.5572578e-05
4.3779283e-05
5.3873535e-05
6.6080083e-05
8.1009176e-05
9.9882735e-05
0.00012502336
0.00016105062
0.00021820555
0.00032353073
0.00057119099
0.0014356706
2.3533418e-05
2.5464723e-05
2.9647892e-05
3.586656e-05
4.3991073e-05
5.4009892e-05
6.6152267e-05
8.1029636e-05
9.9864388e-05
0.00012498062
0.00016100201
0.00021817933
0.00032358063
0.00057145621
0.0014367915
2.3973197e-05
2.5874085e-05
2.9996177e-05
3.6136485e-05
4.4179306e-05
5.4123255e-05
6.6202324e-05
8.1029236e-05
9.9826756e-05
0.00012492031
0.00016093743
0.00021813845
0.0003236165
0.00057170598
0.0014378807
2.4387717e-05
2.6258594e-05
3.0320367e-05
3.6383117e-05
4.4344888e-05
5.4214564e-05
6.6231122e-05
8.1008693e-05
9.9770378e-05
0.00012484277
0.00016085709
0.00021808299
0.00032363827
0.00057193997
0.001438937
2.4777365e-05
2.661872e-05
3.0621082e-05
3.6607239e-05
4.448873e-05
5.4284766e-05
6.6239543e-05
8.0968755e-05
9.9695831e-05
0.00012474841
0.00016076124
0.00021801307
0.00032364594
0.00057215794
0.0014399591
2.5142619e-05
2.6955002e-05
3.0898983e-05
3.6809653e-05
4.461174e-05
5.4334806e-05
6.622848e-05
8.0910192e-05
9.9603731e-05
0.0001246377
0.0001606502
0.00021792887
0.00032363955
0.00057235971
0.001440946
2.5484028e-05
2.7268041e-05
3.1154763e-05
3.6991166e-05
4.4714824e-05
5.4365625e-05
6.6198829e-05
8.0833794e-05
9.9494725e-05
0.00012451112
0.00016052433
0.00021783064
0.00032361923
0.00057254516
0.0014418966
2.5802204e-05
2.7558486e-05
3.1389147e-05
3.7152594e-05
4.4798881e-05
5.4378157e-05
6.6151493e-05
8.0740368e-05
9.9369491e-05
0.00012436923
0.00016038405
0.00021771869
0.00032358515
0.00057271425
0.0014428099
2.6097806e-05
2.7827023e-05
3.1602873e-05
3.7294751e-05
4.4864797e-05
5.4373323e-05
6.6087368e-05
8.0630732e-05
9.9228733e-05
0.00012421261
0.00016022982
0.00021759336
0.00032353757
0.00057286701
0.0014436852
2.637153e-05
2.8074365e-05
3.1796698e-05
3.741845e-05
4.4913445e-05
5.4352034e-05
6.600735e-05
8.0505715e-05
9.9073181e-05
0.00012404186
0.00016006215
0.00021745508
0.00032347678
0.00057300355
0.0014445219
2.66241e-05
2.8301251e-05
3.1971383e-05
3.7524497e-05
4.4945686e-05
5.4315182e-05
6.5912325e-05
8.036615e-05
9.8903581e-05
0.00012385764
0.00015988158
0.0002173043
0.00032340316
0.00057312403
0.0014453192
2.685626e-05
2.8508428e-05
3.2127694e-05
3.7613691e-05
4.4962361e-05
5.4263643e-05
6.5803168e-05
8.0212872e-05
9.8720698e-05
0.00012366063
0.00015968873
0.00021714155
0.00032331713
0.0005732287
0.0014460768
2.7068769e-05
2.8696656e-05
3.2266395e-05
3.7686817e-05
4.4964293e-05
5.4198274e-05
6.5680742e-05
8.0046715e-05
9.8525308e-05
0.00012345153
0.0001594842
0.00021696737
0.00032321915
0.00057331785
0.0014467945
2.726239e-05
2.8866694e-05
3.2388248e-05
3.774465e-05
4.4952287e-05
5.411991e-05
6.5545896e-05
7.9868509e-05
9.8318194e-05
0.00012323106
0.00015926867
0.00021678236
0.00032310975
0.00057339186
0.0014474721
2.7437888e-05
2.9019304e-05
3.2494004e-05
3.7787947e-05
4.4927125e-05
5.4029367e-05
6.5399461e-05
7.9679077e-05
9.8100146e-05
0.00012299996
0.00015904283
0.00021658716
0.00032298949
0.00057345114
0.0014481095
2.7596028e-05
2.9155238e-05
3.2584407e-05
3.7817452e-05
4.488957e-05
5.3927435e-05
6.524225e-05
7.9479232e-05
9.7871955e-05
0.000122759
0.00015880737
0.00021638243
0.00032285897
0.00057349616
0.0014487068
2.7737566e-05
2.9275244e-05
3.2660186e-05
3.7833889e-05
4.4840362e-05
5.3814884e-05
6.5075058e-05
7.9269775e-05
9.763441e-05
0.00012250892
0.00015856303
0.00021616886
0.00032271882
0.00057352742
0.0014492644
2.7863249e-05
2.9380056e-05
3.2722059e-05
3.7837967e-05
4.478022e-05
5.369246e-05
6.4898658e-05
7.9051495e-05
9.7388296e-05
0.0001222505
0.00015831055
0.00021594715
0.0003225697
0.00057354548
0.0014497825
2.7973814e-05
2.9470398e-05
3.2770726e-05
3.7830373e-05
4.470984e-05
5.3560885e-05
6.4713801e-05
7.8825164e-05
9.7134389e-05
0.0001219845
0.00015805068
0.00021571803
0.00032241228
0.00057355093
0.0014502617
2.8069982e-05
2.9546975e-05
3.2806873e-05
3.7811777e-05
4.4629896e-05
5.3420857e-05
6.4521218e-05
7.8591536e-05
9.6873456e-05
0.0001217117
0.00015778417
0.00021548223
0.00032224726
0.00057354438
0.0014507025
2.8152458e-05
2.9610481e-05
3.2831167e-05
3.7782828e-05
4.4541039e-05
5.3273051e-05
6.4321615e-05
7.8351346e-05
9.6606252e-05
0.00012143284
0.00015751179
0.00021524049
0.00032207534
0.00057352645
0.0014511055
2.8221933e-05
2.9661589e-05
3.2844255e-05
3.7744157e-05
4.44439e-05
5.3118117e-05
6.4115676e-05
7.8105312e-05
9.6333515e-05
0.00012114869
0.00015723427
0.00021499355
0.00032189723
0.0005734978
0.0014514716
2.8279076e-05
2.9700954e-05
3.284677e-05
3.7696371e-05
4.4339085e-05
5.2956681e-05
6.390406e-05
7.7854127e-05
9.6055967e-05
0.00012085998
0.00015695237
0.00021474215
0.00032171363
0.00057345909
0.0014518016
2.8324541e-05
2.9729215e-05
3.2839323e-05
3.7640062e-05
4.422718e-05
5.2789348e-05
6.3687404e-05
7.7598464e-05
9.5774311e-05
0.00012056743
0.00015666681
0.000214487
0.00032152525
0.00057341097
0.0014520964
2.835896e-05
2.974699e-05
3.2822504e-05
3.7575797e-05
4.4108748e-05
5.2616697e-05
6.346632e-05
7.7338973e-05
9.5489231e-05
0.00012027174
0.00015637831
0.00021422882
0.00032133277
0.00057335412
0.0014523571
2.8382948e-05
2.9754876e-05
3.2796888e-05
3.7504128e-05
4.3984333e-05
5.2439285e-05
6.3241396e-05
7.707628e-05
9.5201388e-05
0.00011997362
0.00015608758
0.00021396832
0.00032113687
0.0005732892
0.0014525847
2.8397097e-05
2.9753453e-05
3.2763028e-05
3.7425584e-05
4.3854455e-05
5.2257648e-05
6.3013198e-05
7.6810986e-05
9.4911419e-05
0.00011967372
0.00015579529
0.00021370617
0.00032093821
0.00057321685
0.0014527802
2.8401981e-05
2.9743281e-05
3.2721457e-05
3.7340675e-05
4.3719617e-05
5.2072295e-05
6.2782264e-05
7.6543671e-05
9.461994e-05
0.00011937269
0.00015550211
0.00021344302
0.00032073745
0.00057313773
0.0014529449
2.8398155e-05
2.97249e-05
3.2672692e-05
3.7249893e-05
4.3580297e-05
5.1883719e-05
6.2549113e-05
7.6274887e-05
9.4327541e-05
0.00011907114
0.00015520866
0.00021317952
0.00032053518
0.00057305246
0.0014530799
2.8386152e-05
2.969883e-05
3.2617227e-05
3.7153709e-05
4.3436958e-05
5.1692386e-05
6.2314237e-05
7.6005163e-05
9.4034786e-05
0.00011876967
0.00015491557
0.00021291627
0.00032033201
0.00057296165
0.0014531865
2.8366487e-05
2.9665573e-05
3.2555541e-05
3.7052578e-05
4.329004e-05
5.1498745e-05
6.2078108e-05
7.5735002e-05
9.3742213e-05
0.00011846885
0.00015462341
0.00021265386
0.00032012851
0.00057286589
0.0014532657
2.8339656e-05
2.9625611e-05
3.2488093e-05
3.6946935e-05
4.3139966e-05
5.1303222e-05
6.1841173e-05
7.5464885e-05
9.3450336e-05
0.00011816922
0.00015433273
0.00021239283
0.0003199252
0.00057276575
0.001453319
2.8306135e-05
2.9579408e-05
3.2415323e-05
3.6837196e-05
4.298714e-05
5.1106224e-05
6.1603857e-05
7.5195266e-05
9.3159641e-05
0.00011787128
0.00015404406
0.00021213371
0.00031972261
0.00057266178
0.0014533474
2.8266381e-05
2.9527409e-05
3.2337656e-05
3.6723763e-05
4.2831946e-05
5.0908136e-05
6.1366565e-05
7.4926576e-05
9.2870588e-05
0.00011757552
0.0001537579
0.00021187699
0.00031952121
0.0005725545
0.0014533523
2.8220834e-05
2.9470043e-05
3.2255497e-05
3.6607018e-05
4.2674753e-05
5.0709326e-05
6.1129676e-05
7.4659221e-05
9.2583612e-05
0.00011728241
0.00015347471
0.00021162312
0.00031932145
0.00057244441
0.0014533349
2.8169915e-05
2.9407719e-05
3.2169234e-05
3.6487327e-05
4.2515911e-05
5.0510143e-05
6.0893553e-05
7.4393584e-05
9.2299119e-05
0.00011699235
0.00015319493
0.00021137254
0.00031912374
0.00057233198
0.0014532964
2.8114029e-05
2.9340831e-05
3.2079241e-05
3.6365039e-05
4.2355753e-05
5.0310915e-05
6.0658535e-05
7.4130025e-05
9.2017493e-05
0.00011670577
0.00015291896
0.00021112565
0.00031892848
0.00057221765
0.0014532381
2.8053563e-05
2.9269756e-05
3.1985873e-05
3.6240488e-05
4.2194596e-05
5.0111956e-05
6.0424942e-05
7.3868882e-05
9.173909e-05
0.00011642302
0.00015264718
0.00021088279
0.00031873601
0.00057210185
0.0014531611
2.7988887e-05
2.9194852e-05
3.1889472e-05
3.6113993e-05
4.2032741e-05
4.9913559e-05
6.0193075e-05
7.3610469e-05
9.1464242e-05
0.00011614445
0.00015237992
0.00021064432
0.00031854665
0.00057198496
0.0014530665
2.7920355e-05
2.9116465e-05
3.1790362e-05
3.5985856e-05
4.1870473e-05
4.9716002e-05
5.9963215e-05
7.3355079e-05
9.1193255e-05
0.00011587037
0.00015211751
0.00021041054
0.00031836071
0.00057186736
0.0014529556
2.7848307e-05
2.9034924e-05
3.1688853e-05
3.5856366e-05
4.1708064e-05
4.9519547e-05
5.9735624e-05
7.3102985e-05
9.0926415e-05
0.00011560109
0.00015186024
0.0002101817
0.00031817845
0.00057174938
0.0014528294
2.7773065e-05
2.8950542e-05
3.1585241e-05
3.5725797e-05
4.1545767e-05
4.9324438e-05
5.9510547e-05
7.2854438e-05
9.0663981e-05
0.00011533685
0.00015160836
0.00020995807
0.0003180001
0.00057163134
0.0014526891
2.7694939e-05
2.8863619e-05
3.1479808e-05
3.5594409e-05
4.1383825e-05
4.9130906e-05
5.9288213e-05
7.260967e-05
9.0406191e-05
0.00011507791
0.0001513621
0.00020973986
0.00031782588
0.00057151353
0.0014525356
2.7614222e-05
2.877444e-05
3.1372821e-05
3.5462449e-05
4.1222465e-05
4.8939166e-05
5.9068831e-05
7.2368894e-05
9.0153261e-05
0.00011482447
0.00015112167
0.00020952725
0.00031765596
0.00057139622
0.0014523701
2.7531195e-05
2.8683277e-05
3.1264535e-05
3.5330149e-05
4.1061901e-05
4.8749417e-05
5.8852596e-05
7.2132304e-05
8.9905385e-05
0.00011457673
0.00015088725
0.00020932041
0.0003174905
0.00057127965
0.0014521935
2.7446126e-05
2.8590388e-05
3.1155192e-05
3.5197732e-05
4.0902334e-05
4.8561847e-05
5.8639686e-05
7.1900074e-05
8.9662737e-05
0.00011433485
0.000150659
0.00020911947
0.00031732966
0.00057116406
0.0014520068
2.7359267e-05
2.849602e-05
3.1045021e-05
3.5065406e-05
4.0743952e-05
4.8376628e-05
5.8430265e-05
7.1672365e-05
8.9425473e-05
0.00011409899
0.00015043704
0.00020892458
0.00031717366
0.00057104998
0.0014518108
2.727086e-05
2.8400405e-05
3.0934238e-05
3.4933367e-05
4.0586933e-05
4.8193921e-05
5.8224483e-05
7.1449319e-05
8.919373e-05
0.00011386926
0.0001502215
0.00020873582
0.0003170225
0.00057093663
0.0014516062
2.7181134e-05
2.8303764e-05
3.082305e-05
3.48018e-05
4.0431441e-05
4.8013873e-05
5.8022475e-05
7.1231063e-05
8.8967625e-05
0.00011364579
0.00015001246
0.00020855324
0.00031687611
0.00057082384
0.0014513937
2.7090307e-05
2.8206307e-05
3.0711651e-05
3.4670881e-05
4.027763e-05
4.783662e-05
5.7824362e-05
7.1017707e-05
8.8747259e-05
0.00011342865
0.00014981001
0.00020837698
0.00031673488
0.00057071085
0.001451174
2.6998585e-05
2.8108233e-05
3.0600224e-05
3.4540773e-05
4.0125642e-05
4.7662286e-05
5.7630254e-05
7.0809349e-05
8.8532719e-05
0.00011321792
0.0001496142
0.00020820704
0.00031659841
0.00057059808
0.0014509477
2.6906162e-05
2.800973e-05
3.0488941e-05
3.4411629e-05
3.9975609e-05
4.7490984e-05
5.7440246e-05
7.0606071e-05
8.8324075e-05
0.00011301365
0.00014942505
0.00020804334
0.00031646642
0.000570486
0.0014507155
2.6813223e-05
2.7910974e-05
3.0377966e-05
3.4283591e-05
3.9827654e-05
4.7322815e-05
5.7254426e-05
7.0407946e-05
8.8121383e-05
0.0001128159
0.00014924263
0.00020788602
0.00031633845
0.00057037514
0.0014504783
2.6719942e-05
2.7812132e-05
3.0267452e-05
3.4156795e-05
3.968189e-05
4.7157874e-05
5.7072866e-05
7.021503e-05
8.7924688e-05
0.00011262468
0.00014906691
0.00020773491
0.00031621448
0.0005702659
0.0014502367
2.6626484e-05
2.7713363e-05
3.0157541e-05
3.4031364e-05
3.953842e-05
4.6996241e-05
5.6895631e-05
7.0027371e-05
8.7734018e-05
0.00011244
0.00014889784
0.00020758978
0.0003160947
0.00057015851
0.0014499915
2.6533003e-05
2.7614815e-05
3.0048369e-05
3.3907413e-05
3.9397338e-05
4.6837992e-05
5.6722775e-05
6.9845006e-05
8.7549397e-05
0.00011226189
0.00014873548
0.00020745024
0.00031597927
0.00057005318
0.0014497434
2.6439646e-05
2.7516627e-05
2.994006e-05
3.3785052e-05
3.925873e-05
4.6683189e-05
5.6554342e-05
6.9667961e-05
8.7370832e-05
0.0001120903
0.00014857968
0.00020731621
0.00031586829
0.00056995009
0.0014494931
2.6346549e-05
2.7418929e-05
2.9832733e-05
3.3664377e-05
3.9122675e-05
4.653189e-05
5.6390368e-05
6.949625e-05
8.7198307e-05
0.00011192518
0.00014843024
0.00020718776
0.0003157618
0.00056984937
0.0014492411
2.6253842e-05
2.7321845e-05
2.9726497e-05
3.3545481e-05
3.8989242e-05
4.6384144e-05
5.6230883e-05
6.9329886e-05
8.7031838e-05
0.00011176658
0.00014828683
0.0002070649
0.00031565984
0.00056975116
0.001448988
2.6161644e-05
2.7225488e-05
2.9621454e-05
3.3428447e-05
3.8858496e-05
4.6239992e-05
5.6075904e-05
6.9168866e-05
8.6871373e-05
0.00011161431
0.00014814943
0.00020694761
0.0003155624
0.00056965552
0.0014487344
2.607007e-05
2.7129966e-05
2.9517697e-05
3.3313353e-05
3.8730491e-05
4.6099468e-05
5.5925448e-05
6.9013185e-05
8.6716898e-05
0.00011146816
0.00014801802
0.00020683585
0.00031546947
0.00056956255
0.0014484807
2.5979224e-05
2.7035378e-05
2.9415314e-05
3.3200267e-05
3.8605278e-05
4.5962601e-05
5.5779519e-05
6.8862824e-05
8.6568353e-05
0.00011132797
0.00014789256
0.00020672957
0.00031538101
0.00056947227
0.0014482275
2.5889204e-05
2.6941817e-05
2.9314386e-05
3.3089255e-05
3.84829e-05
4.5829412e-05
5.5638116e-05
6.8717756e-05
8.6425571e-05
0.0001111937
0.00014777297
0.0002066287
0.00031529697
0.00056938474
0.0014479752
2.5800104e-05
2.6849369e-05
2.9214987e-05
3.2980374e-05
3.8363395e-05
4.569992e-05
5.5501239e-05
6.8577966e-05
8.6288385e-05
0.0001110653
0.00014765919
0.00020653317
0.0003152173
0.00056929998
0.0014477242
2.5712007e-05
2.6758114e-05
2.9117185e-05
3.2873675e-05
3.8246797e-05
4.5574134e-05
5.5368874e-05
6.8443318e-05
8.6156747e-05
0.00011094269
0.00014755112
0.00020644289
0.00031514193
0.00056921799
0.0014474749
2.5624994e-05
2.6668125e-05
2.9021044e-05
3.2769205e-05
3.8133132e-05
4.5452064e-05
5.5241011e-05
6.8313687e-05
8.6030593e-05
0.00011082579
0.00014744868
0.00020635777
0.00031507079
0.00056913877
0.0014472276
2.5539137e-05
2.6579472e-05
2.8926619e-05
3.2667008e-05
3.8022426e-05
4.5333722e-05
5.5117539e-05
6.8189024e-05
8.5909853e-05
0.00011071451
0.00014735177
0.00020627769
0.00031500377
0.00056906233
0.0014469826
2.5454503e-05
2.6492216e-05
2.8833965e-05
3.256712e-05
3.7914701e-05
4.5219079e-05
5.4998391e-05
6.8069272e-05
8.579445e-05
0.00011060877
0.00014726028
0.00020620256
0.0003149408
0.00056898864
0.0014467403
2.5371157e-05
2.6406416e-05
2.8743128e-05
3.2469577e-05
3.7809978e-05
4.5108069e-05
5.4883526e-05
6.7954369e-05
8.5684303e-05
0.00011050845
0.0001471741
0.00020613225
0.00031488178
0.00056891768
0.0014465009
2.5289156e-05
2.6322126e-05
2.8654158e-05
3.2374419e-05
3.7708217e-05
4.5000664e-05
5.4772897e-05
6.7844249e-05
8.5579328e-05
0.00011041347
0.00014709311
0.00020606665
0.00031482661
0.00056884943
0.0014462647
2.5208556e-05
2.62394e-05
2.8567095e-05
3.2281638e-05
3.7609409e-05
4.4896837e-05
5.4666456e-05
6.7738843e-05
8.5479434e-05
0.00011032371
0.00014701719
0.00020600563
0.00031477518
0.00056878385
0.0014460319
2.5129407e-05
2.6158279e-05
2.8481959e-05
3.2191242e-05
3.7513543e-05
4.4796557e-05
5.4564152e-05
6.7638078e-05
8.5384529e-05
0.00011023905
0.00014694621
0.00020594906
0.00031472739
0.00056872091
0.0014458026
2.505175e-05
2.6078796e-05
2.8398769e-05
3.2103236e-05
3.7420605e-05
4.469979e-05
5.446593e-05
6.7541878e-05
8.5294515e-05
0.0001101594
0.00014688006
0.00020589682
0.00031468313
0.00056866056
0.0014455772
2.4975617e-05
2.6000978e-05
2.8317544e-05
3.201762e-05
3.7330579e-05
4.46065e-05
5.4371733e-05
6.7450164e-05
8.5209293e-05
0.00011008461
0.00014681859
0.00020584877
0.00031464229
0.00056860276
0.0014453558
2.4901039e-05
2.5924849e-05
2.8238295e-05
3.1934394e-05
3.7243446e-05
4.4516648e-05
5.42815e-05
6.7362855e-05
8.512876e-05
0.00011001459
0.00014676167
0.00020580479
0.00031460475
0.00056854748
0.0014451385
2.482804e-05
2.5850431e-05
2.8161034e-05
3.1853555e-05
3.7159186e-05
4.4430194e-05
5.419517e-05
6.7279866e-05
8.5052811e-05
0.0001099492
0.00014670918
0.00020576473
0.00031457041
0.00056849465
0.0014449255
2.4756644e-05
2.5777739e-05
2.8085768e-05
3.1775095e-05
3.7077774e-05
4.4347095e-05
5.4112678e-05
6.7201112e-05
8.498134e-05
0.00010988831
0.00014666097
0.00020572846
0.00031453916
0.00056844423
0.0014447168
2.4686867e-05
2.5706789e-05
2.8012503e-05
3.1699007e-05
3.6999185e-05
4.4267305e-05
5.4033959e-05
6.7126504e-05
8.4914238e-05
0.00010983181
0.00014661691
0.00020569586
0.00031451088
0.00056839617
0.0014445126
2.4618726e-05
2.5637592e-05
2.7941239e-05
3.1625279e-05
3.6923392e-05
4.4190777e-05
5.3958943e-05
6.7055953e-05
8.4851395e-05
0.00010977957
0.00014657686
0.00020566678
0.00031448545
0.00056835041
0.0014443131
2.4552234e-05
2.5570156e-05
2.7871977e-05
3.1553898e-05
3.6850364e-05
4.4117462e-05
5.388756e-05
6.6989367e-05
8.47927e-05
0.00010973146
0.0001465407
0.00020564109
0.00031446279
0.00056830691
0.0014441182
2.44874e-05
2.5504487e-05
2.7804715e-05
3.1484848e-05
3.6780069e-05
4.4047309e-05
5.3819739e-05
6.6926654e-05
8.473804e-05
0.00010968734
0.00014650827
0.00020561866
0.00031444276
0.0005682656
0.001443928
2.4424232e-05
2.5440589e-05
2.7739446e-05
3.1418112e-05
3.6712475e-05
4.3980265e-05
5.3755406e-05
6.6867719e-05
8.4687301e-05
0.0001096471
0.00014647944
0.00020559936
0.00031442527
0.00056822644
0.0014437426
2.4362734e-05
2.5378462e-05
2.7676164e-05
3.135367e-05
3.6647544e-05
4.3916276e-05
5.3694488e-05
6.6812467e-05
8.4640372e-05
0.00010961061
0.00014645409
0.00020558306
0.0003144102
0.00056818936
0.0014435621
2.430291e-05
2.5318106e-05
2.761486e-05
3.1291501e-05
3.658524e-05
4.3855286e-05
5.3636908e-05
6.6760803e-05
8.4597136e-05
0.00010957773
0.00014643207
0.00020556963
0.00031439746
0.00056815432
0.0014433864
2.4244759e-05
2.5259518e-05
2.7555521e-05
3.1231581e-05
3.6525525e-05
4.3797239e-05
5.3582589e-05
6.6712631e-05
8.4557481e-05
0.00010954834
0.00014641326
0.00020555895
0.00031438694
0.00056812125
0.0014432156
2.4188281e-05
2.5202691e-05
2.7498136e-05
3.1173885e-05
3.6468358e-05
4.3742076e-05
5.3531455e-05
6.6667853e-05
8.4521293e-05
0.00010952232
0.00014639752
0.00020555089
0.00031437854
0.00056809011
0.0014430497
2.4133471e-05
2.5147619e-05
2.7442689e-05
3.1118386e-05
3.6413696e-05
4.3689739e-05
5.3483427e-05
6.6626373e-05
8.4488458e-05
0.00010949953
0.00014638472
0.00020554533
0.00031437216
0.00056806083
0.0014428887
2.4080324e-05
2.5094293e-05
2.7389163e-05
3.1065057e-05
3.6361499e-05
4.3640166e-05
5.3438426e-05
6.6588093e-05
8.4458862e-05
0.00010947986
0.00014637474
0.00020554215
0.0003143677
0.00056803337
0.0014427327
2.4028833e-05
2.5042702e-05
2.733754e-05
3.1013869e-05
3.631172e-05
4.3593297e-05
5.3396372e-05
6.6552916e-05
8.4432394e-05
0.00010946318
0.00014636745
0.00020554124
0.00031436508
0.00056800766
0.0014425815
2.3978989e-05
2.4992833e-05
2.72878e-05
3.0964789e-05
3.6264316e-05
4.3549071e-05
5.3357187e-05
6.6520746e-05
8.4408941e-05
0.00010944936
0.00014636273
0.00020554247
0.00031436419
0.00056798366
0.0014424353
2.393078e-05
2.4944674e-05
2.7239922e-05
3.0917786e-05
3.621924e-05
4.3507424e-05
5.3320791e-05
6.6491484e-05
8.4388392e-05
0.0001094383
0.00014636045
0.00020554574
0.00031436495
0.00056796131
0.0014422939
2.3884196e-05
2.4898207e-05
2.7193884e-05
3.0872827e-05
3.6176446e-05
4.3468293e-05
5.3287102e-05
6.6465036e-05
8.4370637e-05
0.00010942987
0.0001463605
0.00020555093
0.00031436726
0.00056794056
0.0014421573
2.3839223e-05
2.4853418e-05
2.7149661e-05
3.0829878e-05
3.6135884e-05
4.3431616e-05
5.3256042e-05
6.6441305e-05
8.4355568e-05
0.00010942395
0.00014636276
0.00020555795
0.00031437105
0.00056792136
0.0014420255
2.3795844e-05
2.4810287e-05
2.7107229e-05
3.0788903e-05
3.6097508e-05
4.3397329e-05
5.322753e-05
6.6420196e-05
8.4343077e-05
0.00010942043
0.00014636711
0.00020556668
0.00031437624
0.00056790365
0.0014418985
2.3754046e-05
2.4768795e-05
2.7066561e-05
3.0749866e-05
3.6061268e-05
4.3365367e-05
5.3201487e-05
6.6401615e-05
8.4333058e-05
0.0001094192
0.00014637345
0.00020557703
0.00031438273
0.00056788739
0.0014417762
2.3713809e-05
2.4728921e-05
2.7027631e-05
3.071273e-05
3.6027114e-05
4.3335666e-05
5.3177833e-05
6.6385467e-05
8.4325406e-05
0.00010942015
0.00014638166
0.00020558889
0.00031439045
0.00056787252
0.0014416586
2.3675115e-05
2.4690645e-05
2.6990411e-05
3.0677458e-05
3.5994996e-05
4.3308162e-05
5.3156489e-05
6.6371661e-05
8.4320018e-05
0.00010942316
0.00014639165
0.00020560217
0.00031439933
0.00056785899
0.0014415456
2.3637945e-05
2.4653943e-05
2.6954871e-05
3.0644011e-05
3.5964864e-05
4.3282791e-05
5.3137377e-05
6.6360104e-05
8.4316793e-05
0.00010942814
0.0001464033
0.00020561679
0.00031440929
0.00056784676
0.0014414371
2.3602277e-05
2.4618792e-05
2.6920981e-05
3.0612349e-05
3.5936667e-05
4.3259488e-05
5.3120418e-05
6.6350706e-05
8.431563e-05
0.00010943498
0.00014641651
0.00020563264
0.00031442026
0.00056783579
0.0014413331
2.3568092e-05
2.4585168e-05
2.6888712e-05
3.0582434e-05
3.5910353e-05
4.3238189e-05
5.3105535e-05
6.6343378e-05
8.4316432e-05
0.00010944357
0.00014643119
0.00020564964
0.00031443218
0.00056782601
0.0014412335
2.3535364e-05
2.4553045e-05
2.6858031e-05
3.0554226e-05
3.5885873e-05
4.3218831e-05
5.3092652e-05
6.6338031e-05
8.4319102e-05
0.00010945382
0.00014644724
0.0002056677
0.00031444497
0.00056781739
0.0014411383
2.3504073e-05
2.4522397e-05
2.6828908e-05
3.0527683e-05
3.5863174e-05
4.320135e-05
5.3081692e-05
6.6334579e-05
8.4323547e-05
0.00010946563
0.00014646457
0.00020568676
0.00031445857
0.00056780988
0.0014410473
2.3474193e-05
2.4493198e-05
2.680131e-05
3.0502766e-05
3.5842205e-05
4.3185682e-05
5.307258e-05
6.6332937e-05
8.4329674e-05
0.00010947891
0.00014648308
0.00020570671
0.00031447293
0.00056780344
0.0014409605
2.3445699e-05
2.446542e-05
2.6775203e-05
3.0479433e-05
3.5822915e-05
4.3171766e-05
5.3065242e-05
6.6333019e-05
8.4337392e-05
0.00010949356
0.0001465027
0.0002057275
0.00031448797
0.00056779802
0.0014408779
2.3418567e-05
2.4439036e-05
2.6750556e-05
3.0457644e-05
3.5805252e-05
4.3159538e-05
5.3059605e-05
6.6334745e-05
8.4346613e-05
0.0001095095
0.00014652334
0.00020574904
0.00031450364
0.00056779358
0.0014407993
2.339277e-05
2.4414016e-05
2.6727333e-05
3.0437355e-05
3.5789166e-05
4.3148937e-05
5.3055597e-05
6.6338033e-05
8.4357251e-05
0.00010952663
0.00014654491
0.00020577127
0.00031451989
0.00056779008
0.0014407247
2.3368282e-05
2.4390333e-05
2.6705501e-05
3.0418527e-05
3.5774606e-05
4.3139901e-05
5.3053146e-05
6.6342803e-05
8.4369222e-05
0.00010954489
0.00014656733
0.00020579412
0.00031453666
0.00056778748
0.001440654
2.3345076e-05
2.4367957e-05
2.6685026e-05
3.0401118e-05
3.576152e-05
4.3132371e-05
5.3052182e-05
6.6348978e-05
8.4382444e-05
0.00010956417
0.00014659054
0.00020581752
0.00031455391
0.00056778574
0.001440587
2.3323124e-05
2.4346857e-05
2.6665873e-05
3.0385085e-05
3.574986e-05
4.3126286e-05
5.3052637e-05
6.6356482e-05
8.4396836e-05
0.00010958441
0.00014661445
0.00020584141
0.00031457157
0.00056778482
0.0014405238
2.3302399e-05
2.4327005e-05
2.6648008e-05
3.0370388e-05
3.5739574e-05
4.3121587e-05
5.3054443e-05
6.636524e-05
8.4412321e-05
0.00010960552
0.000146639
0.00020586573
0.00031458962
0.00056778468
0.0014404642
2.3282872e-05
2.430837e-05
2.6631395e-05
3.0356985e-05
3.5730614e-05
4.3118217e-05
5.3057532e-05
6.6375179e-05
8.4428823e-05
0.00010962744
0.00014666411
0.00020589042
0.00031460799
0.00056778528
0.0014404081
2.3264515e-05
2.4290922e-05
2.6616001e-05
3.0344835e-05
3.572293e-05
4.3116116e-05
5.3061841e-05
6.6386229e-05
8.4446269e-05
0.00010965009
0.00014668973
0.00020591543
0.00031462664
0.00056778659
0.0014403555
2.32473e-05
2.4274629e-05
2.6601789e-05
3.0333897e-05
3.5716473e-05
4.311523e-05
5.3067305e-05
6.6398321e-05
8.4464587e-05
0.0001096734
0.00014671579
0.0002059407
0.00031464555
0.00056778857
0.0014403062
2.3231197e-05
2.4259461e-05
2.6588725e-05
3.0324129e-05
3.5711196e-05
4.3115501e-05
5.3073861e-05
6.6411386e-05
8.4483708e-05
0.0001096973
0.00014674222
0.00020596618
0.00031466465
0.00056779119
0.0014402602
2.3216177e-05
2.4245388e-05
2.6576774e-05
3.0315491e-05
3.5707051e-05
4.3116876e-05
5.3081449e-05
6.642536e-05
8.4503565e-05
0.00010972173
0.00014676898
0.00020599182
0.00031468392
0.00056779441
0.0014402174
2.3202212e-05
2.4232377e-05
2.6565901e-05
3.0307943e-05
3.5703991e-05
4.3119301e-05
5.3090008e-05
6.6440178e-05
8.4524094e-05
0.00010974663
0.00014679599
0.00020601758
0.00031470333
0.00056779821
0.0014401777
2.3189272e-05
2.4220399e-05
2.6556072e-05
3.0301446e-05
3.5701969e-05
4.3122722e-05
5.309948e-05
6.6455778e-05
8.4545231e-05
0.00010977194
0.00014682322
0.00020604342
0.00031472282
0.00056780253
0.001440141
2.3177328e-05
2.4209422e-05
2.6547252e-05
3.0295958e-05
3.570094e-05
4.3127088e-05
5.3109808e-05
6.64721e-05
8.4566915e-05
0.00010979759
0.00014685061
0.00020606928
0.00031474238
0.00056780737
0.0014401072
2.3166351e-05
2.4199415e-05
2.6539407e-05
3.0291441e-05
3.570086e-05
4.3132349e-05
5.3120936e-05
6.6489085e-05
8.4589089e-05
0.00010982354
0.00014687811
0.00020609514
0.00031476197
0.00056781268
0.0014400762
2.315631e-05
2.4190348e-05
2.6532503e-05
3.0287857e-05
3.5701683e-05
4.3138454e-05
5.313281e-05
6.6506677e-05
8.4611695e-05
0.00010984974
0.00014690568
0.00020612095
0.00031478156
0.00056781844
0.0014400479
2.3147178e-05
2.4182189e-05
2.6526505e-05
3.0285167e-05
3.5703367e-05
4.3145354e-05
5.3145378e-05
6.6524821e-05
8.463468e-05
0.00010987612
0.00014693327
0.00020614668
0.00031480112
0.00056782461
0.0014400223
2.3138925e-05
2.4174909e-05
2.652138e-05
3.0283333e-05
3.5705869e-05
4.3153003e-05
5.3158588e-05
6.6543463e-05
8.4657991e-05
0.00010990265
0.00014696083
0.00020617229
0.00031482063
0.00056783118
0.0014399992
2.3131521e-05
2.4168477e-05
2.6517096e-05
3.0282318e-05
3.5709146e-05
4.3161354e-05
5.3172389e-05
6.6562553e-05
8.4681578e-05
0.00010992927
0.00014698833
0.00020619775
0.00031484006
0.0005678381
0.0014399786
2.3124939e-05
2.4162863e-05
2.6513618e-05
3.0282085e-05
3.5713158e-05
4.3170362e-05
5.3186735e-05
6.658204e-05
8.4705392e-05
0.00010995595
0.00014701574
0.00020622303
0.00031485938
0.00056784536
0.0014399604
2.311915e-05
2.4158037e-05
2.6510915e-05
3.0282598e-05
3.5717865e-05
4.3179983e-05
5.3201578e-05
6.6601878e-05
8.4729388e-05
0.00010998263
0.00014704301
0.0002062481
0.00031487857
0.00056785293
0.0014399445
2.3114124e-05
2.4153969e-05
2.6508955e-05
3.0283822e-05
3.5723227e-05
4.3190173e-05
5.3216873e-05
6.6622019e-05
8.475352e-05
0.00011000929
0.00014707011
0.00020627294
0.00031489762
0.00056786078
0.0014399308
2.3109835e-05
2.415063e-05
2.6507706e-05
3.0285722e-05
3.5729205e-05
4.3200891e-05
5.3232575e-05
6.6642419e-05
8.4777747e-05
0.00011003588
0.00014709701
0.00020629753
0.00031491649
0.0005678689
0.0014399192
2.3106253e-05
2.4147991e-05
2.6507136e-05
3.0288263e-05
3.5735762e-05
4.3212097e-05
5.3248642e-05
6.6663037e-05
8.4802028e-05
0.00011006236
0.00014712368
0.00020632182
0.00031493517
0.00056787724
0.0014399097
2.3103352e-05
2.4146023e-05
2.6507214e-05
3.0291412e-05
3.5742862e-05
4.322375e-05
5.3265033e-05
6.668383e-05
8.4826324e-05
0.0001100887
0.00014715009
0.00020634581
0.00031495365
0.00056788581
0.0014399021
2.3101103e-05
2.4144698e-05
2.6507912e-05
3.0295135e-05
3.5750468e-05
4.3235813e-05
5.3281709e-05
6.670476e-05
8.4850599e-05
0.00011011487
0.00014717621
0.00020636948
0.00031497191
0.00056789456
0.0014398964
2.3099481e-05
2.4143989e-05
2.6509198e-05
3.0299401e-05
3.5758546e-05
4.3248248e-05
5.3298631e-05
6.672579e-05
8.4874817e-05
0.00011014084
0.00014720202
0.0002063928
0.00031498992
0.00056790348
0.0014398925
2.3098458e-05
2.4143867e-05
2.6511043e-05
3.0304179e-05
3.5767061e-05
4.326102e-05
5.3315762e-05
6.6746882e-05
8.4898944e-05
0.00011016658
0.0001472275
0.00020641576
0.00031500768
0.00056791255
0.0014398903
2.3098008e-05
2.4144305e-05
2.6513419e-05
3.0309436e-05
3.5775981e-05
4.3274094e-05
5.3333068e-05
6.6768003e-05
8.492295e-05
0.00011019206
0.00014725262
0.00020643833
0.00031502517
0.00056792175
0.0014398897
2.3098104e-05
2.4145277e-05
2.6516298e-05
3.0315143e-05
3.5785273e-05
4.3287436e-05
5.3350514e-05
6.678912e-05
8.4946805e-05
0.00011021725
0.00014727737
0.00020646052
0.00031504239
0.00056793107
0.0014398907
2.3098723e-05
2.4146757e-05
2.6519652e-05
3.0321271e-05
3.5794906e-05
4.3301014e-05
5.3368067e-05
6.6810202e-05
8.497048e-05
0.00011024214
0.00014730172
0.0002064823
0.00031505931
0.00056794047
0.0014398932
2.3099838e-05
2.4148719e-05
2.6523453e-05
3.0327791e-05
3.5804851e-05
4.3314797e-05
5.3385697e-05
6.6831219e-05
8.4993948e-05
0.0001102667
0.00014732566
0.00020650365
0.00031507593
0.00056794995
0.0014398971
2.3101424e-05
2.4151137e-05
2.6527676e-05
3.0334675e-05
3.5815077e-05
4.3328754e-05
5.3403374e-05
6.6852142e-05
8.5017185e-05
0.00011029091
0.00014734917
0.00020652458
0.00031509224
0.00056795948
0.0014399023
2.3103459e-05
2.4153987e-05
2.6532295e-05
3.0341895e-05
3.5825556e-05
4.3342857e-05
5.3421069e-05
6.6872946e-05
8.5040167e-05
0.00011031474
0.00014737224
0.00020654507
0.00031510822
0.00056796906
0.0014399088
2.3105917e-05
2.4157245e-05
2.6537285e-05
3.0349427e-05
3.5836261e-05
4.3357078e-05
5.3438755e-05
6.6893605e-05
8.5062872e-05
0.00011033819
0.00014739486
0.0002065651
0.00031512389
0.00056797867
0.0014399165
2.3108775e-05
2.4160887e-05
2.654262e-05
3.0357243e-05
3.5847166e-05
4.3371389e-05
5.3456406e-05
6.6914094e-05
8.508528e-05
0.00011036124
0.00014741701
0.00020658468
0.00031513921
0.00056798829
0.0014399254
2.3112012e-05
2.4164889e-05
2.6548277e-05
3.0365319e-05
3.5858245e-05
4.3385767e-05
5.3473998e-05
6.6934392e-05
8.510737e-05
0.00011038387
0.00014743869
0.0002066038
0.0003151542
0.0005679979
0.0014399353
2.3115604e-05
2.416923e-05
2.6554233e-05
3.0373631e-05
3.5869473e-05
4.3400185e-05
5.3491506e-05
6.6954478e-05
8.5129126e-05
0.00011040607
0.00014745988
0.00020662244
0.00031516884
0.00056800751
0.0014399462
2.311953e-05
2.4173887e-05
2.6560464e-05
3.0382155e-05
3.5880827e-05
4.3414621e-05
5.3508909e-05
6.697433e-05
8.5150531e-05
0.00011042782
0.00014748057
0.00020664061
0.00031518313
0.00056801709
0.001439958
2.3123769e-05
2.4178838e-05
2.656695e-05
3.039087e-05
3.5892284e-05
4.3429052e-05
5.3526186e-05
6.6993932e-05
8.517157e-05
0.00011044912
0.00014750077
0.0002066583
0.00031519706
0.00056802662
0.0014399708
2.3128299e-05
2.4184063e-05
2.6573668e-05
3.0399753e-05
3.5903822e-05
4.3443458e-05
5.3543317e-05
6.7013265e-05
8.5192229e-05
0.00011046995
0.00014752046
0.00020667551
0.00031521064
0.00056803611
0.0014399843
2.31331e-05
2.418954e-05
2.6580597e-05
3.0408782e-05
3.5915419e-05
4.3457816e-05
5.3560283e-05
6.7032313e-05
8.5212494e-05
0.00011049031
0.00014753963
0.00020669223
0.00031522386
0.00056804554
0.0014399987
2.3138153e-05
2.4195251e-05
2.6587718e-05
3.0417939e-05
3.5927057e-05
4.347211e-05
5.3577067e-05
6.7051062e-05
8.5232355e-05
0.00011051018
0.0001475583
0.00020670847
0.00031523671
0.00056805489
0.0014400137
2.3143439e-05
2.4201176e-05
2.6595011e-05
3.0427203e-05
3.5938715e-05
4.3486319e-05
5.3593652e-05
6.7069497e-05
8.5251801e-05
0.00011052957
0.00014757644
0.00020672422
0.00031524921
0.00056806418
0.0014400294
2.3148939e-05
2.4207295e-05
2.6602457e-05
3.0436555e-05
3.5950375e-05
4.3500427e-05
5.3610023e-05
6.7087605e-05
8.5270823e-05
0.00011054846
0.00014759406
0.00020673948
0.00031526134
0.00056807335
0.0014400457
2.3154635e-05
2.4213592e-05
2.6610037e-05
3.0445977e-05
3.596202e-05
4.3514417e-05
5.3626164e-05
6.7105376e-05
8.5289412e-05
0.00011056686
0.00014761116
0.00020675426
0.00031527311
0.00056808236
0.0014400625
2.3160509e-05
2.4220048e-05
2.6617735e-05
3.0455452e-05
3.5973632e-05
4.3528274e-05
5.3642064e-05
6.7122798e-05
8.5307561e-05
0.00011058475
0.00014762773
0.00020676856
0.0003152845
0.00056809114
0.0014400797
2.3166544e-05
2.4226646e-05
2.6625534e-05
3.0464964e-05
3.5985197e-05
4.3541984e-05
5.3657709e-05
6.7139862e-05
8.5325264e-05
0.00011060213
0.00014764379
0.00020678238
0.00031529554
0.00056809966
0.0014400974
2.3172724e-05
2.423337e-05
2.6633416e-05
3.0474496e-05
3.5996699e-05
4.3555533e-05
5.3673089e-05
6.7156559e-05
8.5342516e-05
0.00011061901
0.00014765932
0.00020679571
0.00031530618
0.00056810794
0.0014401154
2.3179032e-05
2.4240204e-05
2.6641367e-05
3.0484033e-05
3.6008124e-05
4.3568907e-05
5.3688191e-05
6.7172882e-05
8.5359312e-05
0.00011063538
0.00014767434
0.00020680857
0.00031531642
0.000568116
0.0014401336
2.3185455e-05
2.4247133e-05
2.6649371e-05
3.0493561e-05
3.6019458e-05
4.3582096e-05
5.3703008e-05
6.7188825e-05
8.5375649e-05
0.00011065125
0.00014768884
0.00020682096
0.00031532621
0.00056812386
0.0014401522
2.3191976e-05
2.4254142e-05
2.6657414e-05
3.0503065e-05
3.6030688e-05
4.3595089e-05
5.3717531e-05
6.720438e-05
8.5391526e-05
0.0001106666
0.00014770283
0.00020683287
0.00031533557
0.00056813154
0.0014401709
2.3198581e-05
2.4261216e-05
2.6665482e-05
3.0512534e-05
3.6041804e-05
4.3607875e-05
5.3731751e-05
6.7219544e-05
8.540694e-05
0.00011068146
0.00014771631
0.00020684429
0.00031534451
0.00056813904
0.0014401898
2.3205258e-05
2.4268343e-05
2.6673562e-05
3.0521954e-05
3.6052793e-05
4.3620444e-05
5.3745662e-05
6.7234314e-05
8.5421891e-05
0.00011069581
0.00014772929
0.00020685522
0.00031535307
0.00056814638
0.0014402089
2.3211991e-05
2.427551e-05
2.6681642e-05
3.0531314e-05
3.6063645e-05
4.363279e-05
5.3759258e-05
6.7248685e-05
8.543638e-05
0.00011070966
0.00014774176
0.00020686564
0.00031536124
0.00056815355
0.0014402281
2.321877e-05
2.4282703e-05
2.6689709e-05
3.0540603e-05
3.6074351e-05
4.3644903e-05
5.3772534e-05
6.7262656e-05
8.5450407e-05
0.00011072302
0.00014775374
0.00020687557
0.00031536906
0.00056816057
0.0014402473
2.3225581e-05
2.4289911e-05
2.6697752e-05
3.0549809e-05
3.6084901e-05
4.3656776e-05
5.3785485e-05
6.7276225e-05
8.5463974e-05
0.00011073589
0.00014776519
0.00020688504
0.00031537652
0.00056816744
0.0014402666
2.3232413e-05
2.4297122e-05
2.670576e-05
3.0558924e-05
3.6095287e-05
4.3668404e-05
5.3798108e-05
6.7289392e-05
8.5477084e-05
0.00011074826
0.00014777612
0.00020689405
0.00031538364
0.00056817416
0.001440286
2.3239255e-05
2.4304326e-05
2.6713723e-05
3.0567938e-05
3.6105501e-05
4.367978e-05
5.3810399e-05
6.7302156e-05
8.5489737e-05
0.00011076015
0.00014778656
0.00020690261
0.00031539043
0.00056818074
0.0014403054
2.3246095e-05
2.4311512e-05
2.6721631e-05
3.0576842e-05
3.6115536e-05
4.36909e-05
5.3822356e-05
6.7314519e-05
8.5501942e-05
0.00011077153
0.00014779651
0.00020691075
0.0003153969
0.00056818717
0.0014403247
2.3252925e-05
2.431867e-05
2.6729474e-05
3.0585628e-05
3.6125386e-05
4.370176e-05
5.3833978e-05
6.732648e-05
8.5513694e-05
0.00011078242
0.00014780597
0.00020691846
0.00031540306
0.00056819345
0.0014403441
2.3259734e-05
2.432579e-05
2.6737245e-05
3.0594289e-05
3.6135045e-05
4.3712355e-05
5.3845263e-05
6.7338045e-05
8.5524984e-05
0.00011079283
0.00014781497
0.00020692576
0.00031540891
0.0005681996
0.0014403634
2.3266513e-05
2.4332865e-05
2.6744935e-05
3.0602817e-05
3.6144507e-05
4.3722683e-05
5.3856212e-05
6.734921e-05
8.5535815e-05
0.00011080276
0.00014782351
0.00020693266
0.00031541447
0.0005682056
0.0014403827
2.3273253e-05
2.4339885e-05
2.6752535e-05
3.0611206e-05
3.6153767e-05
4.3732741e-05
5.3866824e-05
6.7359969e-05
8.5546195e-05
0.00011081222
0.0001478316
0.00020693916
0.00031541973
0.00056821145
0.0014404018
2.3279945e-05
2.4346842e-05
2.676004e-05
3.061945e-05
3.6162822e-05
4.3742527e-05
5.3877099e-05
6.7370323e-05
8.5556129e-05
0.00011082122
0.00014783925
0.00020694529
0.0003154247
0.00056821716
0.0014404209
2.3286583e-05
2.4353729e-05
2.6767442e-05
3.0627543e-05
3.6171669e-05
4.3752041e-05
5.388703e-05
6.7380274e-05
8.5565623e-05
0.00011082977
0.00014784647
0.00020695104
0.0003154294
0.0005682227
0.0014404398
2.3293159e-05
2.4360539e-05
2.6774735e-05
3.0635482e-05
3.6180304e-05
4.3761279e-05
5.3896616e-05
6.7389827e-05
8.5574684e-05
0.00011083788
0.00014785326
0.00020695642
0.00031543381
0.00056822809
0.0014404586
2.3299665e-05
2.4367266e-05
2.6781913e-05
3.0643262e-05
3.6188724e-05
4.3770236e-05
5.390586e-05
6.7398986e-05
8.5583318e-05
0.00011084555
0.00014785965
0.00020696145
0.00031543796
0.00056823331
0.0014404773
2.3306097e-05
2.4373903e-05
2.6788973e-05
3.0650879e-05
3.6196925e-05
4.3778911e-05
5.3914762e-05
6.7407756e-05
8.5591533e-05
0.0001108528
0.00014786564
0.00020696614
0.00031544183
0.00056823835
0.0014404957
2.3312447e-05
2.4380446e-05
2.6795909e-05
3.0658329e-05
3.6204903e-05
4.3787304e-05
5.3923326e-05
6.7416141e-05
8.5599337e-05
0.00011085964
0.00014787124
0.00020697048
0.00031544544
0.00056824322
0.0014405138
2.3318711e-05
2.4386889e-05
2.6802716e-05
3.0665606e-05
3.6212656e-05
4.3795415e-05
5.3931553e-05
6.7424148e-05
8.5606737e-05
0.00011086607
0.00014787646
0.0002069745
0.0003154488
0.0005682479
0.0014405317
2.3324884e-05
2.4393228e-05
2.6809389e-05
3.0672709e-05
3.6220183e-05
4.3803245e-05
5.3939449e-05
6.7431782e-05
8.5613742e-05
0.00011087211
0.00014788131
0.0002069782
0.00031545191
0.0005682524
0.0014405493
2.3330959e-05
2.4399457e-05
2.6815925e-05
3.0679633e-05
3.6227483e-05
4.3810795e-05
5.3947016e-05
6.743905e-05
8.562036e-05
0.00011087776
0.00014788581
0.00020698159
0.00031545477
0.00056825673
0.0014405666
2.3336934e-05
2.4405571e-05
2.682232e-05
3.0686377e-05
3.6234555e-05
4.3818067e-05
5.3954259e-05
6.7445958e-05
8.5626601e-05
0.00011088304
0.00014788996
0.00020698469
0.00031545741
0.00056826087
0.0014405835
2.3342803e-05
2.4411568e-05
2.682857e-05
3.0692939e-05
3.62414e-05
4.3825064e-05
5.3961183e-05
6.7452514e-05
8.5632474e-05
0.00011088796
0.00014789377
0.0002069875
0.00031545982
0.00056826484
0.0014406001
2.3348562e-05
2.4417444e-05
2.6834674e-05
3.0699318e-05
3.6248017e-05
4.3831789e-05
5.3967792e-05
6.7458726e-05
8.5637989e-05
0.00011089253
0.00014789726
0.00020699003
0.00031546202
0.00056826865
0.0014406163
2.3354208e-05
2.4423194e-05
2.6840628e-05
3.0705513e-05
3.6254409e-05
4.3838243e-05
5.3974093e-05
6.74646e-05
8.5643155e-05
0.00011089675
0.00014790044
0.00020699231
0.00031546402
0.0005682723
0.001440632
2.3359737e-05
2.4428817e-05
2.6846431e-05
3.0711523e-05
3.6260575e-05
4.3844431e-05
5.398009e-05
6.7470146e-05
8.5647982e-05
0.00011090065
0.00014790332
0.00020699434
0.00031546584
0.00056827582
0.0014406474
2.3365147e-05
2.4434309e-05
2.6852081e-05
3.0717347e-05
3.6266518e-05
4.3850356e-05
5.3985791e-05
6.747537e-05
8.565248e-05
0.00011090422
0.00014790592
0.00020699613
0.00031546747
0.0005682792
0.0014406625
2.3370434e-05
2.4439669e-05
2.6857576e-05
3.0722986e-05
3.6272239e-05
4.3856023e-05
5.39912e-05
6.7480282e-05
8.5656658e-05
0.00011090749
0.00014790823
0.0002069977
0.00031546895
0.00056828247
0.0014406771
2.3375596e-05
2.4444894e-05
2.6862916e-05
3.072844e-05
3.6277741e-05
4.3861434e-05
5.3996324e-05
6.7484889e-05
8.5660528e-05
0.00011091047
0.00014791029
0.00020699905
0.00031547027
0.00056828563
0.0014406915
2.3380631e-05
2.4449983e-05
2.68681e-05
3.073371e-05
3.6283025e-05
4.3866595e-05
5.4001169e-05
6.7489199e-05
8.5664098e-05
0.00011091316
0.00014791209
0.00020700019
0.00031547144
0.00056828869
0.0014407055
2.3385538e-05
2.4454934e-05
2.6873126e-05
3.0738796e-05
3.6288094e-05
4.3871508e-05
5.4005741e-05
6.749322e-05
8.5667377e-05
0.00011091557
0.00014791365
0.00020700114
0.00031547247
0.00056829167
0.0014407192
2.3390313e-05
2.4459745e-05
2.6877995e-05
3.0743698e-05
3.6292949e-05
4.387618e-05
5.4010046e-05
6.749696e-05
8.5670374e-05
0.00011091772
0.00014791497
0.0002070019
0.00031547337
0.00056829456
0.0014407327
2.3394957e-05
2.4464417e-05
2.6882706e-05
3.0748418e-05
3.6297594e-05
4.3880612e-05
5.401409e-05
6.7500427e-05
8.5673098e-05
0.00011091961
0.00014791607
0.00020700248
0.00031547414
0.00056829736
0.0014407459
2.3399467e-05
2.4468947e-05
2.688726e-05
3.0752957e-05
3.6302031e-05
4.3884811e-05
5.4017879e-05
6.7503627e-05
8.5675558e-05
0.00011092125
0.00014791695
0.00020700288
0.00031547477
0.00056830008
0.0014407589
2.3403843e-05
2.4473335e-05
2.6891655e-05
3.0757317e-05
3.6306263e-05
4.388878e-05
5.4021419e-05
6.7506568e-05
8.5677761e-05
0.00011092265
0.00014791762
0.0002070031
0.00031547528
0.00056830269
0.0014407717
2.3408084e-05
2.4477582e-05
2.6895894e-05
3.0761497e-05
3.6310293e-05
4.3892524e-05
5.4024716e-05
6.7509257e-05
8.5679716e-05
0.00011092382
0.00014791808
0.00020700316
0.00031547565
0.00056830519
0.0014407842
2.341219e-05
2.4481686e-05
2.6899976e-05
3.0765502e-05
3.6314123e-05
4.3896047e-05
5.4027776e-05
6.7511701e-05
8.568143e-05
0.00011092477
0.00014791835
0.00020700306
0.00031547589
0.00056830756
0.0014407965
2.3416162e-05
2.4485649e-05
2.6903902e-05
3.0769331e-05
3.6317758e-05
4.3899353e-05
5.4030604e-05
6.7513908e-05
8.568291e-05
0.00011092549
0.00014791842
0.00020700279
0.00031547599
0.00056830979
0.0014408085
2.3419998e-05
2.448947e-05
2.6907673e-05
3.0772988e-05
3.6321199e-05
4.3902448e-05
5.4033207e-05
6.7515884e-05
8.5684164e-05
0.00011092601
0.00014791831
0.00020700236
0.00031547594
0.00056831187
0.0014408203
2.3423701e-05
2.4493151e-05
2.6911292e-05
3.0776475e-05
3.6324452e-05
4.3905337e-05
5.4035591e-05
6.7517636e-05
8.5685201e-05
0.00011092632
0.00014791802
0.00020700178
0.00031547576
0.00056831377
0.0014408316
2.342727e-05
2.4496693e-05
2.6914759e-05
3.0779795e-05
3.6327519e-05
4.3908024e-05
5.4037762e-05
6.7519172e-05
8.5686028e-05
0.00011092645
0.00014791756
0.00020700105
0.00031547543
0.0005683155
0.0014408426
2.3430707e-05
2.4500097e-05
2.6918078e-05
3.078295e-05
3.6330406e-05
4.3910515e-05
5.4039727e-05
6.75205e-05
8.5686654e-05
0.00011092638
0.00014791694
0.00020700018
0.00031547497
0.00056831703
0.0014408531
2.3434014e-05
2.4503365e-05
2.6921249e-05
3.0785944e-05
3.6333116e-05
4.3912816e-05
5.4041494e-05
6.7521628e-05
8.5687086e-05
0.00011092614
0.00014791616
0.00020699917
0.00031547437
0.00056831837
0.0014408631
2.3437192e-05
2.4506499e-05
2.6924276e-05
3.078878e-05
3.6335654e-05
4.3914933e-05
5.4043068e-05
6.7522563e-05
8.5687335e-05
0.00011092573
0.00014791523
0.00020699804
0.00031547365
0.00056831953
0.0014408726
2.3440242e-05
2.4509501e-05
2.6927162e-05
3.0791463e-05
3.6338025e-05
4.3916871e-05
5.4044458e-05
6.7523315e-05
8.5687409e-05
0.00011092517
0.00014791417
0.00020699679
0.00031547282
0.00056832051
0.0014408815
2.3443168e-05
2.4512374e-05
2.6929909e-05
3.0793996e-05
3.6340234e-05
4.3918638e-05
5.4045671e-05
6.7523892e-05
8.5687318e-05
0.00011092445
0.00014791299
0.00020699545
0.00031547189
0.00056832133
0.0014408899
2.344597e-05
2.4515119e-05
2.6932521e-05
3.0796382e-05
3.6342286e-05
4.392024e-05
5.4046715e-05
6.7524302e-05
8.5687072e-05
0.0001109236
0.00014791169
0.00020699401
0.00031547088
0.00056832201
0.0014408976
2.3448651e-05
2.4517739e-05
2.6935001e-05
3.0798627e-05
3.6344187e-05
4.3921682e-05
5.4047598e-05
6.7524555e-05
8.568668e-05
0.00011092262
0.00014791029
0.00020699249
0.00031546981
0.00056832258
0.0014409049
2.3451213e-05
2.4520237e-05
2.6937351e-05
3.0800734e-05
3.6345942e-05
4.3922973e-05
5.4048327e-05
6.752466e-05
8.5686152e-05
0.00011092153
0.0001479088
0.00020699092
0.00031546869
0.00056832307
0.0014409116
2.3453658e-05
2.4522615e-05
2.6939576e-05
3.0802708e-05
3.6347555e-05
4.3924117e-05
5.404891e-05
6.7524625e-05
8.5685497e-05
0.00011092033
0.00014790723
0.00020698929
0.00031546753
0.00056832351
0.0014409178
2.3455988e-05
2.4524875e-05
2.6941678e-05
3.0804552e-05
3.6349033e-05
4.3925122e-05
5.4049354e-05
6.7524458e-05
8.5684726e-05
0.00011091904
0.00014790559
0.00020698762
0.00031546637
0.00056832392
0.0014409236
2.3458205e-05
2.4527021e-05
2.6943659e-05
3.080627e-05
3.635038e-05
4.3925993e-05
5.4049666e-05
6.7524167e-05
8.5683845e-05
0.00011091765
0.00014790389
0.00020698592
0.00031546521
0.00056832434
0.0014409291
2.3460311e-05
2.4529053e-05
2.6945524e-05
3.0807866e-05
3.63516e-05
4.3926736e-05
5.4049853e-05
6.7523761e-05
8.5682864e-05
0.00011091619
0.00014790214
0.0002069842
0.00031546405
0.00056832479
0.0014409343
2.3462307e-05
2.4530974e-05
2.6947274e-05
3.0809343e-05
3.6352698e-05
4.3927356e-05
5.4049922e-05
6.7523244e-05
8.5681788e-05
0.00011091466
0.00014790034
0.00020698246
0.00031546292
0.00056832527
0.0014409393
2.3464196e-05
2.4532787e-05
2.6948913e-05
3.0810705e-05
3.6353677e-05
4.3927858e-05
5.4049876e-05
6.7522625e-05
8.5680625e-05
0.00011091306
0.0001478985
0.00020698071
0.0003154618
0.00056832581
0.0014409443
2.3465979e-05
2.4534492e-05
2.6950441e-05
3.0811954e-05
3.6354543e-05
4.3928247e-05
5.4049723e-05
6.7521907e-05
8.5679381e-05
0.00011091139
0.00014789662
0.00020697895
0.0003154607
0.00056832639
0.0014409491
2.3467657e-05
2.4536092e-05
2.6951863e-05
3.0813094e-05
3.6355298e-05
4.3928527e-05
5.4049466e-05
6.7521097e-05
8.5678058e-05
0.00011090967
0.00014789471
0.00020697718
0.00031545961
0.00056832702
0.001440954
2.3469233e-05
2.4537589e-05
2.6953179e-05
3.0814126e-05
3.6355945e-05
4.3928702e-05
5.4049111e-05
6.7520199e-05
8.5676663e-05
0.0001109079
0.00014789276
0.00020697539
0.00031545852
0.00056832767
0.0014409589
2.3470707e-05
2.4538984e-05
2.6954392e-05
3.0815055e-05
3.6356488e-05
4.3928775e-05
5.404866e-05
6.7519215e-05
8.5675198e-05
0.00011090607
0.00014789078
0.00020697358
0.00031545742
0.00056832832
0.0014409638
2.3472083e-05
2.454028e-05
2.6955505e-05
3.0815881e-05
3.635693e-05
4.392875e-05
5.4048117e-05
6.7518151e-05
8.5673666e-05
0.00011090419
0.00014788876
0.00020697174
0.0003154563
0.00056832894
0.0014409688
2.3473363e-05
2.4541478e-05
2.6956519e-05
3.0816609e-05
3.6357274e-05
4.392863e-05
5.4047487e-05
6.751701e-05
8.567207e-05
0.00011090227
0.00014788671
0.00020696988
0.00031545514
0.00056832949
0.0014409738
2.3474547e-05
2.4542582e-05
2.6957437e-05
3.081724e-05
3.6357523e-05
4.3928419e-05
5.4046772e-05
6.7515794e-05
8.5670413e-05
0.00011090029
0.00014788462
0.00020696797
0.00031545392
0.00056832996
0.0014409787
2.347564e-05
2.4543592e-05
2.6958262e-05
3.0817778e-05
3.6357679e-05
4.3928119e-05
5.4045976e-05
6.7514507e-05
8.5668697e-05
0.00011089827
0.00014788249
0.00020696603
0.00031545264
0.00056833029
0.0014409835
2.3476643e-05
2.4544512e-05
2.6958996e-05
3.0818225e-05
3.6357748e-05
4.3927736e-05
5.4045103e-05
6.7513153e-05
8.5666925e-05
0.00011089621
0.00014788032
0.00020696405
0.00031545128
0.00056833047
0.0014409881
2.347756e-05
2.4545346e-05
2.6959642e-05
3.0818586e-05
3.6357731e-05
4.3927272e-05
5.4044156e-05
6.7511736e-05
8.5665102e-05
0.0001108941
0.00014787812
0.00020696202
0.00031544984
0.00056833047
0.0014409924
2.3478394e-05
2.4546095e-05
2.6960204e-05
3.0818863e-05
3.6357633e-05
4.3926731e-05
5.4043141e-05
6.751026e-05
8.5663232e-05
0.00011089196
0.00014787589
0.00020695995
0.00031544832
0.00056833027
0.0014409963
2.3479148e-05
2.4546764e-05
2.6960686e-05
3.081906e-05
3.6357458e-05
4.3926119e-05
5.4042061e-05
6.7508729e-05
8.5661318e-05
0.00011088978
0.00014787363
0.00020695784
0.00031544672
0.00056832988
0.0014409998
2.3479826e-05
2.4547357e-05
2.6961091e-05
3.0819181e-05
3.635721e-05
4.3925439e-05
5.4040922e-05
6.7507149e-05
8.5659366e-05
0.00011088758
0.00014787134
0.00020695571
0.00031544505
0.0005683293
0.0014410027
2.3480431e-05
2.4547875e-05
2.6961422e-05
3.0819231e-05
3.6356894e-05
4.3924697e-05
5.403973e-05
6.7505526e-05
8.5657383e-05
0.00011088536
0.00014786905
0.00020695356
0.00031544333
0.00056832854
0.0014410051
2.3480967e-05
2.4548325e-05
2.6961685e-05
3.0819213e-05
3.6356515e-05
4.3923898e-05
5.4038488e-05
6.7503865e-05
8.5655374e-05
0.00011088312
0.00014786675
0.0002069514
0.00031544157
0.00056832763
0.0014410068
2.3481437e-05
2.4548708e-05
2.6961883e-05
3.0819133e-05
3.6356077e-05
4.3923047e-05
5.4037204e-05
6.7502174e-05
8.5653347e-05
0.00011088088
0.00014786445
0.00020694924
0.00031543979
0.00056832661
0.001441008
2.3481845e-05
2.454903e-05
2.6962019e-05
3.0818995e-05
3.6355586e-05
4.392215e-05
5.4035884e-05
6.7500457e-05
8.5651309e-05
0.00011087864
0.00014786217
0.00020694711
0.00031543802
0.0005683255
0.0014410086
2.3482194e-05
2.4549293e-05
2.6962099e-05
3.0818803e-05
3.6355047e-05
4.3921211e-05
5.4034532e-05
6.7498721e-05
8.5649265e-05
0.00011087641
0.00014785991
0.000206945
0.00031543628
0.00056832436
0.0014410086
2.3482488e-05
2.4549501e-05
2.6962125e-05
3.0818561e-05
3.6354463e-05
4.3920237e-05
5.4033156e-05
6.7496974e-05
8.5647224e-05
0.00011087419
0.00014785768
0.00020694295
0.00031543458
0.00056832323
0.0014410082
2.3482728e-05
2.4549656e-05
2.6962102e-05
3.0818273e-05
3.6353839e-05
4.3919232e-05
5.4031759e-05
6.7495219e-05
8.564519e-05
0.000110872
0.00014785549
0.00020694095
0.00031543296
0.00056832215
0.0014410074
2.3482917e-05
2.4549763e-05
2.6962032e-05
3.0817942e-05
3.6353179e-05
4.39182e-05
5.4030347e-05
6.7493463e-05
8.564317e-05
0.00011086984
0.00014785335
0.00020693902
0.00031543143
0.00056832116
0.0014410064
2.3483057e-05
2.4549822e-05
2.6961918e-05
3.0817573e-05
3.6352488e-05
4.3917145e-05
5.4028924e-05
6.749171e-05
8.5641169e-05
0.00011086772
0.00014785126
0.00020693715
0.00031543
0.0005683203
0.0014410052
2.3483151e-05
2.4549837e-05
2.6961762e-05
3.0817167e-05
3.6351767e-05
4.3916071e-05
5.4027495e-05
6.7489964e-05
8.563919e-05
0.00011086563
0.00014784923
0.00020693537
0.00031542867
0.00056831959
0.001441004
2.34832e-05
2.4549808e-05
2.6961567e-05
3.0816728e-05
3.635102e-05
4.3914981e-05
5.4026061e-05
6.7488229e-05
8.5637236e-05
0.00011086358
0.00014784725
0.00020693366
0.00031542745
0.00056831904
0.0014410028
2.3483205e-05
2.4549738e-05
2.6961335e-05
3.0816256e-05
3.6350249e-05
4.3913877e-05
5.4024626e-05
6.7486505e-05
8.5635309e-05
0.00011086158
0.00014784533
0.00020693203
0.00031542634
0.00056831865
0.0014410019
2.3483168e-05
2.4549628e-05
2.6961066e-05
3.0815754e-05
3.6349456e-05
4.3912761e-05
5.4023191e-05
6.7484795e-05
8.563341e-05
0.00011085961
0.00014784347
0.00020693047
0.00031542532
0.00056831842
0.0014410011
2.3483088e-05
2.4549478e-05
2.6960762e-05
3.0815224e-05
3.6348643e-05
4.3911634e-05
5.4021757e-05
6.74831e-05
8.5631539e-05
0.00011085769
0.00014784165
0.00020692897
0.00031542438
0.00056831832
0.0014410007
2.3482968e-05
2.4549291e-05
2.6960425e-05
3.0814665e-05
3.6347809e-05
4.3910498e-05
5.4020325e-05
6.7481419e-05
8.5629694e-05
0.0001108558
0.00014783989
0.00020692751
0.00031542351
0.00056831834
0.0014410007
2.3482809e-05
2.4549066e-05
2.6960054e-05
3.0814079e-05
3.6346956e-05
4.3909353e-05
5.4018896e-05
6.7479752e-05
8.5627875e-05
0.00011085395
0.00014783816
0.0002069261
0.00031542268
0.00056831843
0.0014410009
2.3482611e-05
2.4548804e-05
2.695965e-05
3.0813467e-05
3.6346086e-05
4.3908199e-05
5.4017469e-05
6.7478099e-05
8.5626079e-05
0.00011085213
0.00014783646
0.00020692472
0.00031542186
0.00056831855
0.0014410015
2.3482375e-05
2.4548507e-05
2.6959215e-05
3.081283e-05
3.6345197e-05
4.3907037e-05
5.4016044e-05
6.7476458e-05
8.5624305e-05
0.00011085034
0.00014783479
0.00020692336
0.00031542105
0.00056831866
0.0014410024
2.3482103e-05
2.4548176e-05
2.695875e-05
3.0812167e-05
3.6344291e-05
4.3905867e-05
5.4014621e-05
6.7474829e-05
8.5622551e-05
0.00011084857
0.00014783315
0.000206922
0.00031542021
0.00056831872
0.0014410035
2.3481797e-05
2.4547811e-05
2.6958255e-05
3.0811481e-05
3.6343369e-05
4.3904689e-05
5.40132e-05
6.7473212e-05
8.5620816e-05
0.00011084682
0.00014783151
0.00020692064
0.00031541933
0.00056831868
0.0014410046
2.3481457e-05
2.4547415e-05
2.6957732e-05
3.0810772e-05
3.6342431e-05
4.3903505e-05
5.4011781e-05
6.7471605e-05
8.5619097e-05
0.00011084509
0.0001478299
0.00020691928
0.0003154184
0.00056831853
0.0014410058
2.3481088e-05
2.454699e-05
2.6957183e-05
3.0810042e-05
3.6341479e-05
4.3902314e-05
5.4010365e-05
6.7470009e-05
8.5617396e-05
0.00011084338
0.00014782829
0.0002069179
0.00031541741
0.00056831821
0.0014410069
2.3480689e-05
2.4546536e-05
2.6956609e-05
3.0809292e-05
3.6340515e-05
4.3901119e-05
5.4008953e-05
6.7468424e-05
8.5615711e-05
0.00011084169
0.0001478267
0.00020691651
0.00031541635
0.00056831772
0.0014410078
2.3480265e-05
2.4546058e-05
2.6956012e-05
3.0808525e-05
3.6339539e-05
4.389992e-05
5.4007546e-05
6.7466852e-05
8.5614044e-05
0.00011084002
0.00014782511
0.00020691511
0.00031541523
0.00056831704
0.0014410084
2.3479817e-05
2.4545557e-05
2.6955396e-05
3.0807742e-05
3.6338555e-05
4.389872e-05
5.4006145e-05
6.7465294e-05
8.5612397e-05
0.00011083837
0.00014782354
0.0002069137
0.00031541403
0.00056831617
0.0014410086
2.3479348e-05
2.4545035e-05
2.6954762e-05
3.0806947e-05
3.6337564e-05
4.3897522e-05
5.4004754e-05
6.7463752e-05
8.5610771e-05
0.00011083674
0.00014782199
0.00020691229
0.00031541278
0.00056831509
0.0014410083
2.3478862e-05
2.4544496e-05
2.6954113e-05
3.0806141e-05
3.6336569e-05
4.3896327e-05
5.4003374e-05
6.746223e-05
8.560917e-05
0.00011083513
0.00014782046
0.00020691088
0.00031541148
0.00056831381
0.0014410075
2.3478361e-05
2.4543943e-05
2.6953453e-05
3.0805328e-05
3.6335573e-05
4.3895138e-05
5.4002009e-05
6.7460729e-05
8.5607597e-05
0.00011083356
0.00014781897
0.00020690949
0.00031541016
0.00056831238
0.0014410062
2.3477847e-05
2.4543379e-05
2.6952784e-05
3.0804511e-05
3.6334579e-05
4.389396e-05
5.4000661e-05
6.7459255e-05
8.5606057e-05
0.00011083203
0.00014781751
0.00020690814
0.00031540885
0.00056831086
0.0014410043
2.3477324e-05
2.4542805e-05
2.6952108e-05
3.0803693e-05
3.633359e-05
4.3892793e-05
5.3999335e-05
6.7457809e-05
8.5604553e-05
0.00011083054
0.0001478161
0.00020690683
0.00031540756
0.0005683093
0.0014410018
2.3476793e-05
2.4542225e-05
2.6951429e-05
3.0802875e-05
3.6332609e-05
4.3891642e-05
5.3998032e-05
6.7456395e-05
8.5603089e-05
0.0001108291
0.00014781474
0.00020690557
0.00031540632
0.00056830775
0.001440999
2.3476258e-05
2.4541641e-05
2.6950749e-05
3.0802062e-05
3.6331638e-05
4.3890509e-05
5.3996756e-05
6.7455017e-05
8.5601669e-05
0.00011082771
0.00014781343
0.00020690438
0.00031540517
0.00056830628
0.0014409958
2.3475718e-05
2.4541055e-05
2.695007e-05
3.0801254e-05
3.633068e-05
4.3889397e-05
5.3995509e-05
6.7453677e-05
8.5600295e-05
0.00011082637
0.00014781219
0.00020690326
0.00031540412
0.00056830494
0.0014409923
2.3475177e-05
2.4540469e-05
2.6949394e-05
3.0800455e-05
3.6329737e-05
4.3888308e-05
5.3994294e-05
6.7452378e-05
8.5598971e-05
0.00011082509
0.00014781101
0.00020690223
0.00031540319
0.00056830377
0.0014409888
2.3474635e-05
2.4539884e-05
2.6948724e-05
3.0799666e-05
3.632881e-05
4.3887244e-05
5.3993113e-05
6.7451121e-05
8.5597697e-05
0.00011082386
0.00014780991
0.00020690129
0.00031540238
0.00056830279
0.0014409852
2.3474093e-05
2.4539301e-05
2.6948058e-05
3.0798888e-05
3.6327902e-05
4.3886206e-05
5.3991966e-05
6.7449908e-05
8.5596475e-05
0.0001108227
0.00014780887
0.00020690044
0.00031540171
0.00056830203
0.0014409818
2.3473551e-05
2.453872e-05
2.69474e-05
3.0798122e-05
3.6327013e-05
4.3885195e-05
5.3990856e-05
6.7448739e-05
8.5595304e-05
0.0001108216
0.00014780791
0.00020689967
0.00031540116
0.00056830147
0.0014409787
2.3473011e-05
2.4538143e-05
2.6946749e-05
3.0797369e-05
3.6326143e-05
4.3884212e-05
5.3989781e-05
6.7447614e-05
8.5594186e-05
0.00011082055
0.00014780701
0.00020689899
0.00031540072
0.00056830112
0.0014409758
2.3472471e-05
2.453757e-05
2.6946105e-05
3.0796629e-05
3.6325294e-05
4.3883256e-05
5.3988742e-05
6.7446533e-05
8.5593118e-05
0.00011081956
0.00014780617
0.00020689838
0.00031540039
0.00056830096
0.0014409733
2.3471932e-05
2.4536999e-05
2.6945469e-05
3.0795902e-05
3.6324464e-05
4.3882328e-05
5.3987739e-05
6.7445495e-05
8.55921e-05
0.00011081863
0.0001478054
0.00020689784
0.00031540015
0.00056830098
0.0014409713
2.3471393e-05
2.4536431e-05
2.694484e-05
3.0795187e-05
3.6323653e-05
4.3881426e-05
5.3986769e-05
6.7444498e-05
8.5591129e-05
0.00011081774
0.00014780467
0.00020689735
0.00031539998
0.00056830112
0.0014409697
2.3470854e-05
2.4535866e-05
2.6944217e-05
3.0794485e-05
3.632286e-05
4.388055e-05
5.3985833e-05
6.7443541e-05
8.5590203e-05
0.00011081691
0.00014780399
0.0002068969
0.00031539986
0.00056830136
0.0014409685
2.3470315e-05
2.4535303e-05
2.69436e-05
3.0793793e-05
3.6322085e-05
4.3879698e-05
5.3984927e-05
6.744262e-05
8.5589316e-05
0.00011081611
0.00014780335
0.00020689649
0.00031539976
0.00056830166
0.0014409678
2.3469775e-05
2.4534741e-05
2.6942988e-05
3.0793111e-05
3.6321326e-05
4.3878868e-05
5.398405e-05
6.7441733e-05
8.5588467e-05
0.00011081535
0.00014780274
0.00020689609
0.00031539967
0.00056830198
0.0014409674
2.3469234e-05
2.4534181e-05
2.694238e-05
3.0792439e-05
3.6320582e-05
4.387806e-05
5.39832e-05
6.7440877e-05
8.5587651e-05
0.00011081463
0.00014780216
0.00020689572
0.00031539958
0.0005683023
0.0014409674
2.3468692e-05
2.4533621e-05
2.6941777e-05
3.0791775e-05
3.6319852e-05
4.3877271e-05
5.3982375e-05
6.7440049e-05
8.5586864e-05
0.00011081393
0.00014780159
0.00020689534
0.00031539946
0.00056830257
0.0014409677
2.346815e-05
2.4533061e-05
2.6941178e-05
3.079112e-05
3.6319135e-05
4.3876501e-05
5.3981572e-05
6.7439247e-05
8.5586103e-05
0.00011081325
0.00014780104
0.00020689494
0.00031539929
0.00056830276
0.0014409682
2.3467607e-05
2.4532503e-05
2.6940582e-05
3.0790472e-05
3.631843e-05
4.3875747e-05
5.398079e-05
6.7438468e-05
8.5585364e-05
0.00011081259
0.00014780049
0.00020689453
0.00031539906
0.00056830283
0.0014409688
2.3467065e-05
2.4531946e-05
2.693999e-05
3.0789831e-05
3.6317738e-05
4.387501e-05
5.3980027e-05
6.7437709e-05
8.5584644e-05
0.00011081194
0.00014779994
0.00020689409
0.00031539874
0.00056830272
0.0014409694
2.3466524e-05
2.4531391e-05
2.6939402e-05
3.0789198e-05
3.6317056e-05
4.3874288e-05
5.3979283e-05
6.743697e-05
8.5583942e-05
0.00011081131
0.00014779938
0.00020689362
0.00031539833
0.00056830242
0.0014409698
2.3465984e-05
2.4530838e-05
2.6938818e-05
3.0788572e-05
3.6316385e-05
4.387358e-05
5.3978556e-05
6.743625e-05
8.5583258e-05
0.00011081068
0.00014779883
0.00020689311
0.00031539782
0.00056830189
0.00144097
2.3465448e-05
2.4530288e-05
2.6938239e-05
3.0787954e-05
3.6315726e-05
4.3872886e-05
5.3977845e-05
6.7435546e-05
8.5582585e-05
0.00011081006
0.00014779826
0.00020689257
0.00031539723
0.00056830114
0.0014409699
2.3464921e-05
2.4529748e-05
2.693767e-05
3.0787348e-05
3.6315081e-05
4.387221e-05
5.3977152e-05
6.7434858e-05
8.5581927e-05
0.00011080945
0.00014779769
0.000206892
0.00031539656
0.00056830022
0.0014409693
)
;

boundaryField
{
    water_inlet
    {
        type            turbulentMixingLengthDissipationRateInlet;
        mixingLength    0.005;
        phi             phi;
        k               k;
        value           uniform 0.00011791765;
    }
    water_outlet
    {
        type            inletOutlet;
        inletValue      uniform 0.0001;
        value           nonuniform List<scalar> 
15
(
2.3464921e-05
2.4529748e-05
2.693767e-05
3.0787348e-05
3.6315081e-05
4.387221e-05
5.3977152e-05
6.7434858e-05
8.5581927e-05
0.00011080945
0.00014779769
0.000206892
0.00031539656
0.00056830022
0.0014409693
)
;
    }
    water_wedge1
    {
        type            wedge;
    }
    water_wedge2
    {
        type            wedge;
    }
    water_to_rock
    {
        type            epsilonWallFunction;
        blending        stepwise;
        value           nonuniform List<scalar> 
400
(
0.00073980483
0.0010520452
0.0013270628
0.0015411415
0.0016895689
0.0017792142
0.0018218943
0.0018300463
0.0018145574
0.0017840405
0.001744886
0.0017016307
0.00165739
0.0016142425
0.0015735325
0.0015360911
0.0015023901
0.0014726449
0.0014468811
0.00142498
0.0014067117
0.0013917631
0.0013797649
0.0013703185
0.0013630208
0.001357486
0.001353362
0.0013503406
0.0013481619
0.0013466143
0.00134553
0.0013447795
0.0013442658
0.0013439174
0.0013436835
0.0013435288
0.0013434301
0.001343373
0.0013433493
0.0013433553
0.0013433902
0.0013434553
0.0013435527
0.0013436849
0.0013438547
0.0013440645
0.0013443165
0.0013446125
0.0013449537
0.001345341
0.0013457749
0.0013462556
0.0013467828
0.001347356
0.0013479746
0.0013486378
0.0013493444
0.0013500934
0.0013508836
0.0013517137
0.0013525823
0.0013534882
0.0013544295
0.0013554045
0.001356411
0.001357447
0.0013585105
0.0013595997
0.0013607134
0.0013618503
0.0013630097
0.0013641909
0.0013653934
0.0013666164
0.001367859
0.0013691204
0.0013703998
0.0013716964
0.0013730095
0.0013743381
0.0013756814
0.0013770387
0.0013784091
0.0013797918
0.0013811859
0.0013825907
0.0013840054
0.0013854292
0.0013868613
0.001388301
0.0013897473
0.0013911997
0.0013926572
0.0013941192
0.0013955849
0.0013970535
0.0013985243
0.0013999964
0.0014014692
0.0014029417
0.0014044133
0.001405883
0.0014073501
0.0014088137
0.0014102728
0.0014117266
0.0014131741
0.0014146144
0.0014160462
0.0014174686
0.0014188805
0.0014202806
0.0014216676
0.0014230404
0.0014243975
0.0014257377
0.0014270594
0.0014283612
0.0014296416
0.0014308991
0.0014321323
0.0014333396
0.0014345195
0.0014356706
0.0014367915
0.0014378807
0.001438937
0.0014399591
0.001440946
0.0014418966
0.0014428099
0.0014436852
0.0014445219
0.0014453192
0.0014460768
0.0014467945
0.0014474721
0.0014481095
0.0014487068
0.0014492644
0.0014497825
0.0014502617
0.0014507025
0.0014511055
0.0014514716
0.0014518016
0.0014520964
0.0014523571
0.0014525847
0.0014527802
0.0014529449
0.0014530799
0.0014531865
0.0014532657
0.001453319
0.0014533474
0.0014533523
0.0014533349
0.0014532964
0.0014532381
0.0014531611
0.0014530665
0.0014529556
0.0014528294
0.0014526891
0.0014525356
0.0014523701
0.0014521935
0.0014520068
0.0014518108
0.0014516062
0.0014513937
0.001451174
0.0014509477
0.0014507155
0.0014504783
0.0014502367
0.0014499915
0.0014497434
0.0014494931
0.0014492411
0.001448988
0.0014487344
0.0014484807
0.0014482275
0.0014479752
0.0014477242
0.0014474749
0.0014472276
0.0014469826
0.0014467403
0.0014465009
0.0014462647
0.0014460319
0.0014458026
0.0014455772
0.0014453558
0.0014451385
0.0014449255
0.0014447168
0.0014445126
0.0014443131
0.0014441182
0.001443928
0.0014437426
0.0014435621
0.0014433864
0.0014432156
0.0014430497
0.0014428887
0.0014427327
0.0014425815
0.0014424353
0.0014422939
0.0014421573
0.0014420255
0.0014418985
0.0014417762
0.0014416586
0.0014415456
0.0014414371
0.0014413331
0.0014412335
0.0014411383
0.0014410473
0.0014409605
0.0014408779
0.0014407993
0.0014407247
0.001440654
0.001440587
0.0014405238
0.0014404642
0.0014404081
0.0014403555
0.0014403062
0.0014402602
0.0014402174
0.0014401777
0.001440141
0.0014401072
0.0014400762
0.0014400479
0.0014400223
0.0014399992
0.0014399786
0.0014399604
0.0014399445
0.0014399308
0.0014399192
0.0014399097
0.0014399021
0.0014398964
0.0014398925
0.0014398903
0.0014398897
0.0014398907
0.0014398932
0.0014398971
0.0014399023
0.0014399088
0.0014399165
0.0014399254
0.0014399353
0.0014399462
0.001439958
0.0014399708
0.0014399843
0.0014399987
0.0014400137
0.0014400294
0.0014400457
0.0014400625
0.0014400797
0.0014400974
0.0014401154
0.0014401336
0.0014401522
0.0014401709
0.0014401898
0.0014402089
0.0014402281
0.0014402473
0.0014402666
0.001440286
0.0014403054
0.0014403247
0.0014403441
0.0014403634
0.0014403827
0.0014404018
0.0014404209
0.0014404398
0.0014404586
0.0014404773
0.0014404957
0.0014405138
0.0014405317
0.0014405493
0.0014405666
0.0014405835
0.0014406001
0.0014406163
0.001440632
0.0014406474
0.0014406625
0.0014406771
0.0014406915
0.0014407055
0.0014407192
0.0014407327
0.0014407459
0.0014407589
0.0014407717
0.0014407842
0.0014407965
0.0014408085
0.0014408203
0.0014408316
0.0014408426
0.0014408531
0.0014408631
0.0014408726
0.0014408815
0.0014408899
0.0014408976
0.0014409049
0.0014409116
0.0014409178
0.0014409236
0.0014409291
0.0014409343
0.0014409393
0.0014409443
0.0014409491
0.001440954
0.0014409589
0.0014409638
0.0014409688
0.0014409738
0.0014409787
0.0014409835
0.0014409881
0.0014409924
0.0014409963
0.0014409998
0.0014410027
0.0014410051
0.0014410068
0.001441008
0.0014410086
0.0014410086
0.0014410082
0.0014410074
0.0014410064
0.0014410052
0.001441004
0.0014410028
0.0014410019
0.0014410011
0.0014410007
0.0014410007
0.0014410009
0.0014410015
0.0014410024
0.0014410035
0.0014410046
0.0014410058
0.0014410069
0.0014410078
0.0014410084
0.0014410086
0.0014410083
0.0014410075
0.0014410062
0.0014410043
0.0014410018
0.001440999
0.0014409958
0.0014409923
0.0014409888
0.0014409852
0.0014409818
0.0014409787
0.0014409758
0.0014409733
0.0014409713
0.0014409697
0.0014409685
0.0014409678
0.0014409674
0.0014409674
0.0014409677
0.0014409682
0.0014409688
0.0014409694
0.0014409698
0.00144097
0.0014409699
0.0014409693
)
;
    }
}


// ************************************************************************* //
