/*--------------------------------*- C++ -*----------------------------------*\
| =========                 |                                                 |
| \\      /  F ield         | OpenFOAM: The Open Source CFD Toolbox           |
|  \\    /   O peration     | Version:  2506                                  |
|   \\  /    A nd           | Website:  www.openfoam.com                      |
|    \\/     M anipulation  |                                                 |
\*---------------------------------------------------------------------------*/
FoamFile
{
    version     2.0;
    format      ascii;
    arch        "LSB;label=32;scalar=64";
    class       volScalarField;
    location    "30000/water";
    object      T;
}
// * * * * * * * * * * * * * * * * * * * * * * * * * * * * * * * * * * * * * //

dimensions      [0 0 0 1 0 0 0];

internalField   nonuniform List<scalar> 
6000
(
333.15
333.15
333.15
333.15
333.15
333.15
333.15
333.15
333.15
333.15
333.15
333.14998
333.14989
333.14924
333.14256
333.15
333.15
333.15
333.15
333.15
333.15
333.15
333.15
333.15
333.15
333.14999
333.14994
333.14968
333.14816
333.13667
333.15
333.15
333.15
333.15
333.15
333.15
333.15
333.15
333.15
333.14999
333.14997
333.14987
333.14939
333.14689
333.13172
333.15
333.15
333.15
333.15
333.15
333.15
333.15
333.15
333.15
333.14999
333.14994
333.14976
333.14903
333.14547
333.1274
333.15
333.15
333.15
333.15
333.15
333.15
333.15
333.15
333.14999
333.14997
333.1499
333.14963
333.1486
333.14396
333.12352
333.15
333.15
333.15
333.15
333.15
333.15
333.15
333.15
333.14999
333.14996
333.14985
333.14947
333.14812
333.14237
333.11999
333.15
333.15
333.15
333.15
333.15
333.15
333.15
333.14999
333.14998
333.14994
333.14978
333.14929
333.1476
333.14073
333.11675
333.15
333.15
333.15
333.15
333.15
333.15
333.15
333.14999
333.14997
333.14991
333.1497
333.14909
333.14703
333.13906
333.11374
333.15
333.15
333.15
333.15
333.15
333.15
333.15
333.14999
333.14996
333.14987
333.14961
333.14886
333.14643
333.13737
333.11094
333.15
333.15
333.15
333.15
333.15
333.15
333.14999
333.14998
333.14994
333.14983
333.14951
333.14862
333.14578
333.13567
333.10832
333.15
333.15
333.15
333.15
333.15
333.15
333.14999
333.14998
333.14993
333.14978
333.1494
333.14836
333.1451
333.13397
333.10588
333.15
333.15
333.15
333.15
333.15
333.15
333.14999
333.14997
333.1499
333.14973
333.14928
333.14807
333.14437
333.13227
333.10359
333.15
333.15
333.15
333.15
333.15
333.14999
333.14998
333.14996
333.14988
333.14967
333.14915
333.14777
333.14361
333.1306
333.10145
333.15
333.15
333.15
333.15
333.15
333.14999
333.14998
333.14994
333.14985
333.14961
333.14901
333.14745
333.1428
333.12894
333.09946
333.15
333.15
333.15
333.15
333.15
333.14999
333.14997
333.14993
333.14982
333.14954
333.14886
333.1471
333.14196
333.12732
333.09761
333.15
333.15
333.15
333.15
333.15
333.14999
333.14997
333.14991
333.14978
333.14946
333.1487
333.14673
333.14107
333.12572
333.0959
333.15
333.15
333.15
333.15
333.14999
333.14998
333.14996
333.1499
333.14974
333.14938
333.14852
333.14634
333.14013
333.12417
333.09432
333.15
333.15
333.15
333.15
333.14999
333.14998
333.14995
333.14988
333.1497
333.14929
333.14834
333.14591
333.13916
333.12267
333.09287
333.15
333.15
333.15
333.15
333.14999
333.14998
333.14994
333.14985
333.14965
333.1492
333.14814
333.14546
333.13815
333.12122
333.09154
333.15
333.15
333.15
333.14999
333.14999
333.14997
333.14993
333.14983
333.1496
333.1491
333.14793
333.14497
333.1371
333.11982
333.09033
333.15
333.15
333.15
333.14999
333.14999
333.14997
333.14992
333.1498
333.14955
333.14899
333.1477
333.14444
333.13602
333.11848
333.08923
333.15
333.15
333.15
333.14999
333.14998
333.14996
333.1499
333.14977
333.14949
333.14887
333.14745
333.14388
333.13492
333.11721
333.08824
333.15
333.15
333.15
333.14999
333.14998
333.14995
333.14989
333.14974
333.14943
333.14875
333.14719
333.14328
333.1338
333.116
333.08735
333.15
333.15
333.14999
333.14999
333.14998
333.14994
333.14987
333.14971
333.14936
333.14861
333.1469
333.14264
333.13267
333.11485
333.08654
333.15
333.15
333.14999
333.14999
333.14997
333.14993
333.14985
333.14967
333.14929
333.14847
333.14659
333.14195
333.13155
333.11377
333.08581
333.15
333.15
333.14999
333.14998
333.14997
333.14992
333.14983
333.14963
333.14921
333.14831
333.14625
333.14123
333.13043
333.11275
333.08516
333.15
333.15
333.14999
333.14998
333.14996
333.14991
333.14981
333.14959
333.14913
333.14815
333.14589
333.14047
333.12933
333.11179
333.08457
333.15
333.14999
333.14999
333.14998
333.14996
333.1499
333.14979
333.14954
333.14904
333.14797
333.14549
333.13968
333.12826
333.11089
333.08403
333.15
333.14999
333.14999
333.14998
333.14995
333.14989
333.14976
333.14949
333.14895
333.14777
333.14507
333.13886
333.12722
333.11004
333.08355
333.14999
333.14999
333.14999
333.14997
333.14994
333.14987
333.14973
333.14944
333.14884
333.14756
333.14461
333.13802
333.12621
333.10924
333.08311
333.14999
333.14999
333.14998
333.14997
333.14993
333.14986
333.1497
333.14939
333.14873
333.14733
333.14412
333.13716
333.12523
333.10848
333.08272
333.14999
333.14999
333.14998
333.14996
333.14992
333.14984
333.14967
333.14933
333.14862
333.14708
333.14359
333.13629
333.1243
333.10777
333.08235
333.14999
333.14999
333.14998
333.14996
333.14991
333.14982
333.14964
333.14926
333.14849
333.14681
333.14304
333.13542
333.1234
333.1071
333.08202
333.14999
333.14999
333.14998
333.14995
333.1499
333.1498
333.1496
333.14919
333.14835
333.14652
333.14245
333.13456
333.12254
333.10647
333.08172
333.14999
333.14998
333.14997
333.14995
333.14989
333.14978
333.14956
333.14911
333.1482
333.1462
333.14184
333.1337
333.12172
333.10587
333.08144
333.14999
333.14998
333.14997
333.14994
333.14988
333.14976
333.14952
333.14903
333.14803
333.14586
333.1412
333.13286
333.12093
333.1053
333.08118
333.14999
333.14998
333.14997
333.14993
333.14987
333.14974
333.14947
333.14895
333.14786
333.14549
333.14054
333.13203
333.12018
333.10477
333.08094
333.14998
333.14998
333.14996
333.14993
333.14985
333.14971
333.14942
333.14885
333.14766
333.1451
333.13987
333.13122
333.11947
333.10426
333.08072
333.14998
333.14998
333.14996
333.14992
333.14984
333.14968
333.14937
333.14875
333.14746
333.14467
333.13918
333.13043
333.11878
333.10378
333.08052
333.14998
333.14997
333.14995
333.14991
333.14982
333.14965
333.14931
333.14864
333.14723
333.14423
333.13849
333.12967
333.11812
333.10332
333.08033
333.14998
333.14997
333.14995
333.1499
333.1498
333.14962
333.14925
333.14852
333.14698
333.14376
333.13779
333.12892
333.11749
333.10288
333.08015
333.14997
333.14996
333.14994
333.14989
333.14978
333.14958
333.14918
333.14839
333.14672
333.14326
333.1371
333.1282
333.11689
333.10246
333.07999
333.14997
333.14996
333.14993
333.14988
333.14976
333.14954
333.14911
333.14824
333.14643
333.14275
333.1364
333.1275
333.11631
333.10207
333.07983
333.14997
333.14996
333.14993
333.14986
333.14974
333.1495
333.14903
333.14809
333.14612
333.14222
333.13572
333.12683
333.11576
333.10169
333.07969
333.14996
333.14995
333.14992
333.14985
333.14972
333.14946
333.14895
333.14792
333.14579
333.14167
333.13504
333.12617
333.11523
333.10133
333.07956
333.14996
333.14995
333.14991
333.14984
333.14969
333.14941
333.14886
333.14774
333.14544
333.14111
333.13437
333.12554
333.11472
333.10098
333.07943
333.14995
333.14994
333.1499
333.14982
333.14966
333.14936
333.14876
333.14754
333.14507
333.14054
333.13372
333.12493
333.11423
333.10065
333.07931
333.14995
333.14993
333.14989
333.1498
333.14963
333.1493
333.14865
333.14733
333.14468
333.13997
333.13307
333.12434
333.11376
333.10033
333.07921
333.14994
333.14993
333.14988
333.14979
333.1496
333.14924
333.14854
333.1471
333.14427
333.13939
333.13244
333.12376
333.1133
333.10003
333.0791
333.14994
333.14992
333.14987
333.14977
333.14957
333.14918
333.14841
333.14686
333.14384
333.13881
333.13183
333.12321
333.11286
333.09974
333.07901
333.14993
333.14991
333.14986
333.14975
333.14953
333.14911
333.14827
333.14659
333.1434
333.13823
333.13122
333.12268
333.11244
333.09946
333.07892
333.14993
333.1499
333.14984
333.14972
333.14949
333.14903
333.14812
333.14631
333.14294
333.13765
333.13063
333.12216
333.11204
333.09919
333.07884
333.14992
333.14989
333.14983
333.1497
333.14944
333.14894
333.14796
333.14601
333.14247
333.13707
333.13006
333.12165
333.11164
333.09893
333.07876
333.14991
333.14988
333.14981
333.14967
333.14939
333.14885
333.14779
333.1457
333.14199
333.13651
333.1295
333.12117
333.11126
333.09868
333.07869
333.1499
333.14987
333.1498
333.14964
333.14934
333.14876
333.1476
333.14536
333.1415
333.13594
333.12896
333.1207
333.1109
333.09844
333.07862
333.14989
333.14986
333.14978
333.14961
333.14928
333.14865
333.1474
333.14501
333.14101
333.13539
333.12842
333.12024
333.11054
333.09821
333.07855
333.14988
333.14985
333.14976
333.14958
333.14922
333.14853
333.14718
333.14464
333.14051
333.13484
333.1279
333.11979
333.1102
333.09799
333.0785
333.14987
333.14983
333.14974
333.14954
333.14916
333.14841
333.14695
333.14426
333.14001
333.1343
333.1274
333.11936
333.10987
333.09777
333.07844
333.14986
333.14982
333.14971
333.1495
333.14908
333.14827
333.1467
333.14387
333.13951
333.13377
333.12691
333.11894
333.10955
333.09756
333.07839
333.14985
333.1498
333.14969
333.14946
333.149
333.14812
333.14643
333.14346
333.139
333.13325
333.12642
333.11854
333.10923
333.09736
333.07834
333.14983
333.14978
333.14966
333.14941
333.14892
333.14797
333.14616
333.14304
333.1385
333.13274
333.12596
333.11814
333.10893
333.09717
333.0783
333.14982
333.14976
333.14963
333.14936
333.14883
333.14779
333.14586
333.14262
333.13801
333.13224
333.1255
333.11776
333.10864
333.09698
333.07826
333.1498
333.14974
333.1496
333.1493
333.14872
333.14761
333.14555
333.14219
333.13751
333.13174
333.12505
333.11739
333.10835
333.0968
333.07822
333.14978
333.14972
333.14956
333.14924
333.14862
333.14741
333.14523
333.14175
333.13702
333.13126
333.12462
333.11702
333.10808
333.09662
333.07818
333.14976
333.1497
333.14952
333.14918
333.1485
333.1472
333.14489
333.14131
333.13653
333.13079
333.12419
333.11667
333.10781
333.09645
333.07815
333.14974
333.14967
333.14948
333.1491
333.14837
333.14698
333.14454
333.14086
333.13605
333.13032
333.12378
333.11632
333.10754
333.09629
333.07812
333.14972
333.14964
333.14944
333.14903
333.14823
333.14674
333.14418
333.14041
333.13557
333.12987
333.12337
333.11599
333.10729
333.09613
333.07809
333.14969
333.14961
333.14939
333.14894
333.14808
333.14648
333.14381
333.13996
333.13511
333.12942
333.12298
333.11566
333.10704
333.09597
333.07807
333.14967
333.14958
333.14933
333.14885
333.14792
333.14621
333.14343
333.13951
333.13464
333.12898
333.12259
333.11534
333.1068
333.09582
333.07804
333.14964
333.14954
333.14928
333.14875
333.14774
333.14593
333.14304
333.13907
333.13418
333.12856
333.12222
333.11503
333.10656
333.09567
333.07802
333.14961
333.1495
333.14921
333.14864
333.14756
333.14564
333.14265
333.13862
333.13373
333.12813
333.12185
333.11473
333.10633
333.09553
333.078
333.14957
333.14945
333.14914
333.14852
333.14736
333.14533
333.14225
333.13817
333.13329
333.12772
333.12149
333.11443
333.10611
333.09539
333.07798
333.14953
333.1494
333.14907
333.1484
333.14715
333.14501
333.14184
333.13773
333.13285
333.12732
333.12113
333.11414
333.10589
333.09526
333.07796
333.14949
333.14935
333.14899
333.14826
333.14692
333.14468
333.14144
333.13729
333.13242
333.12692
333.12079
333.11385
333.10568
333.09512
333.07795
333.14944
333.14929
333.1489
333.14811
333.14668
333.14434
333.14103
333.13685
333.13199
333.12653
333.12045
333.11358
333.10547
333.095
333.07793
333.14939
333.14923
333.1488
333.14795
333.14643
333.14399
333.14061
333.13642
333.13158
333.12615
333.12012
333.11331
333.10526
333.09487
333.07792
333.14934
333.14916
333.14869
333.14778
333.14616
333.14364
333.1402
333.13599
333.13116
333.12578
333.1198
333.11304
333.10507
333.09475
333.07791
333.14928
333.14908
333.14858
333.14759
333.14588
333.14327
333.13978
333.13557
333.13076
333.12541
333.11948
333.11278
333.10487
333.09463
333.07789
333.14921
333.149
333.14845
333.1474
333.14559
333.1429
333.13937
333.13515
333.13036
333.12505
333.11917
333.11253
333.10468
333.09451
333.07788
333.14914
333.14891
333.14832
333.14719
333.14529
333.14253
333.13896
333.13473
333.12997
333.12469
333.11886
333.11228
333.10449
333.0944
333.07787
333.14906
333.14881
333.14817
333.14696
333.14498
333.14214
333.13854
333.13432
333.12958
333.12435
333.11856
333.11203
333.10431
333.09429
333.07786
333.14897
333.1487
333.14801
333.14673
333.14466
333.14176
333.13813
333.13391
333.1292
333.124
333.11827
333.11179
333.10413
333.09418
333.07785
333.14888
333.14858
333.14784
333.14648
333.14433
333.14137
333.13772
333.13351
333.12882
333.12367
333.11798
333.11156
333.10396
333.09407
333.07784
333.14877
333.14845
333.14765
333.14621
333.14399
333.14098
333.13732
333.13312
333.12845
333.12334
333.1177
333.11133
333.10379
333.09397
333.07783
333.14866
333.14831
333.14746
333.14594
333.14364
333.14059
333.13691
333.13272
333.12809
333.12301
333.11742
333.1111
333.10362
333.09387
333.07783
333.14853
333.14816
333.14725
333.14565
333.14328
333.14019
333.13651
333.13233
333.12773
333.1227
333.11715
333.11088
333.10345
333.09376
333.07782
333.14839
333.14799
333.14702
333.14535
333.14292
333.1398
333.13611
333.13195
333.12738
333.12238
333.11688
333.11066
333.10329
333.09367
333.07781
333.14824
333.14781
333.14678
333.14504
333.14255
333.1394
333.13571
333.13157
333.12703
333.12207
333.11662
333.11045
333.10313
333.09357
333.0778
333.14807
333.14762
333.14653
333.14472
333.14218
333.13901
333.13532
333.1312
333.12669
333.12177
333.11636
333.11024
333.10297
333.09347
333.07779
333.14789
333.1474
333.14626
333.14439
333.1418
333.13861
333.13493
333.13083
333.12635
333.12147
333.1161
333.11003
333.10282
333.09338
333.07778
333.14769
333.14718
333.14598
333.14405
333.14142
333.13822
333.13454
333.13046
333.12602
333.12118
333.11585
333.10983
333.10266
333.09328
333.07778
333.14748
333.14694
333.14568
333.1437
333.14104
333.13782
333.13415
333.1301
333.12569
333.12089
333.11561
333.10963
333.10251
333.09319
333.07777
333.14725
333.14668
333.14537
333.14334
333.14065
333.13743
333.13377
333.12974
333.12536
333.1206
333.11536
333.10943
333.10237
333.0931
333.07776
333.147
333.1464
333.14505
333.14297
333.14026
333.13704
333.13339
333.12939
333.12504
333.12032
333.11512
333.10924
333.10222
333.09301
333.07775
333.14673
333.14611
333.14471
333.1426
333.13987
333.13664
333.13302
333.12904
333.12473
333.12005
333.11489
333.10905
333.10208
333.09292
333.07774
333.14644
333.1458
333.14436
333.14222
333.13948
333.13625
333.13264
333.1287
333.12442
333.11977
333.11466
333.10886
333.10193
333.09284
333.07773
333.14614
333.14547
333.144
333.14183
333.13908
333.13587
333.13228
333.12836
333.12411
333.1195
333.11443
333.10867
333.10179
333.09275
333.07772
333.14581
333.14513
333.14363
333.14144
333.13868
333.13548
333.13191
333.12802
333.12381
333.11924
333.1142
333.10849
333.10165
333.09266
333.07771
333.14546
333.14477
333.14325
333.14105
333.13829
333.13509
333.13155
333.12769
333.12351
333.11898
333.11398
333.1083
333.10152
333.09258
333.0777
333.1451
333.14439
333.14286
333.14064
333.13789
333.13471
333.13119
333.12736
333.12321
333.11872
333.11376
333.10813
333.10138
333.0925
333.07769
333.14472
333.144
333.14246
333.14024
333.13749
333.13433
333.13083
333.12703
333.12292
333.11846
333.11354
333.10795
333.10125
333.09241
333.07768
333.14432
333.1436
333.14205
333.13983
333.13709
333.13395
333.13048
333.12671
333.12263
333.11821
333.11333
333.10777
333.10112
333.09233
333.07766
333.14391
333.14318
333.14163
333.13942
333.13669
333.13357
333.13013
333.12639
333.12235
333.11796
333.11311
333.1076
333.10098
333.09225
333.07765
333.14348
333.14275
333.1412
333.139
333.13629
333.13319
333.12978
333.12607
333.12206
333.11771
333.1129
333.10743
333.10085
333.09216
333.07764
333.14304
333.14231
333.14077
333.13858
333.13589
333.13282
333.12943
333.12576
333.12179
333.11747
333.11269
333.10726
333.10073
333.09208
333.07762
333.14259
333.14186
333.14033
333.13816
333.13549
333.13245
333.12909
333.12545
333.12151
333.11722
333.11249
333.10709
333.1006
333.092
333.0776
333.14212
333.14141
333.13989
333.13773
333.13509
333.13207
333.12875
333.12514
333.12123
333.11699
333.11228
333.10692
333.10047
333.09192
333.07759
333.14165
333.14094
333.13944
333.13731
333.13469
333.1317
333.12841
333.12483
333.12096
333.11675
333.11208
333.10676
333.10034
333.09184
333.07757
333.14117
333.14047
333.13898
333.13688
333.13429
333.13134
333.12807
333.12453
333.12069
333.11651
333.11188
333.10659
333.10022
333.09175
333.07755
333.14068
333.13999
333.13853
333.13645
333.13389
333.13097
333.12774
333.12423
333.12043
333.11628
333.11168
333.10643
333.10009
333.09167
333.07753
333.14018
333.1395
333.13806
333.13602
333.13349
333.1306
333.12741
333.12393
333.12016
333.11605
333.11149
333.10627
333.09997
333.09159
333.07751
333.13968
333.13902
333.1376
333.13558
333.13309
333.13024
333.12707
333.12363
333.1199
333.11582
333.11129
333.10611
333.09984
333.09151
333.07749
333.13918
333.13853
333.13714
333.13515
333.1327
333.12987
333.12675
333.12334
333.11964
333.11559
333.1111
333.10595
333.09972
333.09143
333.07747
333.13868
333.13804
333.13667
333.13472
333.1323
333.12951
333.12642
333.12304
333.11938
333.11537
333.1109
333.10579
333.0996
333.09134
333.07744
333.13817
333.13754
333.1362
333.13428
333.1319
333.12915
333.12609
333.12275
333.11912
333.11514
333.11071
333.10563
333.09948
333.09126
333.07742
333.13766
333.13705
333.13574
333.13385
333.1315
333.12879
333.12577
333.12246
333.11886
333.11492
333.11052
333.10547
333.09935
333.09118
333.07739
333.13716
333.13655
333.13527
333.13342
333.13111
333.12843
333.12545
333.12217
333.11861
333.1147
333.11033
333.10532
333.09923
333.0911
333.07736
333.13665
333.13606
333.1348
333.13299
333.13071
333.12808
333.12512
333.12189
333.11835
333.11447
333.11014
333.10516
333.09911
333.09101
333.07733
333.13614
333.13557
333.13434
333.13256
333.13032
333.12772
333.12481
333.1216
333.1181
333.11426
333.10996
333.105
333.09899
333.09093
333.0773
333.13564
333.13508
333.13387
333.13213
333.12993
333.12736
333.12449
333.12132
333.11785
333.11404
333.10977
333.10485
333.09886
333.09084
333.07727
333.13514
333.13459
333.13341
333.1317
333.12954
333.12701
333.12417
333.12104
333.1176
333.11382
333.10958
333.10469
333.09874
333.09076
333.07723
333.13464
333.13411
333.13295
333.13127
333.12915
333.12666
333.12385
333.12075
333.11735
333.1136
333.1094
333.10454
333.09862
333.09067
333.0772
333.13415
333.13362
333.1325
333.13085
333.12876
333.12631
333.12354
333.12047
333.11711
333.11339
333.10921
333.10438
333.0985
333.09058
333.07716
333.13366
333.13315
333.13204
333.13043
333.12838
333.12596
333.12323
333.1202
333.11686
333.11317
333.10903
333.10423
333.09837
333.0905
333.07712
333.13317
333.13267
333.13159
333.13001
333.12799
333.12561
333.12291
333.11992
333.11661
333.11296
333.10884
333.10407
333.09825
333.09041
333.07708
333.13269
333.1322
333.13114
333.12959
333.12761
333.12527
333.1226
333.11964
333.11637
333.11274
333.10866
333.10392
333.09812
333.09032
333.07704
333.13221
333.13173
333.1307
333.12918
333.12723
333.12492
333.1223
333.11937
333.11612
333.11253
333.10847
333.10376
333.098
333.09022
333.07699
333.13174
333.13127
333.13026
333.12877
333.12686
333.12458
333.12199
333.11909
333.11588
333.11231
333.10829
333.10361
333.09787
333.09013
333.07694
333.13127
333.13081
333.12982
333.12836
333.12648
333.12424
333.12168
333.11882
333.11564
333.1121
333.10811
333.10345
333.09775
333.09004
333.0769
333.1308
333.13036
333.12939
333.12795
333.12611
333.1239
333.12138
333.11854
333.1154
333.11189
333.10792
333.1033
333.09762
333.08994
333.07684
333.13035
333.12991
333.12896
333.12755
333.12574
333.12357
333.12107
333.11827
333.11516
333.11168
333.10774
333.10314
333.09749
333.08985
333.07679
333.12989
333.12946
333.12853
333.12715
333.12537
333.12323
333.12077
333.118
333.11492
333.11147
333.10755
333.10299
333.09736
333.08975
333.07674
333.12944
333.12902
333.12811
333.12676
333.12501
333.1229
333.12047
333.11773
333.11468
333.11125
333.10737
333.10283
333.09724
333.08965
333.07668
333.129
333.12859
333.1277
333.12637
333.12465
333.12257
333.12017
333.11746
333.11444
333.11104
333.10719
333.10267
333.09711
333.08955
333.07662
333.12856
333.12816
333.12728
333.12598
333.12429
333.12224
333.11987
333.1172
333.1142
333.11083
333.107
333.10251
333.09697
333.08945
333.07656
333.12813
333.12773
333.12687
333.1256
333.12393
333.12191
333.11958
333.11693
333.11396
333.11062
333.10682
333.10236
333.09684
333.08935
333.0765
333.1277
333.12731
333.12647
333.12521
333.12358
333.12159
333.11928
333.11667
333.11372
333.11041
333.10663
333.1022
333.09671
333.08924
333.07643
333.12728
333.1269
333.12607
333.12484
333.12323
333.12127
333.11899
333.1164
333.11349
333.1102
333.10645
333.10204
333.09658
333.08914
333.07636
333.12686
333.12649
333.12568
333.12446
333.12288
333.12095
333.1187
333.11614
333.11325
333.10999
333.10626
333.10188
333.09644
333.08903
333.07629
333.12645
333.12608
333.12529
333.12409
333.12253
333.12063
333.11841
333.11588
333.11302
333.10978
333.10608
333.10172
333.09631
333.08892
333.07622
333.12604
333.12568
333.1249
333.12373
333.12219
333.12032
333.11812
333.11562
333.11278
333.10957
333.10589
333.10156
333.09617
333.08881
333.07615
333.12564
333.12529
333.12452
333.12337
333.12185
333.12
333.11784
333.11536
333.11255
333.10936
333.10571
333.10139
333.09603
333.0887
333.07607
333.12524
333.1249
333.12414
333.12301
333.12152
333.11969
333.11755
333.1151
333.11231
333.10915
333.10552
333.10123
333.09589
333.08858
333.07599
333.12485
333.12451
333.12377
333.12265
333.12119
333.11939
333.11727
333.11484
333.11208
333.10895
333.10534
333.10107
333.09575
333.08847
333.07591
333.12446
333.12413
333.1234
333.1223
333.12086
333.11908
333.11699
333.11458
333.11185
333.10874
333.10515
333.1009
333.09561
333.08835
333.07582
333.12408
333.12375
333.12303
333.12195
333.12053
333.11878
333.11671
333.11433
333.11162
333.10853
333.10497
333.10074
333.09547
333.08823
333.07574
333.1237
333.12338
333.12267
333.12161
333.12021
333.11847
333.11643
333.11407
333.11139
333.10832
333.10478
333.10057
333.09532
333.08811
333.07565
333.12333
333.12301
333.12232
333.12127
333.11988
333.11818
333.11615
333.11382
333.11116
333.10811
333.10459
333.10041
333.09518
333.08799
333.07556
333.12296
333.12265
333.12196
333.12093
333.11957
333.11788
333.11588
333.11357
333.11093
333.1079
333.10441
333.10024
333.09503
333.08787
333.07547
333.12259
333.12229
333.12162
333.1206
333.11925
333.11758
333.11561
333.11332
333.1107
333.1077
333.10422
333.10007
333.09489
333.08774
333.07537
333.12223
333.12193
333.12127
333.12027
333.11894
333.11729
333.11534
333.11307
333.11047
333.10749
333.10403
333.09991
333.09474
333.08762
333.07527
333.12188
333.12158
333.12093
333.11994
333.11863
333.117
333.11507
333.11282
333.11024
333.10728
333.10384
333.09974
333.09459
333.08749
333.07517
333.12153
333.12124
333.12059
333.11962
333.11832
333.11671
333.1148
333.11257
333.11001
333.10707
333.10365
333.09957
333.09444
333.08736
333.07507
333.12118
333.12089
333.12026
333.1193
333.11802
333.11643
333.11453
333.11233
333.10979
333.10687
333.10347
333.0994
333.09429
333.08723
333.07497
333.12084
333.12056
333.11993
333.11898
333.11772
333.11615
333.11427
333.11208
333.10956
333.10666
333.10328
333.09923
333.09413
333.0871
333.07486
333.1205
333.12022
333.1196
333.11867
333.11742
333.11586
333.11401
333.11184
333.10934
333.10645
333.10309
333.09906
333.09398
333.08696
333.07476
333.12017
333.11989
333.11928
333.11836
333.11712
333.11559
333.11374
333.11159
333.10911
333.10625
333.1029
333.09888
333.09383
333.08683
333.07465
333.11984
333.11956
333.11896
333.11805
333.11683
333.11531
333.11348
333.11135
333.10889
333.10604
333.10271
333.09871
333.09367
333.08669
333.07453
333.11951
333.11924
333.11865
333.11774
333.11654
333.11503
333.11323
333.11111
333.10866
333.10583
333.10252
333.09854
333.09351
333.08655
333.07442
333.11919
333.11892
333.11833
333.11744
333.11625
333.11476
333.11297
333.11087
333.10844
333.10563
333.10233
333.09836
333.09336
333.08641
333.07431
333.11887
333.1186
333.11803
333.11714
333.11597
333.11449
333.11272
333.11063
333.10822
333.10542
333.10214
333.09819
333.0932
333.08627
333.07419
333.11855
333.11829
333.11772
333.11685
333.11568
333.11422
333.11246
333.1104
333.108
333.10521
333.10195
333.09801
333.09304
333.08613
333.07407
333.11824
333.11798
333.11742
333.11656
333.1154
333.11395
333.11221
333.11016
333.10778
333.10501
333.10176
333.09784
333.09288
333.08598
333.07395
333.11793
333.11768
333.11712
333.11627
333.11512
333.11369
333.11196
333.10992
333.10756
333.1048
333.10157
333.09766
333.09271
333.08584
333.07382
333.11762
333.11737
333.11682
333.11598
333.11485
333.11342
333.11171
333.10969
333.10734
333.1046
333.10138
333.09748
333.09255
333.08569
333.0737
333.11732
333.11707
333.11653
333.11569
333.11457
333.11316
333.11146
333.10946
333.10712
333.10439
333.10118
333.09731
333.09239
333.08554
333.07357
333.11702
333.11678
333.11624
333.11541
333.1143
333.1129
333.11122
333.10922
333.1069
333.10419
333.10099
333.09713
333.09222
333.08539
333.07344
333.11672
333.11648
333.11595
333.11513
333.11403
333.11265
333.11097
333.10899
333.10668
333.10398
333.1008
333.09695
333.09206
333.08524
333.07331
333.11643
333.11619
333.11566
333.11485
333.11376
333.11239
333.11073
333.10876
333.10646
333.10378
333.10061
333.09677
333.09189
333.08509
333.07318
333.11614
333.1159
333.11538
333.11458
333.1135
333.11213
333.11048
333.10853
333.10624
333.10357
333.10042
333.09659
333.09173
333.08494
333.07305
333.11585
333.11562
333.1151
333.1143
333.11323
333.11188
333.11024
333.1083
333.10603
333.10337
333.10022
333.09641
333.09156
333.08479
333.07292
333.11557
333.11534
333.11482
333.11403
333.11297
333.11163
333.11
333.10807
333.10581
333.10316
333.10003
333.09623
333.09139
333.08463
333.07278
333.11529
333.11506
333.11455
333.11377
333.11271
333.11138
333.10976
333.10785
333.1056
333.10296
333.09984
333.09605
333.09122
333.08448
333.07264
333.11501
333.11478
333.11427
333.1135
333.11245
333.11113
333.10953
333.10762
333.10538
333.10276
333.09965
333.09587
333.09105
333.08432
333.07251
333.11473
333.1145
333.114
333.11323
333.1122
333.11089
333.10929
333.10739
333.10517
333.10255
333.09945
333.09569
333.09088
333.08416
333.07237
333.11446
333.11423
333.11373
333.11297
333.11194
333.11064
333.10905
333.10717
333.10495
333.10235
333.09926
333.0955
333.09071
333.084
333.07222
333.11418
333.11396
333.11347
333.11271
333.11169
333.1104
333.10882
333.10694
333.10474
333.10215
333.09907
333.09532
333.09054
333.08384
333.07208
333.11391
333.11369
333.1132
333.11245
333.11144
333.11015
333.10859
333.10672
333.10452
333.10194
333.09887
333.09514
333.09036
333.08368
333.07194
333.11365
333.11343
333.11294
333.1122
333.11119
333.10991
333.10836
333.1065
333.10431
333.10174
333.09868
333.09495
333.09019
333.08352
333.07179
333.11338
333.11316
333.11268
333.11194
333.11094
333.10967
333.10812
333.10628
333.1041
333.10154
333.09849
333.09477
333.09002
333.08336
333.07165
333.11312
333.1129
333.11242
333.11169
333.1107
333.10944
333.10789
333.10606
333.10389
333.10133
333.09829
333.09459
333.08984
333.0832
333.0715
333.11286
333.11264
333.11217
333.11144
333.11045
333.1092
333.10767
333.10584
333.10368
333.10113
333.0981
333.0944
333.08967
333.08303
333.07135
333.1126
333.11239
333.11191
333.11119
333.11021
333.10896
333.10744
333.10562
333.10346
333.10093
333.09791
333.09422
333.08949
333.08287
333.0712
333.11234
333.11213
333.11166
333.11094
333.10997
333.10873
333.10721
333.1054
333.10325
333.10072
333.09771
333.09403
333.08932
333.0827
333.07105
333.11209
333.11188
333.11141
333.1107
333.10973
333.10849
333.10698
333.10518
333.10304
333.10052
333.09752
333.09385
333.08914
333.08254
333.0709
333.11183
333.11163
333.11116
333.11045
333.10949
333.10826
333.10676
333.10496
333.10283
333.10032
333.09732
333.09366
333.08896
333.08237
333.07075
333.11158
333.11138
333.11092
333.11021
333.10925
333.10803
333.10653
333.10474
333.10262
333.10012
333.09713
333.09347
333.08879
333.0822
333.07059
333.11133
333.11113
333.11067
333.10997
333.10902
333.1078
333.10631
333.10453
333.10241
333.09992
333.09693
333.09329
333.08861
333.08203
333.07044
333.11109
333.11088
333.11043
333.10973
333.10878
333.10757
333.10609
333.10431
333.1022
333.09971
333.09674
333.0931
333.08843
333.08186
333.07028
333.11084
333.11064
333.11019
333.10949
333.10855
333.10734
333.10587
333.10409
333.102
333.09951
333.09655
333.09291
333.08825
333.0817
333.07013
333.1106
333.11039
333.10994
333.10925
333.10831
333.10712
333.10564
333.10388
333.10179
333.09931
333.09635
333.09273
333.08807
333.08153
333.06997
333.11035
333.11015
333.10971
333.10902
333.10808
333.10689
333.10542
333.10367
333.10158
333.09911
333.09616
333.09254
333.08789
333.08135
333.06981
333.11011
333.10991
333.10947
333.10878
333.10785
333.10666
333.1052
333.10345
333.10137
333.09891
333.09596
333.09235
333.08771
333.08118
333.06965
333.10987
333.10967
333.10923
333.10855
333.10762
333.10644
333.10499
333.10324
333.10117
333.09871
333.09577
333.09216
333.08753
333.08101
333.06949
333.10963
333.10944
333.109
333.10832
333.1074
333.10622
333.10477
333.10303
333.10096
333.09851
333.09557
333.09197
333.08735
333.08084
333.06933
333.1094
333.1092
333.10876
333.10809
333.10717
333.10599
333.10455
333.10281
333.10075
333.09831
333.09538
333.09179
333.08717
333.08067
333.06917
333.10916
333.10897
333.10853
333.10786
333.10694
333.10577
333.10433
333.1026
333.10055
333.09811
333.09518
333.0916
333.08699
333.08049
333.06901
333.10893
333.10873
333.1083
333.10763
333.10672
333.10555
333.10412
333.10239
333.10034
333.09791
333.09499
333.09141
333.08681
333.08032
333.06884
333.10869
333.1085
333.10807
333.1074
333.10649
333.10533
333.1039
333.10218
333.10013
333.0977
333.09479
333.09122
333.08662
333.08015
333.06868
333.10846
333.10827
333.10784
333.10717
333.10627
333.10511
333.10369
333.10197
333.09993
333.0975
333.0946
333.09103
333.08644
333.07997
333.06852
333.10823
333.10804
333.10761
333.10695
333.10605
333.10489
333.10347
333.10176
333.09972
333.0973
333.0944
333.09084
333.08626
333.0798
333.06835
333.108
333.10781
333.10738
333.10672
333.10582
333.10467
333.10326
333.10155
333.09952
333.0971
333.09421
333.09065
333.08608
333.07962
333.06819
333.10777
333.10758
333.10716
333.1065
333.1056
333.10446
333.10304
333.10134
333.09931
333.0969
333.09401
333.09046
333.08589
333.07944
333.06802
333.10755
333.10736
333.10693
333.10628
333.10538
333.10424
333.10283
333.10113
333.09911
333.0967
333.09382
333.09027
333.08571
333.07927
333.06785
333.10732
333.10713
333.10671
333.10606
333.10516
333.10402
333.10262
333.10092
333.0989
333.09651
333.09363
333.09009
333.08552
333.07909
333.06769
333.1071
333.10691
333.10648
333.10583
333.10495
333.10381
333.10241
333.10071
333.0987
333.09631
333.09343
333.0899
333.08534
333.07891
333.06752
333.10687
333.10668
333.10626
333.10561
333.10473
333.10359
333.10219
333.10051
333.0985
333.09611
333.09324
333.08971
333.08516
333.07874
333.06735
333.10665
333.10646
333.10604
333.10539
333.10451
333.10338
333.10198
333.1003
333.09829
333.09591
333.09304
333.08952
333.08497
333.07856
333.06718
333.10643
333.10624
333.10582
333.10518
333.10429
333.10317
333.10177
333.10009
333.09809
333.09571
333.09285
333.08933
333.08479
333.07838
333.06701
333.1062
333.10602
333.1056
333.10496
333.10408
333.10295
333.10156
333.09989
333.09789
333.09551
333.09265
333.08914
333.0846
333.0782
333.06684
333.10598
333.1058
333.10538
333.10474
333.10386
333.10274
333.10135
333.09968
333.09768
333.09531
333.09246
333.08895
333.08442
333.07802
333.06667
333.10576
333.10558
333.10516
333.10452
333.10365
333.10253
333.10114
333.09947
333.09748
333.09511
333.09226
333.08876
333.08423
333.07784
333.0665
333.10554
333.10536
333.10495
333.10431
333.10344
333.10232
333.10094
333.09927
333.09728
333.09491
333.09207
333.08856
333.08405
333.07766
333.06633
333.10533
333.10514
333.10473
333.10409
333.10322
333.10211
333.10073
333.09906
333.09708
333.09471
333.09187
333.08837
333.08386
333.07748
333.06616
333.10511
333.10492
333.10451
333.10388
333.10301
333.1019
333.10052
333.09886
333.09688
333.09451
333.09168
333.08818
333.08368
333.0773
333.06598
333.10489
333.10471
333.1043
333.10366
333.1028
333.10169
333.10031
333.09865
333.09667
333.09432
333.09148
333.08799
333.08349
333.07712
333.06581
333.10468
333.10449
333.10408
333.10345
333.10259
333.10148
333.1001
333.09845
333.09647
333.09412
333.09129
333.0878
333.0833
333.07694
333.06564
333.10446
333.10428
333.10387
333.10324
333.10237
333.10127
333.0999
333.09824
333.09627
333.09392
333.09109
333.08761
333.08312
333.07676
333.06546
333.10425
333.10406
333.10366
333.10303
333.10216
333.10106
333.09969
333.09804
333.09607
333.09372
333.0909
333.08742
333.08293
333.07658
333.06529
333.10403
333.10385
333.10344
333.10281
333.10195
333.10085
333.09948
333.09784
333.09587
333.09352
333.0907
333.08723
333.08274
333.0764
333.06511
333.10382
333.10364
333.10323
333.1026
333.10174
333.10064
333.09928
333.09763
333.09567
333.09333
333.09051
333.08704
333.08256
333.07622
333.06494
333.10361
333.10342
333.10302
333.10239
333.10153
333.10043
333.09907
333.09743
333.09547
333.09313
333.09032
333.08685
333.08237
333.07604
333.06476
333.10339
333.10321
333.10281
333.10218
333.10133
333.10023
333.09887
333.09723
333.09527
333.09293
333.09012
333.08666
333.08218
333.07585
333.06459
333.10318
333.103
333.1026
333.10197
333.10112
333.10002
333.09866
333.09702
333.09507
333.09273
333.08993
333.08647
333.082
333.07567
333.06441
333.10297
333.10279
333.10239
333.10176
333.10091
333.09981
333.09846
333.09682
333.09487
333.09254
333.08973
333.08628
333.08181
333.07549
333.06423
333.10276
333.10258
333.10218
333.10155
333.1007
333.09961
333.09825
333.09662
333.09467
333.09234
333.08954
333.08608
333.08162
333.07531
333.06406
333.10255
333.10237
333.10197
333.10134
333.10049
333.0994
333.09805
333.09642
333.09447
333.09214
333.08934
333.08589
333.08144
333.07512
333.06388
333.10234
333.10216
333.10176
333.10114
333.10029
333.0992
333.09785
333.09621
333.09427
333.09194
333.08915
333.0857
333.08125
333.07494
333.0637
333.10213
333.10195
333.10155
333.10093
333.10008
333.09899
333.09764
333.09601
333.09407
333.09175
333.08895
333.08551
333.08106
333.07476
333.06352
333.10192
333.10174
333.10134
333.10072
333.09987
333.09879
333.09744
333.09581
333.09387
333.09155
333.08876
333.08532
333.08087
333.07457
333.06334
333.10171
333.10153
333.10113
333.10051
333.09967
333.09858
333.09724
333.09561
333.09367
333.09135
333.08857
333.08513
333.08069
333.07439
333.06316
333.1015
333.10132
333.10093
333.10031
333.09946
333.09838
333.09703
333.09541
333.09347
333.09116
333.08837
333.08494
333.0805
333.07421
333.06299
333.1013
333.10112
333.10072
333.1001
333.09926
333.09817
333.09683
333.09521
333.09327
333.09096
333.08818
333.08475
333.08031
333.07402
333.06281
333.10109
333.10091
333.10051
333.0999
333.09905
333.09797
333.09663
333.09501
333.09307
333.09076
333.08798
333.08456
333.08012
333.07384
333.06263
333.10088
333.1007
333.10031
333.09969
333.09885
333.09776
333.09642
333.09481
333.09287
333.09057
333.08779
333.08436
333.07993
333.07365
333.06245
333.10068
333.1005
333.1001
333.09948
333.09864
333.09756
333.09622
333.09461
333.09267
333.09037
333.08759
333.08417
333.07974
333.07347
333.06226
333.10047
333.10029
333.09989
333.09928
333.09844
333.09736
333.09602
333.09441
333.09247
333.09017
333.0874
333.08398
333.07956
333.07328
333.06208
333.10026
333.10008
333.09969
333.09907
333.09823
333.09715
333.09582
333.0942
333.09228
333.08998
333.08721
333.08379
333.07937
333.0731
333.0619
333.10006
333.09988
333.09948
333.09887
333.09803
333.09695
333.09562
333.094
333.09208
333.08978
333.08701
333.0836
333.07918
333.07291
333.06172
333.09985
333.09967
333.09928
333.09867
333.09783
333.09675
333.09542
333.09381
333.09188
333.08958
333.08682
333.08341
333.07899
333.07273
333.06154
333.09965
333.09947
333.09907
333.09846
333.09762
333.09655
333.09522
333.09361
333.09168
333.08939
333.08662
333.08322
333.0788
333.07254
333.06136
333.09944
333.09926
333.09887
333.09826
333.09742
333.09634
333.09501
333.09341
333.09148
333.08919
333.08643
333.08302
333.07861
333.07235
333.06117
333.09924
333.09906
333.09867
333.09805
333.09722
333.09614
333.09481
333.09321
333.09129
333.089
333.08624
333.08283
333.07842
333.07217
333.06099
333.09903
333.09886
333.09846
333.09785
333.09702
333.09594
333.09461
333.09301
333.09109
333.0888
333.08604
333.08264
333.07824
333.07198
333.06081
333.09883
333.09865
333.09826
333.09765
333.09681
333.09574
333.09441
333.09281
333.09089
333.0886
333.08585
333.08245
333.07805
333.07179
333.06062
333.09863
333.09845
333.09805
333.09744
333.09661
333.09554
333.09421
333.09261
333.09069
333.08841
333.08566
333.08226
333.07786
333.07161
333.06044
333.09842
333.09824
333.09785
333.09724
333.09641
333.09534
333.09401
333.09241
333.0905
333.08821
333.08546
333.08207
333.07767
333.07142
333.06025
333.09822
333.09804
333.09765
333.09704
333.09621
333.09514
333.09381
333.09221
333.0903
333.08802
333.08527
333.08187
333.07748
333.07123
333.06007
333.09802
333.09784
333.09745
333.09684
333.096
333.09494
333.09361
333.09201
333.0901
333.08782
333.08507
333.08168
333.07729
333.07105
333.05988
333.09781
333.09764
333.09724
333.09664
333.0958
333.09473
333.09341
333.09181
333.0899
333.08763
333.08488
333.08149
333.0771
333.07086
333.0597
333.09761
333.09743
333.09704
333.09643
333.0956
333.09453
333.09321
333.09161
333.08971
333.08743
333.08469
333.0813
333.07691
333.07067
333.05951
333.09741
333.09723
333.09684
333.09623
333.0954
333.09433
333.09301
333.09142
333.08951
333.08723
333.08449
333.08111
333.07672
333.07048
333.05933
333.0972
333.09703
333.09664
333.09603
333.0952
333.09413
333.09281
333.09122
333.08931
333.08704
333.0843
333.08091
333.07653
333.0703
333.05914
333.097
333.09683
333.09643
333.09583
333.095
333.09393
333.09261
333.09102
333.08912
333.08684
333.0841
333.08072
333.07634
333.07011
333.05895
333.0968
333.09662
333.09623
333.09563
333.0948
333.09373
333.09241
333.09082
333.08892
333.08665
333.08391
333.08053
333.07615
333.06992
333.05877
333.0966
333.09642
333.09603
333.09543
333.0946
333.09353
333.09222
333.09062
333.08872
333.08645
333.08372
333.08034
333.07596
333.06973
333.05858
333.0964
333.09622
333.09583
333.09523
333.0944
333.09333
333.09202
333.09043
333.08853
333.08626
333.08352
333.08015
333.07577
333.06954
333.05839
333.0962
333.09602
333.09563
333.09502
333.0942
333.09313
333.09182
333.09023
333.08833
333.08606
333.08333
333.07995
333.07558
333.06935
333.0582
333.09599
333.09582
333.09543
333.09482
333.094
333.09293
333.09162
333.09003
333.08813
333.08587
333.08314
333.07976
333.07539
333.06916
333.05801
333.09579
333.09562
333.09523
333.09462
333.0938
333.09273
333.09142
333.08983
333.08794
333.08567
333.08294
333.07957
333.0752
333.06898
333.05782
333.09559
333.09542
333.09503
333.09442
333.0936
333.09254
333.09122
333.08964
333.08774
333.08548
333.08275
333.07938
333.07501
333.06879
333.05764
333.09539
333.09522
333.09483
333.09422
333.0934
333.09234
333.09102
333.08944
333.08754
333.08528
333.08255
333.07919
333.07482
333.0686
333.05745
333.09519
333.09502
333.09463
333.09402
333.0932
333.09214
333.09083
333.08924
333.08735
333.08509
333.08236
333.07899
333.07462
333.06841
333.05726
333.09499
333.09481
333.09443
333.09382
333.093
333.09194
333.09063
333.08904
333.08715
333.08489
333.08217
333.0788
333.07443
333.06822
333.05707
333.09479
333.09461
333.09422
333.09362
333.0928
333.09174
333.09043
333.08885
333.08695
333.0847
333.08197
333.07861
333.07424
333.06803
333.05688
333.09459
333.09441
333.09402
333.09342
333.0926
333.09154
333.09023
333.08865
333.08676
333.0845
333.08178
333.07842
333.07405
333.06783
333.05668
333.09439
333.09421
333.09382
333.09322
333.0924
333.09134
333.09003
333.08845
333.08656
333.08431
333.08159
333.07822
333.07386
333.06764
333.05649
333.09419
333.09401
333.09362
333.09302
333.0922
333.09114
333.08983
333.08825
333.08637
333.08411
333.08139
333.07803
333.07367
333.06745
333.0563
333.09399
333.09381
333.09342
333.09282
333.092
333.09094
333.08964
333.08806
333.08617
333.08392
333.0812
333.07784
333.07348
333.06726
333.05611
333.09379
333.09361
333.09323
333.09262
333.0918
333.09075
333.08944
333.08786
333.08597
333.08372
333.081
333.07764
333.07328
333.06707
333.05592
333.09359
333.09341
333.09303
333.09243
333.0916
333.09055
333.08924
333.08766
333.08578
333.08353
333.08081
333.07745
333.07309
333.06688
333.05572
333.09339
333.09321
333.09283
333.09223
333.0914
333.09035
333.08904
333.08747
333.08558
333.08333
333.08062
333.07726
333.0729
333.06669
333.05553
333.09319
333.09301
333.09263
333.09203
333.09121
333.09015
333.08885
333.08727
333.08539
333.08314
333.08042
333.07707
333.07271
333.06649
333.05534
333.09299
333.09282
333.09243
333.09183
333.09101
333.08995
333.08865
333.08707
333.08519
333.08294
333.08023
333.07687
333.07251
333.0663
333.05514
333.09279
333.09262
333.09223
333.09163
333.09081
333.08975
333.08845
333.08688
333.08499
333.08275
333.08003
333.07668
333.07232
333.06611
333.05495
333.09259
333.09242
333.09203
333.09143
333.09061
333.08956
333.08825
333.08668
333.0848
333.08255
333.07984
333.07649
333.07213
333.06592
333.05475
333.09239
333.09222
333.09183
333.09123
333.09041
333.08936
333.08806
333.08648
333.0846
333.08236
333.07965
333.07629
333.07194
333.06572
333.05456
333.09219
333.09202
333.09163
333.09103
333.09021
333.08916
333.08786
333.08629
333.08441
333.08216
333.07945
333.0761
333.07174
333.06553
333.05436
333.09199
333.09182
333.09143
333.09083
333.09001
333.08896
333.08766
333.08609
333.08421
333.08197
333.07926
333.07591
333.07155
333.06534
333.05417
333.09179
333.09162
333.09123
333.09064
333.08982
333.08877
333.08746
333.08589
333.08401
333.08177
333.07906
333.07571
333.07136
333.06514
333.05397
333.09159
333.09142
333.09103
333.09044
333.08962
333.08857
333.08727
333.0857
333.08382
333.08158
333.07887
333.07552
333.07116
333.06495
333.05378
333.0914
333.09122
333.09084
333.09024
333.08942
333.08837
333.08707
333.0855
333.08362
333.08138
333.07867
333.07532
333.07097
333.06475
333.05358
333.0912
333.09102
333.09064
333.09004
333.08922
333.08817
333.08687
333.0853
333.08343
333.08118
333.07848
333.07513
333.07077
333.06456
333.05338
333.091
333.09082
333.09044
333.08984
333.08902
333.08797
333.08668
333.08511
333.08323
333.08099
333.07828
333.07494
333.07058
333.06437
333.05318
333.0908
333.09063
333.09024
333.08964
333.08883
333.08778
333.08648
333.08491
333.08303
333.08079
333.07809
333.07474
333.07039
333.06417
333.05298
333.0906
333.09043
333.09004
333.08944
333.08863
333.08758
333.08628
333.08471
333.08284
333.0806
333.0779
333.07455
333.07019
333.06398
333.05279
333.0904
333.09023
333.08984
333.08925
333.08843
333.08738
333.08609
333.08452
333.08264
333.0804
333.0777
333.07435
333.07
333.06378
333.05259
333.0902
333.09003
333.08964
333.08905
333.08823
333.08718
333.08589
333.08432
333.08245
333.08021
333.07751
333.07416
333.0698
333.06358
333.05239
333.09
333.08983
333.08945
333.08885
333.08803
333.08699
333.08569
333.08412
333.08225
333.08001
333.07731
333.07396
333.06961
333.06339
333.05219
333.08981
333.08963
333.08925
333.08865
333.08784
333.08679
333.08549
333.08393
333.08206
333.07982
333.07712
333.07377
333.06941
333.06319
333.05199
333.08961
333.08943
333.08905
333.08845
333.08764
333.08659
333.0853
333.08373
333.08186
333.07962
333.07692
333.07357
333.06922
333.06299
333.05178
333.08941
333.08924
333.08885
333.08826
333.08744
333.0864
333.0851
333.08354
333.08166
333.07943
333.07673
333.07338
333.06902
333.0628
333.05158
333.08921
333.08904
333.08865
333.08806
333.08724
333.0862
333.0849
333.08334
333.08147
333.07923
333.07653
333.07318
333.06883
333.0626
333.05138
333.08901
333.08884
333.08846
333.08786
333.08705
333.086
333.08471
333.08314
333.08127
333.07904
333.07633
333.07299
333.06863
333.0624
333.05118
333.08881
333.08864
333.08826
333.08766
333.08685
333.0858
333.08451
333.08295
333.08108
333.07884
333.07614
333.07279
333.06843
333.0622
333.05098
333.08862
333.08844
333.08806
333.08747
333.08665
333.08561
333.08431
333.08275
333.08088
333.07864
333.07594
333.0726
333.06824
333.06201
333.05077
333.08842
333.08825
333.08786
333.08727
333.08645
333.08541
333.08412
333.08255
333.08068
333.07845
333.07575
333.0724
333.06804
333.06181
333.05057
333.08822
333.08805
333.08766
333.08707
333.08626
333.08521
333.08392
333.08236
333.08049
333.07825
333.07555
333.0722
333.06784
333.06161
333.05036
333.08802
333.08785
333.08747
333.08687
333.08606
333.08502
333.08372
333.08216
333.08029
333.07806
333.07536
333.07201
333.06765
333.06141
333.05016
333.08782
333.08765
333.08727
333.08667
333.08586
333.08482
333.08353
333.08196
333.0801
333.07786
333.07516
333.07181
333.06745
333.06121
333.04995
333.08763
333.08745
333.08707
333.08648
333.08566
333.08462
333.08333
333.08177
333.0799
333.07766
333.07496
333.07161
333.06725
333.06101
333.04975
333.08743
333.08726
333.08687
333.08628
333.08547
333.08442
333.08313
333.08157
333.0797
333.07747
333.07477
333.07142
333.06705
333.06081
333.04954
333.08723
333.08706
333.08668
333.08608
333.08527
333.08423
333.08294
333.08137
333.07951
333.07727
333.07457
333.07122
333.06686
333.06061
333.04933
333.08703
333.08686
333.08648
333.08588
333.08507
333.08403
333.08274
333.08118
333.07931
333.07708
333.07437
333.07102
333.06666
333.06041
333.04913
333.08684
333.08666
333.08628
333.08569
333.08488
333.08383
333.08254
333.08098
333.07911
333.07688
333.07418
333.07083
333.06646
333.06021
333.04892
333.08664
333.08647
333.08608
333.08549
333.08468
333.08364
333.08235
333.08078
333.07892
333.07668
333.07398
333.07063
333.06626
333.06
333.04871
333.08644
333.08627
333.08589
333.08529
333.08448
333.08344
333.08215
333.08059
333.07872
333.07649
333.07378
333.07043
333.06606
333.0598
333.0485
333.08624
333.08607
333.08569
333.0851
333.08428
333.08324
333.08195
333.08039
333.07852
333.07629
333.07359
333.07023
333.06586
333.0596
333.04829
333.08605
333.08587
333.08549
333.0849
333.08409
333.08304
333.08176
333.08019
333.07833
333.07609
333.07339
333.07004
333.06566
333.0594
333.04808
333.08585
333.08568
333.08529
333.0847
333.08389
333.08285
333.08156
333.08
333.07813
333.0759
333.07319
333.06984
333.06546
333.05919
333.04787
333.08565
333.08548
333.0851
333.0845
333.08369
333.08265
333.08136
333.0798
333.07793
333.0757
333.07299
333.06964
333.06526
333.05899
333.04766
333.08545
333.08528
333.0849
333.08431
333.0835
333.08245
333.08116
333.0796
333.07774
333.0755
333.0728
333.06944
333.06506
333.05879
333.04744
333.08525
333.08508
333.0847
333.08411
333.0833
333.08226
333.08097
333.07941
333.07754
333.0753
333.0726
333.06924
333.06486
333.05858
333.04723
333.08506
333.08489
333.0845
333.08391
333.0831
333.08206
333.08077
333.07921
333.07734
333.07511
333.0724
333.06904
333.06466
333.05838
333.04702
333.08486
333.08469
333.08431
333.08371
333.0829
333.08186
333.08057
333.07901
333.07714
333.07491
333.0722
333.06884
333.06446
333.05817
333.0468
333.08466
333.08449
333.08411
333.08352
333.08271
333.08166
333.08038
333.07882
333.07695
333.07471
333.072
333.06864
333.06426
333.05797
333.04659
333.08446
333.08429
333.08391
333.08332
333.08251
333.08147
333.08018
333.07862
333.07675
333.07451
333.07181
333.06844
333.06405
333.05776
333.04637
333.08427
333.0841
333.08371
333.08312
333.08231
333.08127
333.07998
333.07842
333.07655
333.07432
333.07161
333.06824
333.06385
333.05755
333.04616
333.08407
333.0839
333.08352
333.08292
333.08211
333.08107
333.07978
333.07822
333.07635
333.07412
333.07141
333.06804
333.06365
333.05735
333.04594
333.08387
333.0837
333.08332
333.08273
333.08192
333.08088
333.07959
333.07803
333.07616
333.07392
333.07121
333.06784
333.06345
333.05714
333.04572
333.08367
333.0835
333.08312
333.08253
333.08172
333.08068
333.07939
333.07783
333.07596
333.07372
333.07101
333.06764
333.06324
333.05693
333.0455
333.08348
333.08331
333.08292
333.08233
333.08152
333.08048
333.07919
333.07763
333.07576
333.07352
333.07081
333.06744
333.06304
333.05672
333.04529
333.08328
333.08311
333.08273
333.08213
333.08132
333.08028
333.07899
333.07743
333.07556
333.07332
333.07061
333.06724
333.06283
333.05651
333.04507
333.08308
333.08291
333.08253
333.08194
333.08113
333.08009
333.0788
333.07724
333.07536
333.07312
333.07041
333.06704
333.06263
333.0563
333.04485
333.08288
333.08271
333.08233
333.08174
333.08093
333.07989
333.0786
333.07704
333.07517
333.07293
333.07021
333.06683
333.06242
333.05609
333.04462
333.08269
333.08252
333.08213
333.08154
333.08073
333.07969
333.0784
333.07684
333.07497
333.07273
333.07001
333.06663
333.06222
333.05588
333.0444
333.08249
333.08232
333.08194
333.08134
333.08053
333.07949
333.0782
333.07664
333.07477
333.07253
333.06981
333.06643
333.06201
333.05567
333.04418
333.08229
333.08212
333.08174
333.08115
333.08034
333.0793
333.07801
333.07644
333.07457
333.07233
333.06961
333.06623
333.06181
333.05546
333.04396
333.08209
333.08192
333.08154
333.08095
333.08014
333.0791
333.07781
333.07624
333.07437
333.07213
333.06941
333.06602
333.0616
333.05525
333.04373
333.0819
333.08173
333.08134
333.08075
333.07994
333.0789
333.07761
333.07605
333.07417
333.07193
333.06921
333.06582
333.0614
333.05504
333.04351
333.0817
333.08153
333.08115
333.08055
333.07974
333.0787
333.07741
333.07585
333.07397
333.07173
333.069
333.06562
333.06119
333.05482
333.04328
333.0815
333.08133
333.08095
333.08036
333.07955
333.0785
333.07721
333.07565
333.07377
333.07153
333.0688
333.06541
333.06098
333.05461
333.04305
333.0813
333.08113
333.08075
333.08016
333.07935
333.07831
333.07701
333.07545
333.07357
333.07133
333.0686
333.06521
333.06077
333.0544
333.04283
333.08111
333.08093
333.08055
333.07996
333.07915
333.07811
333.07682
333.07525
333.07338
333.07113
333.0684
333.065
333.06056
333.05418
333.0426
333.08091
333.08074
333.08035
333.07976
333.07895
333.07791
333.07662
333.07505
333.07318
333.07092
333.0682
333.0648
333.06036
333.05397
333.04237
333.08071
333.08054
333.08016
333.07957
333.07875
333.07771
333.07642
333.07485
333.07298
333.07072
333.06799
333.06459
333.06015
333.05375
333.04214
333.08051
333.08034
333.07996
333.07937
333.07856
333.07751
333.07622
333.07465
333.07278
333.07052
333.06779
333.06439
333.05994
333.05354
333.04191
333.08032
333.08014
333.07976
333.07917
333.07836
333.07731
333.07602
333.07445
333.07257
333.07032
333.06759
333.06418
333.05973
333.05332
333.04168
333.08012
333.07995
333.07956
333.07897
333.07816
333.07712
333.07582
333.07425
333.07237
333.07012
333.06738
333.06398
333.05952
333.0531
333.04144
333.07992
333.07975
333.07937
333.07877
333.07796
333.07692
333.07562
333.07406
333.07217
333.06992
333.06718
333.06377
333.05931
333.05288
333.04121
333.07972
333.07955
333.07917
333.07857
333.07776
333.07672
333.07542
333.07386
333.07197
333.06971
333.06698
333.06356
333.05909
333.05266
333.04097
333.07952
333.07935
333.07897
333.07838
333.07756
333.07652
333.07523
333.07366
333.07177
333.06951
333.06677
333.06336
333.05888
333.05244
333.04074
333.07933
333.07915
333.07877
333.07818
333.07737
333.07632
333.07503
333.07345
333.07157
333.06931
333.06657
333.06315
333.05867
333.05222
333.0405
333.07913
333.07896
333.07857
333.07798
333.07717
333.07612
333.07483
333.07325
333.07137
333.06911
333.06636
333.06294
333.05846
333.052
333.04026
333.07893
333.07876
333.07837
333.07778
333.07697
333.07592
333.07463
333.07305
333.07117
333.0689
333.06616
333.06273
333.05824
333.05178
333.04003
333.07873
333.07856
333.07818
333.07758
333.07677
333.07572
333.07443
333.07285
333.07097
333.0687
333.06595
333.06252
333.05803
333.05156
333.03979
333.07853
333.07836
333.07798
333.07738
333.07657
333.07552
333.07423
333.07265
333.07076
333.0685
333.06574
333.06231
333.05782
333.05134
333.03954
333.07833
333.07816
333.07778
333.07719
333.07637
333.07532
333.07403
333.07245
333.07056
333.06829
333.06554
333.0621
333.0576
333.05111
333.0393
333.07814
333.07796
333.07758
333.07699
333.07617
333.07512
333.07383
333.07225
333.07036
333.06809
333.06533
333.06189
333.05739
333.05089
333.03906
333.07794
333.07777
333.07738
333.07679
333.07597
333.07492
333.07363
333.07205
333.07016
333.06788
333.06512
333.06168
333.05717
333.05066
333.03881
333.07774
333.07757
333.07718
333.07659
333.07577
333.07472
333.07342
333.07185
333.06995
333.06768
333.06492
333.06147
333.05695
333.05044
333.03857
333.07754
333.07737
333.07698
333.07639
333.07557
333.07452
333.07322
333.07164
333.06975
333.06747
333.06471
333.06126
333.05674
333.05021
333.03832
333.07734
333.07717
333.07678
333.07619
333.07537
333.07432
333.07302
333.07144
333.06955
333.06727
333.0645
333.06105
333.05652
333.04998
333.03807
333.07714
333.07697
333.07659
333.07599
333.07517
333.07412
333.07282
333.07124
333.06934
333.06706
333.06429
333.06083
333.0563
333.04976
333.03783
333.07694
333.07677
333.07639
333.07579
333.07497
333.07392
333.07262
333.07104
333.06914
333.06686
333.06408
333.06062
333.05608
333.04953
333.03758
333.07674
333.07657
333.07619
333.07559
333.07477
333.07372
333.07242
333.07084
333.06893
333.06665
333.06387
333.06041
333.05586
333.0493
333.03732
333.07655
333.07637
333.07599
333.07539
333.07457
333.07352
333.07222
333.07063
333.06873
333.06644
333.06366
333.06019
333.05564
333.04907
333.03707
333.07635
333.07617
333.07579
333.07519
333.07437
333.07332
333.07201
333.07043
333.06852
333.06624
333.06345
333.05998
333.05542
333.04883
333.03682
333.07615
333.07597
333.07559
333.07499
333.07417
333.07312
333.07181
333.07023
333.06832
333.06603
333.06324
333.05976
333.0552
333.0486
333.03656
333.07595
333.07577
333.07539
333.07479
333.07397
333.07292
333.07161
333.07002
333.06811
333.06582
333.06303
333.05955
333.05498
333.04837
333.0363
333.07575
333.07557
333.07519
333.07459
333.07377
333.07272
333.07141
333.06982
333.06791
333.06561
333.06282
333.05933
333.05475
333.04813
333.03604
333.07555
333.07537
333.07499
333.07439
333.07357
333.07251
333.0712
333.06961
333.0677
333.0654
333.06261
333.05912
333.05453
333.0479
333.03578
333.07535
333.07517
333.07479
333.07419
333.07337
333.07231
333.071
333.06941
333.0675
333.06519
333.0624
333.0589
333.0543
333.04766
333.03552
333.07515
333.07497
333.07459
333.07399
333.07317
333.07211
333.0708
333.0692
333.06729
333.06498
333.06218
333.05868
333.05408
333.04743
333.03526
333.07495
333.07477
333.07439
333.07379
333.07297
333.07191
333.07059
333.069
333.06708
333.06478
333.06197
333.05846
333.05385
333.04719
333.035
333.07475
333.07457
333.07419
333.07359
333.07276
333.07171
333.07039
333.06879
333.06687
333.06457
333.06176
333.05824
333.05363
333.04695
333.03473
333.07455
333.07437
333.07399
333.07339
333.07256
333.0715
333.07019
333.06859
333.06667
333.06435
333.06154
333.05802
333.0534
333.04671
333.03446
333.07435
333.07417
333.07378
333.07318
333.07236
333.0713
333.06998
333.06838
333.06646
333.06414
333.06133
333.0578
333.05317
333.04647
333.03419
333.07415
333.07397
333.07358
333.07298
333.07216
333.0711
333.06978
333.06818
333.06625
333.06393
333.06111
333.05758
333.05294
333.04622
333.03392
333.07394
333.07377
333.07338
333.07278
333.07196
333.07089
333.06957
333.06797
333.06604
333.06372
333.0609
333.05736
333.05271
333.04598
333.03365
333.07374
333.07357
333.07318
333.07258
333.07175
333.07069
333.06937
333.06776
333.06583
333.06351
333.06068
333.05714
333.05248
333.04573
333.03337
333.07354
333.07337
333.07298
333.07238
333.07155
333.07049
333.06916
333.06756
333.06562
333.0633
333.06046
333.05692
333.05225
333.04549
333.03309
333.07334
333.07317
333.07278
333.07217
333.07135
333.07028
333.06896
333.06735
333.06541
333.06308
333.06025
333.05669
333.05202
333.04524
333.03282
333.07314
333.07296
333.07258
333.07197
333.07114
333.07008
333.06875
333.06714
333.0652
333.06287
333.06003
333.05647
333.05178
333.04499
333.03253
333.07294
333.07276
333.07237
333.07177
333.07094
333.06987
333.06854
333.06693
333.06499
333.06266
333.05981
333.05624
333.05155
333.04474
333.03225
333.07274
333.07256
333.07217
333.07157
333.07074
333.06967
333.06834
333.06672
333.06478
333.06244
333.05959
333.05602
333.05132
333.04449
333.03197
333.07253
333.07236
333.07197
333.07136
333.07053
333.06946
333.06813
333.06651
333.06457
333.06223
333.05937
333.05579
333.05108
333.04424
333.03168
333.07233
333.07216
333.07176
333.07116
333.07033
333.06926
333.06792
333.06631
333.06436
333.06201
333.05915
333.05557
333.05084
333.04399
333.03139
333.07213
333.07195
333.07156
333.07096
333.07012
333.06905
333.06772
333.0661
333.06414
333.06179
333.05893
333.05534
333.0506
333.04373
333.03109
333.07193
333.07175
333.07136
333.07075
333.06992
333.06884
333.06751
333.06589
333.06393
333.06158
333.05871
333.05511
333.05036
333.04347
333.0308
333.07172
333.07155
333.07115
333.07055
333.06971
333.06864
333.0673
333.06568
333.06372
333.06136
333.05848
333.05488
333.05012
333.04321
333.0305
333.07152
333.07134
333.07095
333.07034
333.06951
333.06843
333.06709
333.06546
333.0635
333.06114
333.05826
333.05465
333.04988
333.04295
333.0302
333.07132
333.07114
333.07075
333.07014
333.0693
333.06822
333.06688
333.06525
333.06329
333.06092
333.05804
333.05442
333.04964
333.04269
333.0299
333.07111
333.07094
333.07054
333.06993
333.0691
333.06802
333.06667
333.06504
333.06308
333.06071
333.05781
333.05418
333.04939
333.04243
333.02959
333.07091
333.07073
333.07034
333.06973
333.06889
333.06781
333.06646
333.06483
333.06286
333.06049
333.05759
333.05395
333.04915
333.04216
333.02928
333.07071
333.07053
333.07013
333.06952
333.06868
333.0676
333.06625
333.06462
333.06264
333.06027
333.05736
333.05372
333.0489
333.0419
333.02897
333.0705
333.07032
333.06993
333.06932
333.06848
333.06739
333.06604
333.0644
333.06243
333.06004
333.05713
333.05348
333.04865
333.04163
333.02865
333.0703
333.07012
333.06972
333.06911
333.06827
333.06718
333.06583
333.06419
333.06221
333.05982
333.05691
333.05325
333.04841
333.04135
333.02833
333.07009
333.06991
333.06952
333.0689
333.06806
333.06697
333.06562
333.06398
333.06199
333.0596
333.05668
333.05301
333.04815
333.04108
333.028
333.06989
333.06971
333.06931
333.0687
333.06785
333.06676
333.06541
333.06376
333.06178
333.05938
333.05645
333.05277
333.0479
333.0408
333.02767
333.06968
333.0695
333.06911
333.06849
333.06765
333.06655
333.0652
333.06355
333.06156
333.05915
333.05622
333.05253
333.04765
333.04052
333.02734
333.06948
333.0693
333.0689
333.06828
333.06744
333.06634
333.06499
333.06333
333.06134
333.05893
333.05599
333.05229
333.04739
333.04024
333.027
333.06927
333.06909
333.06869
333.06808
333.06723
333.06613
333.06477
333.06312
333.06112
333.05871
333.05576
333.05205
333.04713
333.03996
333.02665
333.06906
333.06888
333.06849
333.06787
333.06702
333.06592
333.06456
333.0629
333.0609
333.05848
333.05552
333.0518
333.04687
333.03967
333.0263
333.06886
333.06868
333.06828
333.06766
333.06681
333.06571
333.06435
333.06268
333.06068
333.05825
333.05529
333.05156
333.04661
333.03938
333.02593
333.06865
333.06847
333.06807
333.06745
333.0666
333.0655
333.06413
333.06247
333.06045
333.05802
333.05505
333.05131
333.04635
333.03908
333.02556
333.06844
333.06826
333.06786
333.06724
333.06639
333.06529
333.06392
333.06225
333.06023
333.0578
333.05482
333.05106
333.04608
333.03878
333.02517
333.06824
333.06806
333.06765
333.06703
333.06618
333.06507
333.0637
333.06203
333.06001
333.05757
333.05458
333.05081
333.04581
333.03848
333.02477
333.06803
333.06785
333.06745
333.06682
333.06597
333.06486
333.06349
333.06181
333.05978
333.05734
333.05434
333.05056
333.04554
333.03816
333.02434
333.06782
333.06764
333.06724
333.06661
333.06576
333.06465
333.06327
333.06159
333.05956
333.05711
333.0541
333.05031
333.04526
333.03784
333.02387
)
;

boundaryField
{
    water_inlet
    {
        type            fixedValue;
        value           uniform 333.15;
    }
    water_outlet
    {
        type            zeroGradient;
    }
    water_wedge1
    {
        type            wedge;
    }
    water_wedge2
    {
        type            wedge;
    }
    water_to_rock
    {
        type            compressible::turbulentTemperatureRadCoupledMixed;
        refValue        nonuniform List<scalar> 
400
(
317.74954
320.43468
321.96974
322.95363
323.64526
324.1662
324.57871
324.91751
325.20344
325.44987
325.66579
325.85755
326.02977
326.18591
326.32861
326.45994
326.58156
326.69479
326.8007
326.90019
326.994
327.08274
327.16693
327.24702
327.32338
327.39635
327.4662
327.53319
327.59752
327.65941
327.71901
327.77649
327.83199
327.88562
327.93752
327.98777
328.03647
328.08372
328.12958
328.17414
328.21746
328.2596
328.30061
328.34055
328.37947
328.41742
328.45442
328.49053
328.52578
328.5602
328.59383
328.62669
328.65881
328.69022
328.72094
328.75099
328.7804
328.80919
328.83737
328.86497
328.892
328.91848
328.94442
328.96984
328.99475
329.01917
329.04311
329.06659
329.0896
329.11217
329.13431
329.15603
329.17733
329.19822
329.21873
329.23884
329.25859
329.27796
329.29697
329.31563
329.33394
329.35192
329.36957
329.38689
329.4039
329.42059
329.43698
329.45307
329.46887
329.48438
329.49962
329.51457
329.52926
329.54368
329.55784
329.57174
329.5854
329.59881
329.61198
329.62491
329.6376
329.65008
329.66232
329.67435
329.68616
329.69775
329.70914
329.72033
329.73131
329.7421
329.75269
329.76309
329.7733
329.78333
329.79318
329.80285
329.81235
329.82167
329.83082
329.83981
329.84864
329.8573
329.86581
329.87416
329.88236
329.89041
329.89831
329.90606
329.91368
329.92115
329.92848
329.93568
329.94275
329.94968
329.95648
329.96316
329.96971
329.97614
329.98245
329.98864
329.99471
330.00067
330.00651
330.01224
330.01787
330.02338
330.02879
330.0341
330.0393
330.0444
330.0494
330.0543
330.05911
330.06383
330.06845
330.07298
330.07742
330.08177
330.08603
330.09021
330.0943
330.09831
330.10224
330.10609
330.10986
330.11356
330.11717
330.12071
330.12418
330.12757
330.13089
330.13414
330.13732
330.14044
330.14348
330.14646
330.14937
330.15222
330.15501
330.15773
330.16039
330.16299
330.16553
330.16801
330.17043
330.1728
330.1751
330.17736
330.17955
330.1817
330.18379
330.18582
330.18781
330.18974
330.19163
330.19346
330.19524
330.19698
330.19866
330.2003
330.20189
330.20344
330.20494
330.20639
330.2078
330.20916
330.21048
330.21176
330.21299
330.21418
330.21533
330.21644
330.2175
330.21853
330.21951
330.22046
330.22136
330.22223
330.22305
330.22384
330.22459
330.2253
330.22597
330.22661
330.2272
330.22776
330.22828
330.22877
330.22922
330.22963
330.23001
330.23035
330.23066
330.23093
330.23116
330.23136
330.23152
330.23165
330.23174
330.2318
330.23182
330.23181
330.23176
330.23168
330.23156
330.23141
330.23123
330.23101
330.23075
330.23046
330.23014
330.22978
330.22938
330.22895
330.22849
330.22799
330.22745
330.22688
330.22628
330.22563
330.22496
330.22424
330.22349
330.22271
330.22189
330.22103
330.22013
330.2192
330.21823
330.21722
330.21618
330.21509
330.21397
330.21281
330.21161
330.21037
330.2091
330.20778
330.20642
330.20502
330.20358
330.2021
330.20058
330.19901
330.1974
330.19575
330.19405
330.19231
330.19053
330.1887
330.18683
330.18491
330.18294
330.18092
330.17886
330.17675
330.17459
330.17238
330.17012
330.16781
330.16545
330.16303
330.16056
330.15804
330.15546
330.15283
330.15014
330.1474
330.1446
330.14174
330.13881
330.13583
330.13279
330.12969
330.12652
330.12329
330.11999
330.11662
330.11319
330.10969
330.10612
330.10248
330.09877
330.09499
330.09113
330.08719
330.08318
330.07909
330.07492
330.07067
330.06633
330.06192
330.05741
330.05282
330.04814
330.04337
330.0385
330.03355
330.02849
330.02334
330.01809
330.01273
330.00727
330.0017
329.99603
329.99024
329.98434
329.97832
329.97218
329.96592
329.95954
329.95302
329.94638
329.9396
329.93268
329.92561
329.9184
329.91105
329.90353
329.89586
329.88802
329.88001
329.87182
329.86346
329.8549
329.84615
329.8372
329.82804
329.81865
329.80905
329.7992
329.7891
329.77874
329.76811
329.75719
329.74597
329.73443
329.72254
329.71029
329.69765
329.68459
329.67109
329.6571
329.64257
329.62747
329.61173
329.59528
329.57803
329.55988
329.54069
329.52029
329.49845
329.47486
329.44909
329.42048
329.38799
329.34982
329.30259
329.23931
329.14408
)
;
        refGradient     uniform 0;
        valueFraction   nonuniform List<scalar> 
400
(
0.032673807
0.028204568
0.025684431
0.024212431
0.023360125
0.022897446
0.022689133
0.022650166
0.022724426
0.022873521
0.023070448
0.023295771
0.023535206
0.023778069
0.024016252
0.024243575
0.024455385
0.024648328
0.024820224
0.024969997
0.025097595
0.025203872
0.025290422
0.025359364
0.025413115
0.025454171
0.025484927
0.02550755
0.025523909
0.025535555
0.025543726
0.025549387
0.025553265
0.025555896
0.025557664
0.025558832
0.025559578
0.02556001
0.02556019
0.025560144
0.02555988
0.025559388
0.025558652
0.025557653
0.02555637
0.025554785
0.025552882
0.025550648
0.025548073
0.025545151
0.025541879
0.025538257
0.025534286
0.025529971
0.025525318
0.025520333
0.025515025
0.025509404
0.025503478
0.025497259
0.025490758
0.025483984
0.025476953
0.025469677
0.025462175
0.025454462
0.025446553
0.025438463
0.025430201
0.025421777
0.025413197
0.025404468
0.025395592
0.025386578
0.025377431
0.025368159
0.025358767
0.025349263
0.025339652
0.025329941
0.025320136
0.025310245
0.025300273
0.025290227
0.025280112
0.025269936
0.025259704
0.025249421
0.025239095
0.025228731
0.025218335
0.025207911
0.025197467
0.025187008
0.025176538
0.025166065
0.025155592
0.025145127
0.025134673
0.025124238
0.025113825
0.025103442
0.025093095
0.025082788
0.025072528
0.025062321
0.025052174
0.025042095
0.025032088
0.025022163
0.025012326
0.025002586
0.024992951
0.024983428
0.024974028
0.024964759
0.02495563
0.02494665
0.02493783
0.02492918
0.024920708
0.024912424
0.024904339
0.02489646
0.024888798
0.02488136
0.024874156
0.024867191
0.024860475
0.024854011
0.024847807
0.024841867
0.024836195
0.024830793
0.024825664
0.02482081
0.02481623
0.024811925
0.024807892
0.024804131
0.024800637
0.024797408
0.024794439
0.024791726
0.024789262
0.024787041
0.024785058
0.024783306
0.024781776
0.024780462
0.024779355
0.024778448
0.024777733
0.0247772
0.024776843
0.024776652
0.024776619
0.024776736
0.024776994
0.024777386
0.024777904
0.024778539
0.024779284
0.024780132
0.024781075
0.024782106
0.024783219
0.024784406
0.024785662
0.02478698
0.024788356
0.024789786
0.024791265
0.024792788
0.024794351
0.024795949
0.024797576
0.024799228
0.024800901
0.024802589
0.024804288
0.024805995
0.024807706
0.024809418
0.024811127
0.024812831
0.024814526
0.024816211
0.024817882
0.024819538
0.024821176
0.024822795
0.024824393
0.024825968
0.02482752
0.024829045
0.024830545
0.024832016
0.024833459
0.024834873
0.024836257
0.024837609
0.024838931
0.02484022
0.024841478
0.024842703
0.024843895
0.024845054
0.024846179
0.024847272
0.024848332
0.024849358
0.024850351
0.024851312
0.02485224
0.024853135
0.024853998
0.024854829
0.024855629
0.024856397
0.024857135
0.024857842
0.024858519
0.024859167
0.024859786
0.024860376
0.024860938
0.024861472
0.02486198
0.024862462
0.024862917
0.024863347
0.024863753
0.024864135
0.024864493
0.024864828
0.024865141
0.024865433
0.024865703
0.024865953
0.024866184
0.024866395
0.024866587
0.024866761
0.024866918
0.024867059
0.024867183
0.024867291
0.024867384
0.024867463
0.024867528
0.02486758
0.024867619
0.024867645
0.02486766
0.024867664
0.024867657
0.02486764
0.024867614
0.024867578
0.024867534
0.024867481
0.024867421
0.024867354
0.024867279
0.024867199
0.024867112
0.02486702
0.024866922
0.02486682
0.024866713
0.024866603
0.024866488
0.024866371
0.024866251
0.024866129
0.024866004
0.024865878
0.02486575
0.024865621
0.024865491
0.02486536
0.024865228
0.024865096
0.024864964
0.024864832
0.0248647
0.024864568
0.024864436
0.024864306
0.024864176
0.024864047
0.024863919
0.024863792
0.024863666
0.024863542
0.02486342
0.024863299
0.02486318
0.024863062
0.024862947
0.024862833
0.024862722
0.024862613
0.024862506
0.024862401
0.024862299
0.024862199
0.024862101
0.024862006
0.024861913
0.024861823
0.024861736
0.02486165
0.024861568
0.024861488
0.02486141
0.024861335
0.024861262
0.024861192
0.024861124
0.024861059
0.024860996
0.024860935
0.024860877
0.024860821
0.024860768
0.024860716
0.024860667
0.024860621
0.024860576
0.024860534
0.024860494
0.024860456
0.024860421
0.024860387
0.024860355
0.024860326
0.024860298
0.024860272
0.024860248
0.024860225
0.024860203
0.024860183
0.024860165
0.024860147
0.024860131
0.024860116
0.024860102
0.02486009
0.02486008
0.02486007
0.024860063
0.024860057
0.024860053
0.024860051
0.02486005
0.02486005
0.024860052
0.024860055
0.024860058
0.024860062
0.024860065
0.024860069
0.024860071
0.024860073
0.024860075
0.024860075
0.024860075
0.024860075
0.024860076
0.024860077
0.02486008
0.024860085
0.024860093
0.024860104
0.024860118
0.024860135
0.024860154
0.024860175
0.024860198
0.024860221
0.024860243
0.024860262
0.024860278
0.02486029
0.024860296
0.024860297
0.024860292
0.024860283
0.024860272
0.024860259
0.024860248
0.024860239
0.024860236
0.024860238
0.024860248
0.024860265
0.024860291
0.024860323
)
;
        source          uniform 0;
        value           nonuniform List<scalar> 
400
(
332.63961
332.77841
332.84503
332.88106
332.90211
332.91497
332.92303
332.92809
332.93124
332.93315
332.93423
332.93479
332.93502
332.93507
332.93505
332.93502
332.93505
332.93516
332.9354
332.93576
332.93626
332.93688
332.93762
332.93845
332.93937
332.94035
332.94138
332.94245
332.94353
332.94462
332.94571
332.94679
332.94787
332.94893
332.94997
332.951
332.95201
332.953
332.95397
332.95492
332.95586
332.95678
332.95768
332.95857
332.95944
332.96029
332.96114
332.96196
332.96277
332.96357
332.96436
332.96514
332.9659
332.96665
332.96739
332.96811
332.96883
332.96953
332.97023
332.97091
332.97159
332.97225
332.9729
332.97355
332.97418
332.9748
332.97542
332.97602
332.97662
332.9772
332.97778
332.97835
332.97891
332.97946
332.98
332.98053
332.98105
332.98157
332.98208
332.98257
332.98307
332.98355
332.98402
332.98449
332.98495
332.9854
332.98584
332.98628
332.98671
332.98713
332.98754
332.98795
332.98835
332.98874
332.98912
332.9895
332.98987
332.99023
332.99059
332.99094
332.99128
332.99162
332.99195
332.99227
332.99259
332.9929
332.9932
332.9935
332.99379
332.99407
332.99435
332.99462
332.99488
332.99514
332.99539
332.99564
332.99588
332.99611
332.99634
332.99656
332.99677
332.99698
332.99718
332.99738
332.99757
332.99775
332.99792
332.99809
332.99826
332.99841
332.99856
332.99871
332.99885
332.99898
332.9991
332.99922
332.99933
332.99944
332.99954
332.99964
332.99972
332.99981
332.99988
332.99995
333.00002
333.00008
333.00013
333.00018
333.00022
333.00026
333.00029
333.00032
333.00034
333.00036
333.00037
333.00038
333.00039
333.00038
333.00038
333.00037
333.00035
333.00033
333.00031
333.00028
333.00025
333.00022
333.00018
333.00014
333.00009
333.00004
332.99999
332.99993
332.99987
332.99981
332.99975
332.99968
332.99961
332.99953
332.99945
332.99937
332.99929
332.99921
332.99912
332.99903
332.99894
332.99884
332.99874
332.99864
332.99854
332.99844
332.99833
332.99822
332.99811
332.998
332.99788
332.99777
332.99765
332.99753
332.99741
332.99729
332.99716
332.99703
332.9969
332.99677
332.99664
332.99651
332.99637
332.99624
332.9961
332.99596
332.99582
332.99568
332.99553
332.99539
332.99524
332.99509
332.99495
332.99479
332.99464
332.99449
332.99434
332.99418
332.99402
332.99386
332.99371
332.99354
332.99338
332.99322
332.99306
332.99289
332.99272
332.99256
332.99239
332.99222
332.99205
332.99187
332.9917
332.99153
332.99135
332.99117
332.991
332.99082
332.99064
332.99045
332.99027
332.99009
332.9899
332.98972
332.98953
332.98934
332.98915
332.98896
332.98877
332.98858
332.98838
332.98819
332.98799
332.98779
332.98759
332.98739
332.98719
332.98699
332.98679
332.98658
332.98638
332.98617
332.98596
332.98575
332.98554
332.98533
332.98511
332.9849
332.98468
332.98447
332.98425
332.98403
332.9838
332.98358
332.98336
332.98313
332.9829
332.98268
332.98244
332.98221
332.98198
332.98175
332.98151
332.98127
332.98103
332.98079
332.98055
332.98031
332.98006
332.97981
332.97956
332.97931
332.97906
332.97881
332.97855
332.97829
332.97803
332.97777
332.97751
332.97725
332.97698
332.97671
332.97644
332.97617
332.97589
332.97562
332.97534
332.97506
332.97477
332.97449
332.9742
332.97391
332.97362
332.97332
332.97303
332.97273
332.97243
332.97212
332.97182
332.97151
332.9712
332.97088
332.97057
332.97025
332.96993
332.9696
332.96927
332.96894
332.96861
332.96827
332.96793
332.96759
332.96724
332.96689
332.96654
332.96618
332.96582
332.96546
332.9651
332.96472
332.96435
332.96397
332.96359
332.96321
332.96282
332.96242
332.96202
332.96162
332.96121
332.9608
332.96039
332.95997
332.95954
332.95911
332.95867
332.95823
332.95778
332.95733
332.95687
332.95641
332.95594
332.95546
332.95498
332.95449
332.95399
332.95348
332.95297
332.95245
332.95192
332.95138
332.95083
332.95028
332.94971
332.94913
332.94854
332.94794
332.94732
332.94669
332.94605
332.94539
332.94471
332.94401
332.9433
332.94255
332.94179
332.94099
332.94015
332.93928
332.93835
332.93737
332.9363
332.93513
332.9338
332.93224
332.93024
332.92741
)
;
        logInterval     -1;
        writePrecision  8;
        updateHeader    1;
        writeToFile     0;
        useUserTime     1;
        kappaMethod     fluidThermo;
    }
}


// ************************************************************************* //
