/*--------------------------------*- C++ -*----------------------------------*\
| =========                 |                                                 |
| \\      /  F ield         | OpenFOAM: The Open Source CFD Toolbox           |
|  \\    /   O peration     | Version:  2506                                  |
|   \\  /    A nd           | Website:  www.openfoam.com                      |
|    \\/     M anipulation  |                                                 |
\*---------------------------------------------------------------------------*/
FoamFile
{
    version     2.0;
    format      ascii;
    arch        "LSB;label=32;scalar=64";
    class       volScalarField;
    location    "6000/water";
    object      epsilon;
}
// * * * * * * * * * * * * * * * * * * * * * * * * * * * * * * * * * * * * * //

dimensions      [0 2 -3 0 0 0 0];

internalField   nonuniform List<scalar> 
6000
(
0.00010005327
0.00010005311
0.00010005314
0.00010005327
0.00010005342
0.00010005363
0.0001000539
0.00010005427
0.00010005511
0.00010005982
0.00010010144
0.00010049509
0.00010424183
0.00014354191
0.00073980483
8.5785229e-05
8.5785556e-05
8.5786111e-05
8.5786982e-05
8.5788138e-05
8.5789633e-05
8.5791527e-05
8.5794043e-05
8.5798789e-05
8.581901e-05
8.5962524e-05
8.7071869e-05
9.5619929e-05
0.00016974081
0.0010520452
7.4267219e-05
7.4268013e-05
7.426896e-05
7.4270365e-05
7.4272213e-05
7.4274585e-05
7.4277581e-05
7.4281747e-05
7.4291154e-05
7.4336305e-05
7.4633748e-05
7.6634978e-05
9.0041817e-05
0.00019500629
0.0013270628
6.4852864e-05
6.485355e-05
6.4854661e-05
6.4856389e-05
6.4858676e-05
6.4861616e-05
6.4865387e-05
6.4871112e-05
6.4886838e-05
6.4967364e-05
6.5458677e-05
6.84101e-05
8.6285088e-05
0.00021715658
0.0015411415
5.7072087e-05
5.7072704e-05
5.7073918e-05
5.7075861e-05
5.7078448e-05
5.7081784e-05
5.7086167e-05
5.7093598e-05
5.7117581e-05
5.7242267e-05
5.7947685e-05
6.180797e-05
8.3505097e-05
0.0002348614
0.0016895689
5.0576692e-05
5.0577312e-05
5.0578592e-05
5.0580667e-05
5.0583434e-05
5.0587016e-05
5.0591882e-05
5.0601216e-05
5.0635234e-05
5.0810032e-05
5.1732149e-05
5.6406881e-05
8.1259069e-05
0.00024828861
0.0017792142
4.5104569e-05
4.5105188e-05
4.5106499e-05
4.5108638e-05
4.5111496e-05
4.5115213e-05
4.5120483e-05
4.5131961e-05
4.5177479e-05
4.5405527e-05
4.6535255e-05
5.1917397e-05
7.9376731e-05
0.00025838324
0.0018218943
4.0455895e-05
4.0456503e-05
4.045782e-05
4.0459977e-05
4.0462859e-05
4.0466628e-05
4.0472257e-05
4.0486117e-05
4.0544208e-05
4.0826355e-05
4.2148994e-05
4.8144563e-05
7.7837439e-05
0.00026629433
0.0018300463
3.6476506e-05
3.6477102e-05
3.6478406e-05
3.6480546e-05
3.6483399e-05
3.6487156e-05
3.6493116e-05
3.6509564e-05
3.6580944e-05
3.6916576e-05
3.8416896e-05
4.4958845e-05
7.6693461e-05
0.00027309124
0.0018145574
3.304611e-05
3.3046691e-05
3.304797e-05
3.3050065e-05
3.3052847e-05
3.3056537e-05
3.3062809e-05
3.3082024e-05
3.3167159e-05
3.3555102e-05
3.5220975e-05
4.2274823e-05
7.6025068e-05
0.00027965054
0.0017840405
3.0069857e-05
3.007042e-05
3.0071664e-05
3.0073692e-05
3.0076366e-05
3.0079941e-05
3.0086514e-05
3.0108667e-05
3.0207924e-05
3.0647227e-05
3.2471858e-05
4.0036357e-05
7.5917105e-05
0.00028663427
0.001744886
2.7472233e-05
2.7472777e-05
2.7473976e-05
2.7475917e-05
2.747845e-05
2.7481869e-05
2.7488744e-05
2.7514021e-05
2.7627825e-05
2.8118369e-05
3.010146e-05
3.820687e-05
7.6449192e-05
0.00029450875
0.0017016307
2.5192577e-05
2.5193098e-05
2.5194246e-05
2.5196082e-05
2.5198442e-05
2.520167e-05
2.520887e-05
2.5237507e-05
2.5366478e-05
2.5909414e-05
2.805763e-05
3.6763308e-05
7.7693097e-05
0.0003035735
0.00165739
2.3181748e-05
2.3182245e-05
2.3183333e-05
2.3185048e-05
2.3187207e-05
2.3190219e-05
2.3197794e-05
2.323011e-05
2.3375184e-05
2.3973213e-05
2.6300284e-05
3.5692527e-05
7.9712907e-05
0.00031398658
0.0016142425
2.1399629e-05
2.14001e-05
2.140112e-05
2.1402697e-05
2.140463e-05
2.1407412e-05
2.1415452e-05
2.1451882e-05
2.1614405e-05
2.2271964e-05
2.4798652e-05
3.4989203e-05
8.2565442e-05
0.00032578296
0.0015735325
1.9813231e-05
1.9813672e-05
1.9814616e-05
1.981604e-05
1.9817725e-05
1.9820279e-05
1.9828922e-05
1.9870043e-05
2.0051847e-05
2.0775227e-05
2.3529325e-05
3.4654636e-05
8.6299521e-05
0.00033888748
0.0015360911
1.8395236e-05
1.8395645e-05
1.8396506e-05
1.8397761e-05
1.8399183e-05
1.8401531e-05
1.8410972e-05
1.8457531e-05
1.8660989e-05
1.9458432e-05
2.2474895e-05
3.4695971e-05
9.095345e-05
0.00035312607
0.0015023901
1.7122886e-05
1.7123259e-05
1.7124028e-05
1.7125102e-05
1.712625e-05
1.7128438e-05
1.7138942e-05
1.7191872e-05
1.7419954e-05
1.8301752e-05
2.1622992e-05
3.5125546e-05
9.6550686e-05
0.00036823944
0.0014726449
1.5977101e-05
1.5977436e-05
1.5978105e-05
1.5978984e-05
1.5979859e-05
1.598196e-05
1.5993865e-05
1.6054312e-05
1.6310628e-05
1.7289248e-05
2.0965619e-05
3.5960111e-05
0.00010309413
0.00038390222
0.0014468811
1.4941799e-05
1.4942091e-05
1.4942652e-05
1.4943329e-05
1.494394e-05
1.4946058e-05
1.4959787e-05
1.5029124e-05
1.5317979e-05
1.6408225e-05
2.049868e-05
3.7219755e-05
0.00011055991
0.00039974861
0.00142498
1.4003348e-05
1.4003595e-05
1.4004041e-05
1.4004511e-05
1.400488e-05
1.4007153e-05
1.402322e-05
1.4103071e-05
1.442952e-05
1.5648751e-05
2.0221625e-05
3.8926414e-05
0.00011889194
0.00041540307
0.0014067117
1.3150142e-05
1.315034e-05
1.3150665e-05
1.3150927e-05
1.315109e-05
1.3153695e-05
1.3172714e-05
1.3264971e-05
1.3634892e-05
1.5003284e-05
2.0137155e-05
4.1101901e-05
0.00012799852
0.0004305123
0.0013917631
1.2372247e-05
1.2372393e-05
1.2372592e-05
1.237265e-05
1.2372659e-05
1.2375814e-05
1.2398506e-05
1.2505359e-05
1.2925534e-05
1.446641e-05
2.0250947e-05
4.3765469e-05
0.00013775238
0.00044477369
0.0013797649
1.1661123e-05
1.1661215e-05
1.1661286e-05
1.166115e-05
1.1661074e-05
1.1665043e-05
1.1692246e-05
1.1816209e-05
1.2294425e-05
1.4034634e-05
2.0571326e-05
4.6930996e-05
0.00014799478
0.00045795585
0.0013703185
1.1009401e-05
1.1009437e-05
1.1009378e-05
1.1009066e-05
1.1008994e-05
1.101409e-05
1.104677e-05
1.1190715e-05
1.1735881e-05
1.3706238e-05
2.1108871e-05
5.0604014e-05
0.00015854368
0.00046990849
0.0013630208
1.0410692e-05
1.041067e-05
1.0410485e-05
1.0410022e-05
1.0410062e-05
1.0416652e-05
1.0455917e-05
1.0623112e-05
1.1245399e-05
1.3481165e-05
2.1875889e-05
5.4778859e-05
0.00016920526
0.00048056142
0.0013574861
9.8594384e-06
9.8593586e-06
9.8590515e-06
9.8584721e-06
9.8587577e-06
9.8672657e-06
9.9143754e-06
1.0108535e-05
1.0819533e-05
1.3360938e-05
2.2885735e-05
5.9436317e-05
0.00017978706
0.00048991474
0.001353362
9.3507874e-06
9.3506504e-06
9.3502304e-06
9.3495787e-06
9.3502669e-06
9.3611826e-06
9.4175684e-06
9.6428999e-06
1.045581e-05
1.3348574e-05
2.4151946e-05
6.4542152e-05
0.00019011095
0.00049802341
0.0013503406
8.8804873e-06
8.8802951e-06
8.8797751e-06
8.879106e-06
8.8803818e-06
8.8942644e-06
8.9615474e-06
9.2228179e-06
1.0152655e-05
1.3448503e-05
2.5687206e-05
7.0046824e-05
0.00020002406
0.00050498001
0.0013481619
8.4448007e-06
8.4445568e-06
8.4439543e-06
8.4433345e-06
8.4454129e-06
8.4628989e-06
8.5429123e-06
8.8455163e-06
9.9093487e-06
1.3666457e-05
2.7502143e-05
7.5886621e-05
0.00020940613
0.0005108985
0.0013466143
8.0404324e-06
8.0401416e-06
8.0394792e-06
8.0389884e-06
8.0421174e-06
8.0639293e-06
8.1587433e-06
8.508784e-06
9.7259953e-06
1.4009323e-05
2.9604058e-05
8.1986182e-05
0.00021817297
0.000515901
0.00134553
7.664468e-06
7.6641372e-06
7.663443e-06
7.6631755e-06
7.6676392e-06
7.6945949e-06
7.8065457e-06
8.2109262e-06
9.6034999e-06
1.4484935e-05
3.1995646e-05
8.8262228e-05
0.00022627582
0.0005201082
0.0013447796
7.3143234e-06
7.3139614e-06
7.3132697e-06
7.3133352e-06
7.319458e-06
7.3524816e-06
7.4842048e-06
7.950732e-06
9.5435554e-06
1.5101802e-05
3.4673865e-05
9.4628078e-05
0.00023369766
0.00052363336
0.0013442658
6.9877006e-06
6.9873184e-06
6.9866703e-06
6.9871959e-06
6.9953468e-06
7.0354818e-06
7.1899496e-06
7.7274515e-06
9.5486283e-06
1.5868742e-05
3.7629068e-05
0.00010099842
0.00024044745
0.00052657911
0.0013439174
6.6825513e-06
6.6821625e-06
6.6816065e-06
6.6827386e-06
6.6933357e-06
6.741759e-06
6.9223234e-06
7.5407805e-06
9.6219392e-06
1.6794438e-05
4.0844541e-05
0.00010729381
0.00024655353
0.00052903629
0.0013436835
6.3970453e-06
6.396666e-06
6.3962591e-06
6.3981651e-06
6.411682e-06
6.4697206e-06
6.6801611e-06
7.3908531e-06
9.7674313e-06
1.7886905e-05
4.4296529e-05
0.00011344428
0.00025205715
0.0005310841
0.0013435288
6.1295436e-06
6.129193e-06
6.129001e-06
6.1318719e-06
6.1488438e-06
6.2179935e-06
6.4625723e-06
7.2782395e-06
9.9897187e-06
1.9152894e-05
4.7954808e-05
0.00011939198
0.0002570069
0.00053279086
0.0013434302
5.8785752e-06
5.8782757e-06
5.8783746e-06
5.8824275e-06
5.903459e-06
5.9854055e-06
6.2689287e-06
7.2039478e-06
1.0294006e-05
2.0597266e-05
5.1783773e-05
0.00012509231
0.00026145422
0.00053421506
0.001343373
5.6428172e-06
5.642595e-06
5.6430719e-06
5.6485531e-06
5.6743264e-06
5.7709696e-06
6.0988564e-06
7.1694287e-06
1.0685974e-05
2.2222385e-05
5.5743957e-05
0.00013051409
0.00026545026
0.00053540647
0.0013433493
5.4210776e-06
5.4209629e-06
5.4219174e-06
5.4291059e-06
5.4603909e-06
5.5738715e-06
5.9522322e-06
7.1765787e-06
1.1171622e-05
2.4027579e-05
5.9793835e-05
0.00013563849
0.00026904378
0.00053640725
0.0013433553
5.2122808e-06
5.2123081e-06
5.2138535e-06
5.2230651e-06
5.26073e-06
5.3934608e-06
5.8291825e-06
7.2277422e-06
1.1757062e-05
2.6008735e-05
6.3891719e-05
0.00014045745
0.00027228005
0.00053725289
0.0013433902
5.0154542e-06
5.0156629e-06
5.0179281e-06
5.0295196e-06
5.0745437e-06
5.2292435e-06
5.7300867e-06
7.3257058e-06
1.2448271e-05
2.8158068e-05
6.7997575e-05
0.00014497164
0.00027520025
0.00053797313
0.0013434553
4.8297171e-06
4.8301524e-06
4.8332834e-06
4.847658e-06
4.9011459e-06
5.0808782e-06
5.6555823e-06
7.4736832e-06
1.3250796e-05
3.0464119e-05
7.2074575e-05
0.00014918835
0.00027784139
0.00053859275
0.0013435527
4.654271e-06
4.6549842e-06
4.6591465e-06
4.6767597e-06
4.739957e-06
4.9481738e-06
5.6065719e-06
7.6752861e-06
1.4169424e-05
3.2911987e-05
7.6090277e-05
0.00015311953
0.00028023648
0.00053913229
0.0013436849
4.4883913e-06
4.4894404e-06
4.4948214e-06
4.5161875e-06
4.5904991e-06
4.8310889e-06
5.5842316e-06
7.9344756e-06
1.5207848e-05
3.5483783e-05
8.0017361e-05
0.00015678017
0.00028241474
0.00053960873
0.0013438547
4.3314193e-06
4.3328703e-06
4.3396818e-06
4.3653818e-06
4.452392e-06
4.7297343e-06
5.5900196e-06
8.2554924e-06
1.6368331e-05
3.8159287e-05
8.3833932e-05
0.00016018692
0.00028440196
0.00054003599
0.0013440645
4.1827562e-06
4.1846838e-06
4.1931653e-06
4.2238553e-06
4.3253508e-06
4.6443763e-06
5.6256833e-06
8.64276e-06
1.7651409e-05
4.0916739e-05
8.7523434e-05
0.00016335711
0.00028622083
0.00054042551
0.0013443165
4.0418571e-06
4.0443457e-06
4.0547683e-06
4.0911891e-06
4.2091847e-06
4.5754417e-06
5.693263e-06
9.10076e-06
1.9055658e-05
4.3733691e-05
9.1074255e-05
0.00016630804
0.00028789123
0.00054078658
0.0013446125
3.9082261e-06
3.9113713e-06
3.9240414e-06
3.96703e-06
4.103797e-06
4.5235248e-06
5.7950909e-06
9.6338803e-06
2.0577552e-05
4.658786e-05
9.4479149e-05
0.00016905655
0.0002894306
0.00054112679
0.0013449537
3.781412e-06
3.7853219e-06
3.8005859e-06
3.8510876e-06
4.0091864e-06
4.4893953e-06
5.9337827e-06
1.0246237e-05
2.2211424e-05
4.9457896e-05
9.7734538e-05
0.00017161867
0.00029085417
0.00054145227
0.001345341
3.6610043e-06
3.6658014e-06
3.6840513e-06
3.7431338e-06
3.9254494e-06
4.4740067e-06
6.1122182e-06
1.0941479e-05
2.3949551e-05
5.2324021e-05
0.00010083981
0.0001740095
0.00029217524
0.00054176798
0.0013457749
3.5466302e-06
3.5524531e-06
3.5741321e-06
3.6430016e-06
3.8527838e-06
4.4785051e-06
6.3335103e-06
1.172258e-05
2.5782348e-05
5.5168499e-05
0.00010379664
0.00017624311
0.00029340545
0.00054207792
0.0013462556
3.4379516e-06
3.4449572e-06
3.470567e-06
3.5505856e-06
3.7914931e-06
4.5042378e-06
6.600958e-06
1.2591637e-05
2.7698674e-05
5.7975926e-05
0.00010660842
0.00017833256
0.00029455494
0.00054238527
0.0013467828
3.3346627e-06
3.3430286e-06
3.373137e-06
3.4658429e-06
3.7419925e-06
4.5527599e-06
6.9179827e-06
1.3549688e-05
2.9686211e-05
6.0733357e-05
0.00010927977
0.00018028983
0.00029563258
0.00054269259
0.001347356
3.2364878e-06
3.2464154e-06
3.281665e-06
3.3887949e-06
3.7048152e-06
4.6258384e-06
7.2880455e-06
1.4596555e-05
3.1731891e-05
6.3430277e-05
0.00011181612
0.00018212593
0.00029664614
0.00054300189
0.0013479746
3.1431799e-06
3.1548974e-06
3.1960156e-06
3.3195298e-06
3.6806199e-06
4.7254524e-06
7.7145468e-06
1.5730746e-05
3.382234e-05
6.6058467e-05
0.0001142234
0.00018385092
0.00029760241
0.00054331477
0.0013486378
3.0545192e-06
3.0682854e-06
3.1160958e-06
3.2582055e-06
3.6701986e-06
4.8537869e-06
8.2007093e-06
1.6949409e-05
3.5944302e-05
6.8611787e-05
0.00011650785
0.00018547397
0.00029850735
0.00054363246
0.0013493444
2.9703119e-06
2.9864203e-06
3.0418551e-06
3.2050543e-06
3.6744852e-06
5.0132197e-06
8.7494483e-06
1.8248349e-05
3.8085015e-05
7.1085926e-05
0.00011867579
0.00018700343
0.00029936619
0.00054395589
0.0013500934
2.8903898e-06
2.9091733e-06
2.9732878e-06
3.1603869e-06
3.6945633e-06
5.2062984e-06
9.3632349e-06
1.9622123e-05
4.0232513e-05
7.3478132e-05
0.00012073351
0.00018844688
0.00030018354
0.00054428578
0.0013508836
2.8146096e-06
2.836446e-06
2.9104344e-06
3.1245986e-06
3.731674e-06
5.4357063e-06
1.004396e-05
2.1064181e-05
4.2375859e-05
7.5786949e-05
0.00012268719
0.00018981121
0.00030096345
0.00054462266
0.0013517137
2.7428528e-06
2.7681709e-06
2.8533843e-06
3.098175e-06
3.7872216e-06
5.7042165e-06
1.0792809e-05
2.256707e-05
4.4505285e-05
7.801198e-05
0.00012454279
0.00019110267
0.00030170949
0.00054496684
0.0013525823
2.6750262e-06
2.7043127e-06
2.8022791e-06
3.0816992e-06
3.862777e-06
6.0146316e-06
1.1610155e-05
2.4122665e-05
4.6612263e-05
8.0153673e-05
0.00012630606
0.00019232691
0.00030242477
0.00054531836
0.0013534882
2.6110622e-06
2.6448693e-06
2.7573159e-06
3.0758592e-06
3.9600781e-06
6.3697124e-06
1.2495478e-05
2.5722423e-05
4.8689514e-05
8.2213152e-05
0.00012798249
0.00019348922
0.00030311295
0.00054567958
0.0013544295
2.5509198e-06
2.5898742e-06
2.718752e-06
3.0814557e-06
4.0810246e-06
6.7720927e-06
1.3447327e-05
2.7357636e-05
5.0730962e-05
8.4192052e-05
0.00012957729
0.00019459431
0.00030377609
0.00054604532
0.0013554045
2.494586e-06
2.5393984e-06
2.6869098e-06
3.0994094e-06
4.2276673e-06
7.2241862e-06
1.4463315e-05
2.9019661e-05
5.2731648e-05
8.6092389e-05
0.00013109537
0.00019564635
0.00030441574
0.00054641398
0.001356411
2.4420772e-06
2.4935535e-06
2.6621824e-06
3.1307692e-06
4.4021886e-06
7.7280874e-06
1.5540154e-05
3.0700124e-05
5.4687629e-05
8.7916448e-05
0.0001325413
0.00019664904
0.00030503329
0.00054678555
0.001357447
2.3934419e-06
2.4524951e-06
2.6450394e-06
3.1767178e-06
4.6068759e-06
8.2854726e-06
1.6673738e-05
3.2391088e-05
5.6595867e-05
8.9666718e-05
0.00013391946
0.00019760628
0.00030563174
0.00054715702
0.0013585105
2.3487625e-06
2.4164266e-06
2.6360346e-06
3.2385775e-06
4.8440834e-06
8.8975078e-06
1.7859256e-05
3.408518e-05
5.8454117e-05
9.1345823e-05
0.00013523396
0.00019852138
0.00030621175
0.00054752793
0.0013595997
2.3081594e-06
2.3856042e-06
2.6358124e-06
3.3178121e-06
5.116185e-06
9.564768e-06
1.9091327e-05
3.5775671e-05
6.0260821e-05
9.2956451e-05
0.00013648859
0.0001993969
0.00030677292
0.00054790012
0.0013607134
2.2717941e-06
2.3603414e-06
2.6451157e-06
3.4160263e-06
5.4255161e-06
1.0287176e-05
2.0364155e-05
3.7456524e-05
6.2015e-05
9.4501291e-05
0.00013768677
0.00020023506
0.00030731595
0.0005482748
0.0013618503
2.2398737e-06
2.3410154e-06
2.6647937e-06
3.5349597e-06
5.7743068e-06
1.1063963e-05
2.167169e-05
3.9122401e-05
6.3716163e-05
9.5983028e-05
0.0001388318
0.00020103833
0.00030784122
0.00054865322
0.0013630097
2.2126561e-06
2.3280735e-06
2.6958092e-06
3.6764764e-06
6.1646077e-06
1.189366e-05
2.3007781e-05
4.0768661e-05
6.5364246e-05
9.7404399e-05
0.00013992712
0.00020180982
0.00030834747
0.00054903725
0.0013641909
2.1904555e-06
2.32204e-06
2.7392452e-06
3.842546e-06
6.5982123e-06
1.2774116e-05
2.4366319e-05
4.2391323e-05
6.6959522e-05
9.8768019e-05
0.00014097539
0.00020254993
0.00030883711
0.00054942734
0.0013653934
2.1736491e-06
2.3235241e-06
2.7963109e-06
4.0352181e-06
7.0765793e-06
1.370254e-05
2.5741356e-05
4.398702e-05
6.8502524e-05
0.00010007635
0.0001419789
0.00020325984
0.00030931202
0.0005498234
0.0013666164
2.1626844e-06
2.3332282e-06
2.8683444e-06
4.2565875e-06
7.600759e-06
1.4675575e-05
2.7127207e-05
4.5552949e-05
6.9993982e-05
0.00010133172
0.00014293979
0.00020394109
0.0003097737
0.00055022517
0.001367859
2.158087e-06
2.3519559e-06
2.9568139e-06
4.5087504e-06
8.17133e-06
1.5689386e-05
2.8518525e-05
4.7086834e-05
7.1434898e-05
0.00010253684
0.00014386157
0.00020459275
0.00031022401
0.00055063281
0.0013691204
2.1604699e-06
2.3806209e-06
3.0633135e-06
4.7937524e-06
8.7883494e-06
1.6739762e-05
2.9910353e-05
4.8586858e-05
7.2826357e-05
0.00010369383
0.00014474502
0.00020521727
0.00031066403
0.00055104639
0.0013703998
2.1705425e-06
2.4202549e-06
3.1895554e-06
5.1135289e-06
9.4513215e-06
1.7822224e-05
3.1298154e-05
5.00516e-05
7.416948e-05
0.00010480453
0.00014559147
0.00020581672
0.00031109449
0.00055146583
0.0013716964
2.1891212e-06
2.4720151e-06
3.3373545e-06
5.4698403e-06
1.0159186e-05
1.8932133e-05
3.2677818e-05
5.1479974e-05
7.5465397e-05
0.0001058707
0.00014640251
0.00020639288
0.00031151599
0.0005518909
0.0013730095
2.2171394e-06
2.5371894e-06
3.5086065e-06
5.8642047e-06
1.091033e-05
2.0064793e-05
3.4045679e-05
5.2871279e-05
7.6715685e-05
0.00010689531
0.0001471778
0.00020694762
0.00031192923
0.00055232138
0.0013743381
2.2556581e-06
2.6172001e-06
3.7052576e-06
6.297831e-06
1.1702616e-05
2.1215542e-05
3.5398491e-05
5.4225043e-05
7.7921523e-05
0.00010787902
0.00014791972
0.00020748225
0.00031233485
0.00055275703
0.0013756814
2.3058756e-06
2.7136033e-06
3.929266e-06
6.7715577e-06
1.2533434e-05
2.2379829e-05
3.6733396e-05
5.5540957e-05
7.9083961e-05
0.00010882301
0.00014863031
0.00020799791
0.00031273333
0.0005531976
0.0013770387
2.3691364e-06
2.8280836e-06
4.1825543e-06
7.2858008e-06
1.3399764e-05
2.3553273e-05
3.8047917e-05
5.6818971e-05
8.0204411e-05
0.00010972814
0.00014931142
0.00020849561
0.00031312503
0.00055364281
0.0013784091
2.4469373e-06
2.9624437e-06
4.4669556e-06
7.8405131e-06
1.4298251e-05
2.4731722e-05
3.9339956e-05
5.8059301e-05
8.1284454e-05
0.00011059497
0.00014996474
0.00020897636
0.0003135103
0.00055409235
0.0013797918
2.5409305e-06
3.1185852e-06
4.7841519e-06
8.4351606e-06
1.5225285e-05
2.5911276e-05
4.0607688e-05
5.926202e-05
8.2324492e-05
0.00011142552
0.00015059167
0.00020944105
0.00031388942
0.00055454591
0.0013811859
2.6529219e-06
3.298482e-06
5.1356116e-06
9.0687147e-06
1.6177077e-05
2.7088293e-05
4.1849525e-05
6.0427216e-05
8.3325312e-05
0.00011222155
0.00015119344
0.00020989046
0.00031426262
0.00055500317
0.0013825907
2.7848625e-06
3.504144e-06
5.5225249e-06
9.739664e-06
1.7149747e-05
2.8259463e-05
4.3064378e-05
6.1556064e-05
8.4286604e-05
0.00011298473
0.00015177128
0.00021032528
0.00031463009
0.0005554638
0.0013840054
2.9388311e-06
3.7375711e-06
5.9457438e-06
1.0446041e-05
1.8139383e-05
2.9421735e-05
4.4251126e-05
6.2648238e-05
8.5209847e-05
0.00011371646
0.00015232628
0.00021074614
0.00031499199
0.00055592745
0.0013854292
3.1170068e-06
4.0006985e-06
6.40573e-06
1.1185461e-05
1.9142099e-05
3.0572295e-05
4.5408721e-05
6.3703722e-05
8.609648e-05
0.00011441804
0.00015285945
0.00021115361
0.00031534843
0.00055639379
0.0013868613
3.3216294e-06
4.2953334e-06
6.9025134e-06
1.1955186e-05
2.0154122e-05
3.1708777e-05
4.6537129e-05
6.4721756e-05
8.6947831e-05
0.00011509069
0.00015337167
0.00021154817
0.0003156995
0.00055686247
0.001388301
3.5549456e-06
4.6230877e-06
7.4356654e-06
1.2752174e-05
2.1171787e-05
3.2828884e-05
4.7635203e-05
6.5703015e-05
8.7765084e-05
0.00011573555
0.00015386379
0.00021193028
0.00031604525
0.00055733313
0.0013897473
3.8191437e-06
4.9853071e-06
8.0042871e-06
1.357315e-05
2.2191572e-05
3.393055e-05
4.8701864e-05
6.6648329e-05
8.8549332e-05
0.00011635365
0.00015433655
0.00021230032
0.0003163857
0.00055780543
0.0013911997
4.1162745e-06
5.3830036e-06
8.6070191e-06
1.4414691e-05
2.3210257e-05
3.5012495e-05
4.9735685e-05
6.7558463e-05
8.9301627e-05
0.00011694596
0.00015479064
0.00021265864
0.00031672087
0.00055827899
0.0013926572
4.4481638e-06
5.8167931e-06
9.2420589e-06
1.527325e-05
2.4224617e-05
3.607241e-05
5.0736632e-05
6.8434124e-05
9.0022949e-05
0.00011751337
0.00015522666
0.00021300553
0.00031705074
0.00055875345
0.0013941192
4.8163211e-06
6.2868465e-06
9.907215e-06
1.6145326e-05
2.5232155e-05
3.7107807e-05
5.1704679e-05
6.9276001e-05
9.0714209e-05
0.00011805667
0.00015564517
0.00021334124
0.00031737524
0.00055922844
0.0013955849
5.2218487e-06
6.7928507e-06
1.0599936e-05
1.7027337e-05
2.6229794e-05
3.8117151e-05
5.2639823e-05
7.0084759e-05
9.1376253e-05
0.00011857661
0.00015604667
0.000213666
0.00031769433
0.00055970358
0.0013970535
5.6653622e-06
7.3340023e-06
1.1317445e-05
1.7916163e-05
2.7214021e-05
3.9099331e-05
5.3542101e-05
7.0861031e-05
9.2009863e-05
0.00011907386
0.00015643161
0.00021397998
0.0003180079
0.0005601785
0.0013985243
6.1469268e-06
7.9090066e-06
1.2056752e-05
1.880805e-05
2.8182133e-05
4.0053352e-05
5.4411584e-05
7.1605413e-05
9.2615758e-05
0.00011954903
0.00015680036
0.00021428332
0.00031831586
0.00056065279
0.0013999964
6.6660275e-06
8.5161464e-06
1.2814872e-05
1.9698972e-05
2.913184e-05
4.0978341e-05
5.5248369e-05
7.2318467e-05
9.3194597e-05
0.00012000265
0.00015715327
0.00021457612
0.00031861808
0.00056112607
0.0014014692
7.2216335e-06
9.1533919e-06
1.3587934e-05
2.0585549e-05
3.0061056e-05
4.1873534e-05
5.6052565e-05
7.3000712e-05
9.3746979e-05
0.00012043524
0.00015749064
0.00021485847
0.0003189144
0.00056159791
0.0014029417
7.8120131e-06
9.8178776e-06
1.4372271e-05
2.14646e-05
3.0967892e-05
4.2738263e-05
5.6824296e-05
7.3652631e-05
9.4273443e-05
0.0001208472
0.0001578127
0.00021513039
0.00031920465
0.00056206791
0.0014044133
8.4347113e-06
1.0506398e-05
1.5164231e-05
2.233316e-05
3.1850646e-05
4.3571951e-05
5.7563689e-05
7.4274663e-05
9.4774477e-05
0.00012123892
0.00015811967
0.0002153919
0.00031948864
0.00056253564
0.001405883
9.0867078e-06
1.1215456e-05
1.5960232e-05
2.3188488e-05
3.2707803e-05
4.4374105e-05
5.8270874e-05
7.4867211e-05
9.525051e-05
0.00012161073
0.00015841169
0.00021564297
0.00031976617
0.00056300065
0.0014073501
9.7645067e-06
1.1941339e-05
1.6756801e-05
2.4028075e-05
3.3538023e-05
4.5144308e-05
5.8945987e-05
7.543064e-05
9.5701923e-05
0.0001219629
0.0001586889
0.00021588355
0.000320037
0.00056346249
0.0014088137
1.0464241e-05
1.2680208e-05
1.7550618e-05
2.484965e-05
3.4340138e-05
4.5882222e-05
5.9589166e-05
7.596528e-05
9.6129048e-05
0.00012229567
0.00015895136
0.00021611356
0.00032030087
0.00056392069
0.0014102728
1.1181787e-05
1.3428172e-05
1.833854e-05
2.5651177e-05
3.5113152e-05
4.6587583e-05
6.0200554e-05
7.6471428e-05
9.6532173e-05
0.00012260921
0.00015919912
0.00021633288
0.00032055752
0.00056437476
0.0014117266
1.1912874e-05
1.4181365e-05
1.9117628e-05
2.6430858e-05
3.5856231e-05
4.7260199e-05
6.0780305e-05
7.6949356e-05
9.6911543e-05
0.00012290366
0.00015943219
0.00021654137
0.00032080664
0.00056482419
0.0014131741
1.2653194e-05
1.4936016e-05
1.9885165e-05
2.7187124e-05
3.65687e-05
4.7899959e-05
6.1328585e-05
7.7399314e-05
9.726737e-05
0.00012317915
0.00015965054
0.00021673887
0.00032104792
0.00056526846
0.0014146144
1.33985e-05
1.5688502e-05
2.0638668e-05
2.7918634e-05
3.7250044e-05
4.8506826e-05
6.1845579e-05
7.7821535e-05
9.7599834e-05
0.00012343573
0.00015985412
0.00021692518
0.00032128102
0.00056570704
0.0014160462
1.414469e-05
1.64354e-05
2.1375893e-05
2.8624261e-05
3.7899895e-05
4.9080842e-05
6.2331494e-05
7.8216244e-05
9.7909088e-05
0.00012367345
0.00016004283
0.00021710008
0.00032150558
0.00056613935
0.0014174686
1.4887874e-05
1.7173527e-05
2.209484e-05
2.9303087e-05
3.8518031e-05
4.962213e-05
6.2786569e-05
7.858366e-05
9.8195269e-05
0.00012389233
0.00016021658
0.00021726335
0.00032172124
0.00056656482
0.0014188805
1.5624429e-05
1.7899963e-05
2.2793753e-05
2.9954388e-05
3.9104368e-05
5.0130893e-05
6.3211075e-05
7.8924009e-05
9.8458499e-05
0.00012409237
0.00016037522
0.00021741472
0.00032192759
0.00056698285
0.0014202806
1.6351039e-05
1.8612074e-05
2.3471115e-05
3.0577626e-05
3.9658951e-05
5.0607413e-05
6.3605321e-05
7.9237525e-05
9.8698894e-05
0.00012427356
0.00016051863
0.00021755393
0.00032212424
0.00056739282
0.0014216676
1.7064716e-05
1.9307519e-05
2.4125637e-05
3.1172434e-05
4.0181946e-05
5.1052053e-05
6.3969662e-05
7.9524461e-05
9.8916574e-05
0.00012443587
0.00016064665
0.00021768069
0.00032231077
0.00056779412
0.0014230404
1.7762814e-05
1.9984257e-05
2.4756259e-05
3.1738601e-05
4.0673635e-05
5.1465248e-05
6.4304497e-05
7.9785092e-05
9.9111662e-05
0.00012457928
0.00016075911
0.00021779473
0.00032248676
0.00056818611
0.0014243975
1.8443032e-05
2.0640534e-05
2.5362127e-05
3.2276066e-05
4.11344e-05
5.1847512e-05
6.4610273e-05
8.001972e-05
9.92843e-05
0.00012470378
0.00016085586
0.00021789575
0.0003226518
0.00056856814
0.0014257377
1.9103403e-05
2.1274883e-05
2.5942588e-05
3.2784895e-05
4.1564716e-05
5.2199422e-05
6.488749e-05
8.0228682e-05
9.9434645e-05
0.00012480936
0.00016093676
0.00021798349
0.00032280545
0.00056893956
0.0014270594
1.9742286e-05
2.1886105e-05
2.6497177e-05
3.3265276e-05
4.1965142e-05
5.2521624e-05
6.5136692e-05
8.0412351e-05
9.9562883e-05
0.00012489603
0.00016100166
0.00021805766
0.00032294733
0.00056929975
0.0014283612
2.0358345e-05
2.2473255e-05
2.7025597e-05
3.3717503e-05
4.233631e-05
5.2814818e-05
6.5358477e-05
8.0571139e-05
9.9669231e-05
0.00012496384
0.00016105045
0.00021811801
0.00032307702
0.00056964806
0.0014296416
2.0950528e-05
2.3035622e-05
2.7527709e-05
3.4141963e-05
4.2678913e-05
5.3079759e-05
6.5553485e-05
8.0705499e-05
9.9753937e-05
0.00012501283
0.00016108304
0.00021816432
0.00032319415
0.00056998389
0.0014308991
2.1518044e-05
2.3572708e-05
2.8003515e-05
3.4539128e-05
4.2993701e-05
5.3317247e-05
6.5722405e-05
8.0815926e-05
9.9817291e-05
0.00012504313
0.00016109935
0.00021819637
0.00032329838
0.00057030664
0.0014321323
2.206034e-05
2.4084213e-05
2.8453145e-05
3.4909541e-05
4.3281467e-05
5.352812e-05
6.5865963e-05
8.0902956e-05
9.9859621e-05
0.00012505485
0.00016109937
0.00021821401
0.0003233894
0.00057061575
0.0014333396
2.2577075e-05
2.4570009e-05
2.8876842e-05
3.5253805e-05
4.3543042e-05
5.371325e-05
6.5984923e-05
8.0967167e-05
9.9881298e-05
0.00012504819
0.00016108311
0.0002182171
0.00032346693
0.00057091069
0.0014345195
2.3068097e-05
2.5030125e-05
2.9274948e-05
3.5572578e-05
4.3779283e-05
5.3873535e-05
6.6080083e-05
8.1009176e-05
9.9882735e-05
0.00012502336
0.00016105062
0.00021820555
0.00032353073
0.00057119099
0.0014356706
2.3533418e-05
2.5464723e-05
2.9647892e-05
3.586656e-05
4.3991073e-05
5.4009892e-05
6.6152267e-05
8.1029636e-05
9.9864388e-05
0.00012498062
0.00016100201
0.00021817933
0.00032358063
0.00057145621
0.0014367915
2.3973197e-05
2.5874085e-05
2.9996177e-05
3.6136485e-05
4.4179306e-05
5.4123255e-05
6.6202324e-05
8.1029236e-05
9.9826756e-05
0.00012492031
0.00016093743
0.00021813845
0.0003236165
0.00057170597
0.0014378807
2.4387717e-05
2.6258595e-05
3.0320367e-05
3.6383117e-05
4.4344888e-05
5.4214564e-05
6.6231122e-05
8.1008693e-05
9.9770378e-05
0.00012484277
0.00016085709
0.00021808299
0.00032363827
0.00057193997
0.001438937
2.4777365e-05
2.661872e-05
3.0621082e-05
3.660724e-05
4.448873e-05
5.4284766e-05
6.6239544e-05
8.0968756e-05
9.9695831e-05
0.00012474841
0.00016076124
0.00021801307
0.00032364594
0.00057215794
0.0014399591
2.5142619e-05
2.6955002e-05
3.0898983e-05
3.6809653e-05
4.461174e-05
5.4334806e-05
6.622848e-05
8.0910192e-05
9.9603731e-05
0.0001246377
0.0001606502
0.00021792887
0.00032363955
0.00057235971
0.001440946
2.5484028e-05
2.7268041e-05
3.1154764e-05
3.6991166e-05
4.4714825e-05
5.4365625e-05
6.6198829e-05
8.0833794e-05
9.9494725e-05
0.00012451113
0.00016052434
0.00021783065
0.00032361923
0.00057254516
0.0014418966
2.5802204e-05
2.7558486e-05
3.1389147e-05
3.7152594e-05
4.4798881e-05
5.4378157e-05
6.6151493e-05
8.0740368e-05
9.9369491e-05
0.00012436924
0.00016038405
0.00021771869
0.00032358515
0.00057271425
0.0014428099
2.6097806e-05
2.7827023e-05
3.1602873e-05
3.7294751e-05
4.4864797e-05
5.4373323e-05
6.6087369e-05
8.0630732e-05
9.9228733e-05
0.00012421261
0.00016022982
0.00021759336
0.00032353757
0.00057286701
0.0014436853
2.637153e-05
2.8074366e-05
3.1796698e-05
3.741845e-05
4.4913446e-05
5.4352034e-05
6.6007351e-05
8.0505715e-05
9.9073181e-05
0.00012404186
0.00016006215
0.00021745508
0.00032347679
0.00057300355
0.0014445219
2.66241e-05
2.8301251e-05
3.1971383e-05
3.7524498e-05
4.4945686e-05
5.4315182e-05
6.5912325e-05
8.036615e-05
9.8903582e-05
0.00012385764
0.00015988158
0.0002173043
0.00032340316
0.00057312403
0.0014453192
2.685626e-05
2.8508428e-05
3.2127694e-05
3.7613691e-05
4.4962361e-05
5.4263643e-05
6.5803168e-05
8.0212872e-05
9.8720699e-05
0.00012366063
0.00015968873
0.00021714155
0.00032331713
0.0005732287
0.0014460768
2.7068769e-05
2.8696656e-05
3.2266395e-05
3.7686817e-05
4.4964294e-05
5.4198274e-05
6.5680742e-05
8.0046715e-05
9.8525308e-05
0.00012345153
0.0001594842
0.00021696737
0.00032321915
0.00057331786
0.0014467945
2.726239e-05
2.8866694e-05
3.2388248e-05
3.774465e-05
4.4952287e-05
5.4119911e-05
6.5545896e-05
7.9868509e-05
9.8318194e-05
0.00012323106
0.00015926867
0.00021678236
0.00032310975
0.00057339187
0.0014474721
2.7437888e-05
2.9019303e-05
3.2494004e-05
3.7787947e-05
4.4927125e-05
5.4029367e-05
6.5399461e-05
7.9679077e-05
9.8100146e-05
0.00012299996
0.00015904283
0.00021658716
0.00032298949
0.00057345114
0.0014481095
2.7596028e-05
2.9155238e-05
3.2584407e-05
3.7817451e-05
4.488957e-05
5.3927435e-05
6.524225e-05
7.9479232e-05
9.7871955e-05
0.000122759
0.00015880737
0.00021638243
0.00032285897
0.00057349616
0.0014487069
2.7737566e-05
2.9275244e-05
3.2660186e-05
3.7833889e-05
4.4840362e-05
5.3814884e-05
6.5075058e-05
7.9269775e-05
9.763441e-05
0.00012250892
0.00015856303
0.00021616886
0.00032271882
0.00057352742
0.0014492644
2.7863249e-05
2.9380056e-05
3.2722059e-05
3.7837967e-05
4.478022e-05
5.369246e-05
6.4898658e-05
7.9051495e-05
9.7388295e-05
0.0001222505
0.00015831055
0.00021594715
0.0003225697
0.00057354548
0.0014497825
2.7973814e-05
2.9470397e-05
3.2770726e-05
3.7830373e-05
4.470984e-05
5.3560885e-05
6.4713801e-05
7.8825164e-05
9.7134389e-05
0.0001219845
0.00015805068
0.00021571803
0.00032241228
0.00057355093
0.0014502617
2.8069982e-05
2.9546975e-05
3.2806873e-05
3.7811777e-05
4.4629896e-05
5.3420857e-05
6.4521218e-05
7.8591535e-05
9.6873456e-05
0.0001217117
0.00015778417
0.00021548223
0.00032224726
0.00057354437
0.0014507025
2.8152458e-05
2.9610481e-05
3.2831166e-05
3.7782828e-05
4.4541039e-05
5.3273051e-05
6.4321615e-05
7.8351346e-05
9.6606252e-05
0.00012143284
0.00015751179
0.00021524049
0.00032207534
0.00057352645
0.0014511055
2.8221933e-05
2.9661589e-05
3.2844255e-05
3.7744156e-05
4.44439e-05
5.3118116e-05
6.4115675e-05
7.8105312e-05
9.6333515e-05
0.00012114869
0.00015723427
0.00021499355
0.00032189723
0.00057349779
0.0014514716
2.8279076e-05
2.9700954e-05
3.284677e-05
3.7696371e-05
4.4339085e-05
5.2956681e-05
6.390406e-05
7.7854127e-05
9.6055967e-05
0.00012085998
0.00015695237
0.00021474215
0.00032171363
0.00057345908
0.0014518016
2.8324541e-05
2.9729215e-05
3.2839322e-05
3.7640062e-05
4.422718e-05
5.2789348e-05
6.3687404e-05
7.7598464e-05
9.5774311e-05
0.00012056743
0.00015666681
0.000214487
0.00032152525
0.00057341096
0.0014520964
2.835896e-05
2.974699e-05
3.2822504e-05
3.7575798e-05
4.4108748e-05
5.2616697e-05
6.346632e-05
7.7338973e-05
9.5489231e-05
0.00012027174
0.00015637831
0.00021422882
0.00032133277
0.00057335411
0.0014523571
2.8382948e-05
2.9754876e-05
3.2796888e-05
3.7504129e-05
4.3984333e-05
5.2439286e-05
6.3241397e-05
7.707628e-05
9.5201388e-05
0.00011997362
0.00015608758
0.00021396832
0.00032113687
0.00057328919
0.0014525847
2.8397097e-05
2.9753454e-05
3.2763028e-05
3.7425584e-05
4.3854456e-05
5.2257648e-05
6.3013198e-05
7.6810987e-05
9.491142e-05
0.00011967372
0.00015579529
0.00021370617
0.00032093822
0.00057321685
0.0014527802
2.8401981e-05
2.9743282e-05
3.2721457e-05
3.7340676e-05
4.3719617e-05
5.2072296e-05
6.2782264e-05
7.6543671e-05
9.4619941e-05
0.00011937269
0.00015550211
0.00021344302
0.00032073745
0.00057313773
0.0014529449
2.8398155e-05
2.9724901e-05
3.2672692e-05
3.7249893e-05
4.3580298e-05
5.1883719e-05
6.2549113e-05
7.6274887e-05
9.4327542e-05
0.00011907114
0.00015520867
0.00021317952
0.00032053518
0.00057305246
0.0014530799
2.8386152e-05
2.9698831e-05
3.2617227e-05
3.715371e-05
4.3436958e-05
5.1692387e-05
6.2314238e-05
7.6005163e-05
9.4034786e-05
0.00011876967
0.00015491557
0.00021291628
0.00032033202
0.00057296165
0.0014531865
2.8366487e-05
2.9665573e-05
3.2555541e-05
3.7052578e-05
4.3290041e-05
5.1498746e-05
6.2078109e-05
7.5735003e-05
9.3742214e-05
0.00011846885
0.00015462341
0.00021265386
0.00032012851
0.00057286589
0.0014532657
2.8339656e-05
2.9625611e-05
3.2488093e-05
3.6946935e-05
4.3139967e-05
5.1303223e-05
6.1841174e-05
7.5464886e-05
9.3450337e-05
0.00011816922
0.00015433273
0.00021239284
0.00031992521
0.00057276576
0.001453319
2.8306134e-05
2.9579408e-05
3.2415324e-05
3.6837197e-05
4.298714e-05
5.1106224e-05
6.1603858e-05
7.5195267e-05
9.3159642e-05
0.00011787128
0.00015404406
0.00021213371
0.00031972262
0.00057266179
0.0014533474
2.826638e-05
2.9527409e-05
3.2337656e-05
3.6723763e-05
4.2831946e-05
5.0908136e-05
6.1366565e-05
7.4926576e-05
9.2870589e-05
0.00011757552
0.0001537579
0.00021187699
0.00031952122
0.00057255451
0.0014533524
2.8220833e-05
2.9470043e-05
3.2255496e-05
3.6607018e-05
4.2674753e-05
5.0709326e-05
6.1129676e-05
7.4659221e-05
9.2583612e-05
0.00011728241
0.00015347471
0.00021162313
0.00031932146
0.00057244442
0.001453335
2.8169914e-05
2.9407719e-05
3.2169234e-05
3.6487326e-05
4.251591e-05
5.0510142e-05
6.0893553e-05
7.4393584e-05
9.229912e-05
0.00011699235
0.00015319493
0.00021137254
0.00031912375
0.00057233199
0.0014532965
2.8114028e-05
2.9340831e-05
3.207924e-05
3.6365038e-05
4.2355752e-05
5.0310915e-05
6.0658535e-05
7.4130025e-05
9.2017493e-05
0.00011670577
0.00015291896
0.00021112565
0.00031892848
0.00057221766
0.0014532381
2.8053562e-05
2.9269755e-05
3.1985873e-05
3.6240487e-05
4.2194595e-05
5.0111955e-05
6.0424942e-05
7.3868881e-05
9.1739089e-05
0.00011642302
0.00015264717
0.00021088279
0.000318736
0.00057210185
0.0014531611
2.7988886e-05
2.9194851e-05
3.1889471e-05
3.6113992e-05
4.203274e-05
4.9913558e-05
6.0193074e-05
7.3610468e-05
9.146424e-05
0.00011614445
0.00015237992
0.00021064432
0.00031854665
0.00057198496
0.0014530665
2.7920354e-05
2.9116464e-05
3.1790361e-05
3.5985855e-05
4.1870472e-05
4.9716001e-05
5.9963213e-05
7.3355078e-05
9.1193254e-05
0.00011587037
0.00015211751
0.00021041053
0.00031836071
0.00057186735
0.0014529556
2.7848306e-05
2.9034923e-05
3.1688852e-05
3.5856365e-05
4.1708063e-05
4.9519546e-05
5.9735622e-05
7.3102983e-05
9.0926413e-05
0.00011560108
0.00015186024
0.0002101817
0.00031817844
0.00057174937
0.0014528294
2.7773065e-05
2.8950541e-05
3.1585241e-05
3.5725796e-05
4.1545766e-05
4.9324437e-05
5.9510546e-05
7.2854436e-05
9.0663979e-05
0.00011533685
0.00015160835
0.00020995807
0.00031800009
0.00057163132
0.0014526891
2.7694939e-05
2.8863618e-05
3.1479808e-05
3.5594408e-05
4.1383824e-05
4.9130905e-05
5.9288211e-05
7.2609669e-05
9.0406189e-05
0.0001150779
0.00015136209
0.00020973985
0.00031782586
0.00057151351
0.0014525356
2.7614222e-05
2.877444e-05
3.1372821e-05
3.5462448e-05
4.1222464e-05
4.8939165e-05
5.906883e-05
7.2368893e-05
9.0153259e-05
0.00011482447
0.00015112167
0.00020952724
0.00031765595
0.00057139619
0.0014523701
2.7531196e-05
2.8683277e-05
3.1264535e-05
3.5330149e-05
4.10619e-05
4.8749417e-05
5.8852595e-05
7.2132302e-05
8.9905383e-05
0.00011457672
0.00015088725
0.0002093204
0.00031749049
0.00057127962
0.0014521935
2.7446126e-05
2.8590389e-05
3.1155193e-05
3.5197732e-05
4.0902334e-05
4.8561847e-05
5.8639685e-05
7.1900073e-05
8.9662736e-05
0.00011433485
0.00015065899
0.00020911947
0.00031732964
0.00057116403
0.0014520067
2.7359268e-05
2.8496021e-05
3.1045021e-05
3.5065406e-05
4.0743953e-05
4.8376628e-05
5.8430265e-05
7.1672365e-05
8.9425473e-05
0.00011409899
0.00015043704
0.00020892458
0.00031717365
0.00057104996
0.0014518107
2.7270861e-05
2.8400406e-05
3.0934239e-05
3.4933367e-05
4.0586934e-05
4.8193922e-05
5.8224484e-05
7.144932e-05
8.919373e-05
0.00011386926
0.0001502215
0.00020873582
0.00031702249
0.00057093661
0.0014516061
2.7181136e-05
2.8303765e-05
3.0823052e-05
3.4801802e-05
4.0431442e-05
4.8013874e-05
5.8022476e-05
7.1231064e-05
8.8967626e-05
0.00011364579
0.00015001246
0.00020855324
0.00031687611
0.00057082383
0.0014513937
2.7090309e-05
2.8206309e-05
3.0711653e-05
3.4670883e-05
4.0277631e-05
4.7836622e-05
5.7824364e-05
7.1017709e-05
8.8747261e-05
0.00011342865
0.00014981001
0.00020837699
0.00031673489
0.00057071086
0.001451174
2.6998586e-05
2.8108235e-05
3.0600225e-05
3.4540775e-05
4.0125643e-05
4.7662288e-05
5.7630256e-05
7.0809351e-05
8.8532722e-05
0.00011321792
0.00014961421
0.00020820705
0.00031659842
0.0005705981
0.0014509477
2.6906163e-05
2.8009731e-05
3.0488943e-05
3.441163e-05
3.9975611e-05
4.7490986e-05
5.7440249e-05
7.0606074e-05
8.8324078e-05
0.00011301366
0.00014942506
0.00020804335
0.00031646644
0.00057048604
0.0014507156
2.6813224e-05
2.7910975e-05
3.0377968e-05
3.4283593e-05
3.9827656e-05
4.7322818e-05
5.7254429e-05
7.0407949e-05
8.8121387e-05
0.0001128159
0.00014924263
0.00020788603
0.00031633848
0.00057037519
0.0014504784
2.6719943e-05
2.7812133e-05
3.0267453e-05
3.4156796e-05
3.9681892e-05
4.7157876e-05
5.7072869e-05
7.0215033e-05
8.7924693e-05
0.00011262469
0.00014906692
0.00020773493
0.00031621451
0.00057026596
0.0014502368
2.6626484e-05
2.7713364e-05
3.0157542e-05
3.4031365e-05
3.9538422e-05
4.6996243e-05
5.6895634e-05
7.0027374e-05
8.7734022e-05
0.00011244001
0.00014889785
0.00020758979
0.00031609472
0.00057015858
0.0014499917
2.6533003e-05
2.7614815e-05
3.0048369e-05
3.3907414e-05
3.9397339e-05
4.6837993e-05
5.6722777e-05
6.9845008e-05
8.75494e-05
0.00011226189
0.00014873549
0.00020745025
0.00031597929
0.00057005324
0.0014497436
2.6439645e-05
2.7516626e-05
2.994006e-05
3.3785052e-05
3.9258731e-05
4.668319e-05
5.6554344e-05
6.9667963e-05
8.7370834e-05
0.00011209031
0.00014857968
0.00020731622
0.00031586831
0.00056995014
0.0014494932
2.6346548e-05
2.7418928e-05
2.9832733e-05
3.3664376e-05
3.9122675e-05
4.653189e-05
5.6390369e-05
6.9496251e-05
8.7198308e-05
0.00011192518
0.00014843024
0.00020718776
0.00031576181
0.00056984942
0.0014492412
2.625384e-05
2.7321843e-05
2.9726496e-05
3.354548e-05
3.8989242e-05
4.6384143e-05
5.6230882e-05
6.9329886e-05
8.7031838e-05
0.00011176658
0.00014828683
0.00020706489
0.00031565984
0.00056975118
0.0014489881
2.6161642e-05
2.7225486e-05
2.9621452e-05
3.3428446e-05
3.8858494e-05
4.623999e-05
5.6075903e-05
6.9168865e-05
8.6871371e-05
0.00011161431
0.00014814942
0.0002069476
0.00031556239
0.00056965552
0.0014487344
2.6070068e-05
2.7129963e-05
2.9517695e-05
3.3313351e-05
3.8730489e-05
4.6099466e-05
5.5925445e-05
6.9013183e-05
8.6716895e-05
0.00011146815
0.00014801801
0.00020683583
0.00031546944
0.00056956251
0.0014484807
2.5979221e-05
2.7035375e-05
2.9415312e-05
3.3200265e-05
3.8605275e-05
4.5962598e-05
5.5779516e-05
6.8862821e-05
8.6568349e-05
0.00011132796
0.00014789255
0.00020672955
0.00031538097
0.00056947221
0.0014482275
2.5889203e-05
2.6941814e-05
2.9314384e-05
3.3089253e-05
3.8482897e-05
4.582941e-05
5.5638113e-05
6.8717752e-05
8.6425566e-05
0.0001111937
0.00014777296
0.00020662868
0.00031529693
0.00056938466
0.0014479751
2.5800102e-05
2.6849367e-05
2.9214985e-05
3.2980371e-05
3.8363393e-05
4.5699917e-05
5.5501236e-05
6.8577962e-05
8.6288379e-05
0.00011106529
0.00014765917
0.00020653315
0.00031521725
0.00056929988
0.0014477241
2.5712006e-05
2.6758112e-05
2.9117184e-05
3.2873673e-05
3.8246794e-05
4.5574132e-05
5.5368871e-05
6.8443314e-05
8.6156742e-05
0.00011094268
0.00014755111
0.00020644287
0.00031514188
0.00056921788
0.0014474747
2.5624993e-05
2.6668124e-05
2.9021043e-05
3.2769204e-05
3.813313e-05
4.5452062e-05
5.5241008e-05
6.8313683e-05
8.6030589e-05
0.00011082578
0.00014744867
0.00020635775
0.00031507074
0.00056913867
0.0014472273
2.5539136e-05
2.6579472e-05
2.8926619e-05
3.2667007e-05
3.8022425e-05
4.533372e-05
5.5117537e-05
6.8189022e-05
8.590985e-05
0.00011071451
0.00014735176
0.00020627768
0.00031500374
0.00056906224
0.0014469824
2.5454504e-05
2.6492216e-05
2.8833965e-05
3.256712e-05
3.79147e-05
4.5219079e-05
5.499839e-05
6.8069271e-05
8.5794449e-05
0.00011060876
0.00014726028
0.00020620256
0.00031494079
0.00056898857
0.0014467401
2.5371158e-05
2.6406417e-05
2.8743129e-05
3.2469578e-05
3.7809978e-05
4.5108069e-05
5.4883526e-05
6.795437e-05
8.5684305e-05
0.00011050845
0.0001471741
0.00020613226
0.00031488179
0.00056891765
0.0014465007
2.5289157e-05
2.6322127e-05
2.8654159e-05
3.237442e-05
3.7708218e-05
4.5000666e-05
5.4772899e-05
6.7844252e-05
8.5579332e-05
0.00011041347
0.00014709312
0.00020606667
0.00031482664
0.00056884945
0.0014462646
2.5208557e-05
2.6239401e-05
2.8567096e-05
3.228164e-05
3.7609411e-05
4.489684e-05
5.466646e-05
6.7738848e-05
8.5479441e-05
0.00011032372
0.0001470172
0.00020600566
0.00031477523
0.00056878391
0.0014460319
2.5129409e-05
2.615828e-05
2.848196e-05
3.2191245e-05
3.7513546e-05
4.4796561e-05
5.4564157e-05
6.7638084e-05
8.5384538e-05
0.00011023907
0.00014694623
0.0002059491
0.00031472746
0.00056872102
0.0014458028
2.5051751e-05
2.6078797e-05
2.8398771e-05
3.2103238e-05
3.7420608e-05
4.4699794e-05
5.4465935e-05
6.7541885e-05
8.5294525e-05
0.00011015941
0.00014688008
0.00020589687
0.00031468321
0.00056866071
0.0014455775
2.4975618e-05
2.6000979e-05
2.8317545e-05
3.2017622e-05
3.7330582e-05
4.4606504e-05
5.4371738e-05
6.7450171e-05
8.5209303e-05
0.00011008463
0.00014681861
0.00020584882
0.00031464238
0.00056860295
0.0014453562
2.4901039e-05
2.5924849e-05
2.8238296e-05
3.1934396e-05
3.7243448e-05
4.4516651e-05
5.4281504e-05
6.7362861e-05
8.5128769e-05
0.0001100146
0.00014676169
0.00020580483
0.00031460484
0.00056854768
0.0014451389
2.482804e-05
2.585043e-05
2.8161034e-05
3.1853555e-05
3.7159186e-05
4.4430196e-05
5.4195173e-05
6.7279871e-05
8.5052818e-05
0.00010994921
0.0001467092
0.00020576476
0.00031457049
0.00056849485
0.0014449259
2.4756642e-05
2.5777738e-05
2.8085767e-05
3.1775094e-05
3.7077773e-05
4.4347095e-05
5.4112679e-05
6.7201114e-05
8.4981344e-05
0.00010988832
0.00014666098
0.00020572848
0.00031453921
0.0005684444
0.0014447173
2.4686865e-05
2.5706787e-05
2.80125e-05
3.1699004e-05
3.6999183e-05
4.4267303e-05
5.4033957e-05
6.7126503e-05
8.4914237e-05
0.00010983181
0.00014661691
0.00020569586
0.0003145109
0.00056839629
0.001444513
2.4618724e-05
2.5637589e-05
2.7941236e-05
3.1625275e-05
3.6923387e-05
4.4190772e-05
5.3958937e-05
6.7055947e-05
8.4851388e-05
0.00010977956
0.00014657685
0.00020566676
0.00031448544
0.00056835046
0.0014443134
2.4552231e-05
2.5570153e-05
2.7871973e-05
3.1553893e-05
3.6850357e-05
4.4117454e-05
5.3887551e-05
6.6989357e-05
8.4792687e-05
0.00010973144
0.00014654067
0.00020564105
0.00031446272
0.00056830687
0.0014441183
2.4487397e-05
2.5504484e-05
2.780471e-05
3.1484842e-05
3.6780061e-05
4.4047299e-05
5.3819727e-05
6.6926639e-05
8.4738021e-05
0.00010968732
0.00014650823
0.00020561859
0.00031444265
0.00056826546
0.0014439279
2.442423e-05
2.5440586e-05
2.7739441e-05
3.1418105e-05
3.6712465e-05
4.3980253e-05
5.3755392e-05
6.68677e-05
8.4687277e-05
0.00010964707
0.00014647939
0.00020559928
0.00031442511
0.0005682262
0.0014437423
2.4362733e-05
2.537846e-05
2.7676159e-05
3.1353663e-05
3.6647534e-05
4.3916263e-05
5.3694471e-05
6.6812446e-05
8.4640343e-05
0.00010961057
0.00014645403
0.00020558296
0.00031441001
0.00056818903
0.0014435615
2.430291e-05
2.5318105e-05
2.7614856e-05
3.1291495e-05
3.6585231e-05
4.3855273e-05
5.3636891e-05
6.6760781e-05
8.4597106e-05
0.00010957769
0.00014643201
0.00020556953
0.00031439725
0.00056815391
0.0014433856
2.4244762e-05
2.5259518e-05
2.7555519e-05
3.1231576e-05
3.6525517e-05
4.3797227e-05
5.3582573e-05
6.6712609e-05
8.4557451e-05
0.0001095483
0.0001464132
0.00020555884
0.00031438672
0.00056812079
0.0014432146
2.4188286e-05
2.5202694e-05
2.7498136e-05
3.1173882e-05
3.6468352e-05
4.3742067e-05
5.3531441e-05
6.6667833e-05
8.4521266e-05
0.00010952228
0.00014639746
0.0002055508
0.00031437834
0.00056808964
0.0014430486
2.4133478e-05
2.5147624e-05
2.7442692e-05
3.1118387e-05
3.6413694e-05
4.3689733e-05
5.3483417e-05
6.6626358e-05
8.4488437e-05
0.0001094995
0.00014638468
0.00020554526
0.00031437199
0.00056806039
0.0014428876
2.4080334e-05
2.5094301e-05
2.7389169e-05
3.1065062e-05
3.6361501e-05
4.3640165e-05
5.3438421e-05
6.6588085e-05
8.445885e-05
0.00010947984
0.00014637472
0.00020554211
0.00031436759
0.000568033
0.0014427316
2.4028845e-05
2.5042713e-05
2.733755e-05
3.1013877e-05
3.6311727e-05
4.3593302e-05
5.3396375e-05
6.6552917e-05
8.4432393e-05
0.00010946318
0.00014636745
0.00020554123
0.00031436503
0.0005680074
0.0014425805
2.3979002e-05
2.4992847e-05
2.7287813e-05
3.0964802e-05
3.6264328e-05
4.3549082e-05
5.3357198e-05
6.6520757e-05
8.4408953e-05
0.00010944938
0.00014636276
0.00020554251
0.00031436423
0.00056798356
0.0014424345
2.3930795e-05
2.494469e-05
2.7239938e-05
3.0917803e-05
3.6219258e-05
4.3507442e-05
5.332081e-05
6.6491506e-05
8.4388419e-05
0.00010943834
0.00014636051
0.00020554583
0.00031436509
0.00056796139
0.0014422934
2.3884212e-05
2.4898225e-05
2.7193902e-05
3.0872848e-05
3.6176468e-05
4.3468318e-05
5.328713e-05
6.6465069e-05
8.4370679e-05
0.00010942993
0.00014636059
0.00020555108
0.0003143675
0.00056794085
0.0014421573
2.3839237e-05
2.4853435e-05
2.7149681e-05
3.0829901e-05
3.6135911e-05
4.3431647e-05
5.3256078e-05
6.6441348e-05
8.4355623e-05
0.00010942403
0.00014636287
0.00020555814
0.00031437139
0.00056792186
0.001442026
2.3795857e-05
2.4810303e-05
2.7107249e-05
3.0788927e-05
3.6097537e-05
4.3397363e-05
5.3227572e-05
6.6420248e-05
8.4343143e-05
0.00010942053
0.00014636725
0.00020556691
0.00031437665
0.00056790435
0.0014418995
2.3754055e-05
2.4768809e-05
2.7066581e-05
3.074989e-05
3.6061298e-05
4.3365404e-05
5.3201533e-05
6.6401672e-05
8.4333132e-05
0.00010941931
0.0001463736
0.00020557728
0.0003143832
0.00056788825
0.0014417777
2.3713814e-05
2.4728932e-05
2.7027648e-05
3.0712753e-05
3.6027143e-05
4.3335703e-05
5.317788e-05
6.6385527e-05
8.4325483e-05
0.00010942026
0.00014638182
0.00020558915
0.00031439095
0.00056787351
0.0014416605
2.3675115e-05
2.4690651e-05
2.6990423e-05
3.0677477e-05
3.5995022e-05
4.3308197e-05
5.3156535e-05
6.6371719e-05
8.4320094e-05
0.00010942327
0.0001463918
0.00020560243
0.00031439983
0.00056786005
0.0014415478
2.3637938e-05
2.4653943e-05
2.6954877e-05
3.0644024e-05
3.5964885e-05
4.3282821e-05
5.3137417e-05
6.6360156e-05
8.4316861e-05
0.00010942823
0.00014640343
0.00020561701
0.00031440974
0.00056784782
0.0014414396
2.3602264e-05
2.4618785e-05
2.692098e-05
3.0612355e-05
3.5936681e-05
4.325951e-05
5.312045e-05
6.6350749e-05
8.4315685e-05
0.00010943505
0.00014641661
0.00020563281
0.00031442064
0.00056783675
0.0014413357
2.3568071e-05
2.4585153e-05
2.6888703e-05
3.0582432e-05
3.5910358e-05
4.3238201e-05
5.3105555e-05
6.6343406e-05
8.4316469e-05
0.00010944362
0.00014643125
0.00020564974
0.00031443244
0.00056782681
0.001441236
2.3535338e-05
2.4553022e-05
2.6858014e-05
3.0554214e-05
3.5885867e-05
4.3218831e-05
5.3092657e-05
6.6338042e-05
8.4319117e-05
0.00010945383
0.00014644725
0.00020566772
0.00031444508
0.00056781795
0.0014411405
2.350404e-05
2.4522367e-05
2.6828882e-05
3.0527661e-05
3.5863156e-05
4.3201336e-05
5.3081681e-05
6.633457e-05
8.4323535e-05
0.00010946561
0.00014646452
0.00020568668
0.00031445851
0.00056781014
0.0014410491
2.3474155e-05
2.4493161e-05
2.6801276e-05
3.0502734e-05
3.5842175e-05
4.3185654e-05
5.3072552e-05
6.6332905e-05
8.4329633e-05
0.00010947885
0.00014648298
0.00020570654
0.00031447268
0.00056780334
0.0014409617
2.3445658e-05
2.4465378e-05
2.6775162e-05
3.0479392e-05
3.5822874e-05
4.3171724e-05
5.3065196e-05
6.6332966e-05
8.4337323e-05
0.00010949346
0.00014650254
0.00020572723
0.00031448753
0.00056779754
0.0014408783
2.3418525e-05
2.4438991e-05
2.6750509e-05
3.0457595e-05
3.5805201e-05
4.3159483e-05
5.3059543e-05
6.6334671e-05
8.4346518e-05
0.00010950936
0.00014652313
0.00020574869
0.00031450303
0.00056779272
0.0014407988
2.3392729e-05
2.441397e-05
2.6727283e-05
3.0437301e-05
3.5789107e-05
4.3148871e-05
5.305552e-05
6.633794e-05
8.4357133e-05
0.00010952647
0.00014654465
0.00020577084
0.00031451913
0.00056778885
0.0014407233
2.3368245e-05
2.4390289e-05
2.670545e-05
3.041847e-05
3.5774541e-05
4.3139827e-05
5.3053059e-05
6.6342697e-05
8.4369086e-05
0.0001095447
0.00014656705
0.00020579364
0.00031453579
0.00056778594
0.0014406516
2.3345045e-05
2.4367917e-05
2.6684978e-05
3.0401061e-05
3.5761454e-05
4.3132293e-05
5.3052089e-05
6.6348863e-05
8.4382297e-05
0.00010956397
0.00014659024
0.00020581702
0.00031455297
0.00056778396
0.0014405839
2.3323101e-05
2.4346824e-05
2.666583e-05
3.0385032e-05
3.5749796e-05
4.3126208e-05
5.3052542e-05
6.6356365e-05
8.4396687e-05
0.00010958421
0.00014661416
0.00020584092
0.00031457063
0.00056778289
0.0014405199
2.3302387e-05
2.4326982e-05
2.6647973e-05
3.0370342e-05
3.5739516e-05
4.3121515e-05
5.3054352e-05
6.6365128e-05
8.441218e-05
0.00010960534
0.00014663873
0.00020586528
0.00031458872
0.00056778273
0.0014404598
2.3282872e-05
2.4308359e-05
2.6631372e-05
3.0356949e-05
3.5730565e-05
4.3118154e-05
5.3057453e-05
6.637508e-05
8.4428698e-05
0.00010962728
0.00014666389
0.00020589004
0.00031460721
0.00056778342
0.0014404035
2.3264529e-05
2.4290924e-05
2.661599e-05
3.0344813e-05
3.5722895e-05
4.3116067e-05
5.3061777e-05
6.6386149e-05
8.444617e-05
0.00010964996
0.00014668957
0.00020591515
0.00031462604
0.00056778496
0.0014403509
2.3247328e-05
2.4274646e-05
2.6601794e-05
3.033389e-05
3.5716455e-05
4.3115199e-05
5.3067262e-05
6.6398266e-05
8.4464521e-05
0.00010967332
0.0001467157
0.00020594055
0.00031464516
0.00056778728
0.0014403019
2.3231239e-05
2.4259493e-05
2.6588746e-05
3.0324139e-05
3.5711196e-05
4.3115492e-05
5.3073843e-05
6.6411362e-05
8.4483682e-05
0.00010969728
0.00014674222
0.00020596618
0.00031466454
0.00056779035
0.0014402565
2.3216232e-05
2.4245434e-05
2.6576811e-05
3.031552e-05
3.5707071e-05
4.311689e-05
5.3081458e-05
6.642537e-05
8.4503583e-05
0.00010972177
0.00014676907
0.00020599198
0.0003146841
0.0005677941
0.0014402145
2.3202278e-05
2.4232437e-05
2.6565955e-05
3.030799e-05
3.5704032e-05
4.3119339e-05
5.3090046e-05
6.6440223e-05
8.4524157e-05
0.00010974673
0.00014679618
0.0002060179
0.0003147038
0.00056779847
0.0014401759
2.3189346e-05
2.422047e-05
2.6556139e-05
3.0301509e-05
3.570203e-05
4.3122784e-05
5.3099547e-05
6.6455858e-05
8.4545338e-05
0.0001097721
0.0001468235
0.00020604389
0.00031472358
0.0005678034
0.0014401404
2.3177407e-05
2.4209501e-05
2.6547331e-05
3.0296036e-05
3.5701019e-05
4.3127171e-05
5.3109901e-05
6.6472213e-05
8.4567064e-05
0.00010979781
0.00014685096
0.00020606988
0.0003147434
0.00056780882
0.0014401079
2.316643e-05
2.4199499e-05
2.6539494e-05
3.029153e-05
3.5700953e-05
4.313245e-05
5.3121052e-05
6.6489226e-05
8.4589272e-05
0.0001098238
0.00014687852
0.00020609584
0.0003147632
0.00056781466
0.0014400783
2.3156387e-05
2.4190432e-05
2.6532593e-05
3.0287953e-05
3.5701787e-05
4.3138568e-05
5.3132943e-05
6.6506839e-05
8.4611903e-05
0.00010985003
0.00014690613
0.00020612171
0.00031478294
0.00056782086
0.0014400514
2.3147248e-05
2.418227e-05
2.6526595e-05
3.0285265e-05
3.5703476e-05
4.3145477e-05
5.3145521e-05
6.6524996e-05
8.4634903e-05
0.00010987643
0.00014693373
0.00020614746
0.00031480258
0.00056782735
0.001440027
2.3138984e-05
2.4174982e-05
2.6521465e-05
3.0283429e-05
3.5705977e-05
4.3153128e-05
5.3158734e-05
6.6543642e-05
8.4658216e-05
0.00010990295
0.00014696128
0.00020617305
0.00031482208
0.00056783408
0.0014400049
2.3131567e-05
2.4168538e-05
2.6517171e-05
3.0282406e-05
3.5709248e-05
4.3161474e-05
5.3172531e-05
6.6562725e-05
8.4681792e-05
0.00010992956
0.00014698874
0.00020619844
0.00031484141
0.00056784101
0.001439985
2.3124967e-05
2.4162908e-05
2.6513679e-05
3.028216e-05
3.5713249e-05
4.317047e-05
5.3186864e-05
6.6582196e-05
8.4705584e-05
0.00010995619
0.00014701608
0.00020622361
0.00031486056
0.0005678481
0.0014399671
2.3119158e-05
2.4158063e-05
2.6510958e-05
3.0282656e-05
3.5717938e-05
4.3180073e-05
5.3201687e-05
6.6602008e-05
8.4729544e-05
0.00010998283
0.00014704327
0.00020624853
0.0003148795
0.00056785534
0.0014399512
2.3114111e-05
2.4153973e-05
2.6508977e-05
3.0283859e-05
3.5723278e-05
4.3190239e-05
5.3216954e-05
6.6622116e-05
8.4753632e-05
0.00011000941
0.00014707026
0.00020627319
0.00031489822
0.00056786271
0.0014399371
2.31098e-05
2.4150612e-05
2.6507704e-05
3.0285735e-05
3.5729231e-05
4.320093e-05
5.3232624e-05
6.6642476e-05
8.4777806e-05
0.00011003593
0.00014709704
0.00020629757
0.00031491674
0.00056787021
0.0014399248
2.3106198e-05
2.4147951e-05
2.650711e-05
3.028825e-05
3.5735761e-05
4.3212104e-05
5.3248655e-05
6.666305e-05
8.4802029e-05
0.00011006233
0.00014712358
0.00020632165
0.00031493503
0.00056787785
0.0014399141
2.3103278e-05
2.4145961e-05
2.6507165e-05
3.0291373e-05
3.5742832e-05
4.3223725e-05
5.3265008e-05
6.6683797e-05
8.4826266e-05
0.00011008859
0.00014714987
0.00020634543
0.00031495312
0.00056788565
0.0014399051
2.3101013e-05
2.4144617e-05
2.650784e-05
3.0295072e-05
3.5750411e-05
4.3235756e-05
5.3281646e-05
6.6704681e-05
8.4850483e-05
0.00011011468
0.00014717588
0.0002063689
0.00031497099
0.00056789362
0.0014398978
2.3099379e-05
2.4143892e-05
2.6509107e-05
3.0299316e-05
3.5758463e-05
4.3248162e-05
5.3298533e-05
6.6725668e-05
8.4874648e-05
0.00011014058
0.00014720159
0.00020639205
0.00031498867
0.0005679018
0.0014398922
2.3098348e-05
2.4143758e-05
2.6510937e-05
3.0304074e-05
3.5766956e-05
4.3260908e-05
5.3315634e-05
6.6746723e-05
8.4898731e-05
0.00011016626
0.00014722699
0.00020641488
0.00031500616
0.00056791021
0.0014398883
2.3097895e-05
2.4144189e-05
2.6513302e-05
3.0309318e-05
3.5775858e-05
4.3273961e-05
5.3332915e-05
6.6767816e-05
8.4922703e-05
0.0001101917
0.00014725206
0.00020643737
0.00031502346
0.00056791886
0.0014398861
2.3097995e-05
2.414516e-05
2.6516176e-05
3.0315016e-05
3.5785139e-05
4.3287289e-05
5.3350344e-05
6.6788913e-05
8.4946537e-05
0.00011021687
0.00014727678
0.00020645952
0.00031504056
0.00056792776
0.0014398856
2.3098621e-05
2.4146644e-05
2.651953e-05
3.0321142e-05
3.5794767e-05
4.330086e-05
5.3367889e-05
6.6809986e-05
8.4970205e-05
0.00011024176
0.00014730115
0.00020648132
0.00031505748
0.00056793694
0.0014398868
2.3099749e-05
2.4148615e-05
2.6523338e-05
3.0327665e-05
3.5804714e-05
4.3314644e-05
5.338552e-05
6.6831006e-05
8.4993682e-05
0.00011026634
0.00014732513
0.00020650275
0.00031507419
0.00056794638
0.0014398898
2.3101353e-05
2.4151048e-05
2.6527573e-05
3.0334559e-05
3.5814949e-05
4.332861e-05
5.3403207e-05
6.6851944e-05
8.5016941e-05
0.00011029059
0.00014734871
0.0002065238
0.00031509069
0.00056795607
0.0014398945
2.3103408e-05
2.4153917e-05
2.6532209e-05
3.0341796e-05
3.5825443e-05
4.3342728e-05
5.3420921e-05
6.6872772e-05
8.5039959e-05
0.00011031448
0.00014737188
0.00020654445
0.00031510695
0.00056796599
0.0014399009
2.310589e-05
2.4157198e-05
2.653722e-05
3.0349348e-05
3.583617e-05
4.3356972e-05
5.3438633e-05
6.6893465e-05
8.5062711e-05
0.00011033801
0.00014739462
0.00020656469
0.00031512296
0.0005679761
0.0014399088
2.3108774e-05
2.4160865e-05
2.654258e-05
3.0357189e-05
3.58471e-05
4.3371312e-05
5.3456317e-05
6.6913996e-05
8.5085175e-05
0.00011036114
0.0001474169
0.0002065845
0.00031513868
0.00056798637
0.0014399184
2.3112036e-05
2.4164894e-05
2.6548265e-05
3.0365293e-05
3.5858208e-05
4.3385721e-05
5.3473946e-05
6.6934341e-05
8.5107327e-05
0.00011038385
0.00014743872
0.00020660385
0.0003151541
0.00056799674
0.0014399294
2.3115653e-05
2.4169261e-05
2.6554248e-05
3.0373634e-05
3.5869468e-05
4.3400174e-05
5.3491495e-05
6.6954475e-05
8.5129148e-05
0.00011040614
0.00014746004
0.00020662274
0.00031516918
0.00056800716
0.0014399416
2.3119602e-05
2.4173944e-05
2.6560507e-05
3.0382188e-05
3.5880853e-05
4.3414645e-05
5.3508939e-05
6.6974378e-05
8.5150616e-05
0.00011042798
0.00014748087
0.00020664113
0.00031518388
0.00056801757
0.0014399551
2.312386e-05
2.4178918e-05
2.6567018e-05
3.039093e-05
3.589234e-05
4.3429111e-05
5.3526255e-05
6.6994026e-05
8.5171714e-05
0.00011044936
0.00014750118
0.00020665901
0.0003151982
0.00056802791
0.0014399696
2.3128406e-05
2.4184162e-05
2.6573759e-05
3.0399838e-05
3.5903905e-05
4.3443547e-05
5.3543422e-05
6.7013401e-05
8.5192424e-05
0.00011047026
0.00014752097
0.00020667638
0.0003152121
0.00056803813
0.001439985
2.3133218e-05
2.4189654e-05
2.6580706e-05
3.0408888e-05
3.5915526e-05
4.3457932e-05
5.3560418e-05
6.7032484e-05
8.521273e-05
0.00011049066
0.00014754021
0.00020669322
0.00031522555
0.00056804818
0.001440001
2.3138277e-05
2.4195375e-05
2.658784e-05
3.0418061e-05
3.5927182e-05
4.3472246e-05
5.3577226e-05
6.7051259e-05
8.523262e-05
0.00011051057
0.00014755891
0.00020670952
0.00031523857
0.00056805806
0.0014400177
2.3143563e-05
2.4201303e-05
2.6595141e-05
3.0427335e-05
3.5938853e-05
4.3486469e-05
5.3593826e-05
6.706971e-05
8.5252081e-05
0.00011052997
0.00014757706
0.00020672528
0.00031525114
0.00056806768
0.0014400348
2.3149057e-05
2.4207422e-05
2.6602588e-05
3.0436691e-05
3.5950519e-05
4.3500584e-05
5.3610203e-05
6.7087824e-05
8.5271104e-05
0.00011054885
0.00014759465
0.0002067405
0.00031526324
0.00056807696
0.0014400522
2.3154742e-05
2.4213711e-05
2.6610165e-05
3.0446111e-05
3.5962162e-05
4.3514574e-05
5.3626343e-05
6.710559e-05
8.528968e-05
0.00011056722
0.0001476117
0.00020675519
0.00031527487
0.00056808589
0.0014400697
2.31606e-05
2.4220154e-05
2.6617853e-05
3.0455578e-05
3.5973768e-05
4.3528423e-05
5.3642233e-05
6.7122996e-05
8.5307804e-05
0.00011058506
0.0001476282
0.00020676935
0.00031528608
0.00056809441
0.0014400874
2.3166616e-05
2.4226735e-05
2.6625636e-05
3.0465076e-05
3.5985319e-05
4.3542118e-05
5.365786e-05
6.7140036e-05
8.532547e-05
0.00011060239
0.00014764415
0.00020678299
0.00031529683
0.00056810257
0.0014401051
2.3172773e-05
2.4233438e-05
2.6633499e-05
3.0474589e-05
3.5996802e-05
4.3555646e-05
5.3673214e-05
6.7156701e-05
8.5342676e-05
0.0001106192
0.00014765957
0.00020679613
0.00031530714
0.0005681104
0.0014401227
2.3179058e-05
2.4240249e-05
2.6641427e-05
3.0484104e-05
3.6008204e-05
4.3568995e-05
5.3688287e-05
6.7172985e-05
8.5359419e-05
0.00011063549
0.00014767445
0.00020680876
0.00031531702
0.00056811794
0.0014401404
2.3185455e-05
2.4247152e-05
2.6649406e-05
3.0493606e-05
3.6019511e-05
4.3582155e-05
5.370307e-05
6.7188885e-05
8.53757e-05
0.00011065127
0.00014768882
0.00020682093
0.00031532646
0.00056812524
0.001440158
2.3191951e-05
2.4254135e-05
2.6657422e-05
3.0503084e-05
3.6030714e-05
4.3595117e-05
5.3717557e-05
6.7204397e-05
8.5391519e-05
0.00011066655
0.00014770269
0.00020683264
0.00031533548
0.00056813232
0.0014401756
2.3198533e-05
2.4261184e-05
2.6665464e-05
3.0512525e-05
3.60418e-05
4.3607871e-05
5.3731741e-05
6.7219518e-05
8.5406878e-05
0.00011068132
0.00014771605
0.00020684388
0.00031534412
0.00056813924
0.0014401933
2.3205187e-05
2.4268287e-05
2.6673519e-05
3.0521919e-05
3.6052761e-05
4.3620411e-05
5.3745618e-05
6.7234247e-05
8.5421779e-05
0.00011069561
0.00014772893
0.00020685467
0.00031535239
0.00056814601
0.001440211
2.3211903e-05
2.4275432e-05
2.6681575e-05
3.0531254e-05
3.6063587e-05
4.3632728e-05
5.3759183e-05
6.7248581e-05
8.5436223e-05
0.0001107094
0.00014774133
0.00020686499
0.00031536034
0.00056815267
0.0014402288
2.3218666e-05
2.4282608e-05
2.6689622e-05
3.0540521e-05
3.607427e-05
4.3644815e-05
5.3772431e-05
6.7262522e-05
8.5450216e-05
0.00011072272
0.00014775325
0.00020687485
0.00031536798
0.00056815925
0.0014402467
2.3225467e-05
2.4289802e-05
2.6697648e-05
3.054971e-05
3.60848e-05
4.3656668e-05
5.378536e-05
6.7276067e-05
8.5463757e-05
0.00011073556
0.00014776469
0.00020688427
0.00031537532
0.00056816575
0.0014402648
2.3232294e-05
2.4297004e-05
2.6705645e-05
3.0558811e-05
3.6095172e-05
4.366828e-05
5.3797966e-05
6.7289218e-05
8.5476852e-05
0.00011074793
0.00014777563
0.00020689327
0.00031538237
0.00056817221
0.0014402831
2.3239135e-05
2.4304203e-05
2.67136e-05
3.0567816e-05
3.6105376e-05
4.3679647e-05
5.3810248e-05
6.7301974e-05
8.5489502e-05
0.00011075982
0.00014778608
0.00020690186
0.00031538916
0.00056817861
0.0014403016
2.3245979e-05
2.431139e-05
2.6721506e-05
3.0576716e-05
3.6115407e-05
4.3690762e-05
5.3822202e-05
6.7314337e-05
8.550171e-05
0.00011077122
0.00014779607
0.00020691004
0.00031539567
0.00056818496
0.0014403203
2.3252817e-05
2.4318553e-05
2.6729352e-05
3.0585503e-05
3.6125257e-05
4.3701623e-05
5.3833826e-05
6.7326305e-05
8.5513476e-05
0.00011078214
0.00014780558
0.00020691782
0.00031540192
0.00056819126
0.0014403392
2.3259638e-05
2.4325683e-05
2.673713e-05
3.059417e-05
3.6134921e-05
4.3712224e-05
5.384512e-05
6.7337882e-05
8.552479e-05
0.00011079258
0.00014781463
0.00020692522
0.0003154079
0.00056819751
0.0014403583
2.3266433e-05
2.4332771e-05
2.6744831e-05
3.0602708e-05
3.6144393e-05
4.3722562e-05
5.3856082e-05
6.7349066e-05
8.5535649e-05
0.00011080255
0.00014782324
0.00020693222
0.00031541361
0.00056820367
0.0014403775
2.3273191e-05
2.4339807e-05
2.6752447e-05
3.0611111e-05
3.6153667e-05
4.3732635e-05
5.3866713e-05
6.7359847e-05
8.5546058e-05
0.00011081206
0.0001478314
0.00020693884
0.00031541905
0.00056820975
0.0014403968
2.3279904e-05
2.4346784e-05
2.675997e-05
3.0619372e-05
3.6162739e-05
4.374244e-05
5.3877008e-05
6.7370224e-05
8.5556023e-05
0.00011082111
0.00014783912
0.00020694508
0.00031542421
0.00056821572
0.0014404162
2.3286564e-05
2.4353692e-05
2.6767392e-05
3.0627485e-05
3.6171605e-05
4.3751975e-05
5.388696e-05
6.7380201e-05
8.5565549e-05
0.0001108297
0.00014784641
0.00020695095
0.0003154291
0.00056822157
0.0014404356
2.3293162e-05
2.4360525e-05
2.6774707e-05
3.0635445e-05
3.6180263e-05
4.3761234e-05
5.3896569e-05
6.7389779e-05
8.5574642e-05
0.00011083785
0.00014785327
0.00020695644
0.00031543371
0.00056822727
0.0014404549
2.329969e-05
2.4367274e-05
2.6781908e-05
3.0643248e-05
3.6188705e-05
4.3770213e-05
5.3905835e-05
6.7398964e-05
8.5583307e-05
0.00011084557
0.00014785972
0.00020696158
0.00031543803
0.00056823281
0.0014404741
2.3306142e-05
2.4373933e-05
2.678899e-05
3.0650888e-05
3.6196927e-05
4.377891e-05
5.391476e-05
6.7407758e-05
8.5591551e-05
0.00011085286
0.00014786576
0.00020696635
0.00031544208
0.00056823818
0.0014404932
2.3312511e-05
2.4380497e-05
2.6795947e-05
3.0658358e-05
3.6204926e-05
4.3787323e-05
5.3923345e-05
6.7416167e-05
8.5599381e-05
0.00011085973
0.00014787141
0.00020697077
0.00031544584
0.00056824336
0.001440512
2.3318792e-05
2.4386959e-05
2.6802774e-05
3.0665656e-05
3.6212699e-05
4.3795454e-05
5.3931593e-05
6.7424195e-05
8.5606805e-05
0.00011086619
0.00014787667
0.00020697485
0.00031544933
0.00056824833
0.0014405306
2.3324977e-05
2.4393313e-05
2.6809465e-05
3.0672776e-05
3.6220244e-05
4.3803302e-05
5.3939507e-05
6.7431848e-05
8.561383e-05
0.00011087225
0.00014788155
0.0002069786
0.00031545255
0.00056825311
0.0014405489
2.3331063e-05
2.4399554e-05
2.6816015e-05
3.0679715e-05
3.6227559e-05
4.3810868e-05
5.394709e-05
6.7439133e-05
8.5620466e-05
0.00011087792
0.00014788606
0.00020698203
0.0003154555
0.00056825768
0.0014405669
2.3337044e-05
2.4405678e-05
2.6822421e-05
3.0686472e-05
3.6234644e-05
4.3818154e-05
5.3954347e-05
6.7446055e-05
8.562672e-05
0.00011088321
0.00014789022
0.00020698515
0.0003154582
0.00056826203
0.0014405844
2.3342915e-05
2.441168e-05
2.6828679e-05
3.0693043e-05
3.6241499e-05
4.3825161e-05
5.3961282e-05
6.7452622e-05
8.5632603e-05
0.00011088814
0.00014789404
0.00020698797
0.00031546066
0.00056826619
0.0014406016
2.3348672e-05
2.4417557e-05
2.6834786e-05
3.0699428e-05
3.6248123e-05
4.3831893e-05
5.3967899e-05
6.7458841e-05
8.5638124e-05
0.0001108927
0.00014789753
0.0002069905
0.00031546287
0.00056827014
0.0014406183
2.3354313e-05
2.4423305e-05
2.6840741e-05
3.0705624e-05
3.6254518e-05
4.3838352e-05
5.3974205e-05
6.746472e-05
8.5643292e-05
0.00011089692
0.0001479007
0.00020699276
0.00031546487
0.00056827389
0.0014406346
2.3359833e-05
2.4428921e-05
2.684654e-05
3.0711632e-05
3.6260684e-05
4.3844541e-05
5.3980203e-05
6.7470266e-05
8.5648117e-05
0.00011090081
0.00014790356
0.00020699475
0.00031546665
0.00056827746
0.0014406505
2.336523e-05
2.4434404e-05
2.6852182e-05
3.0717451e-05
3.6266623e-05
4.3850463e-05
5.3985901e-05
6.7475488e-05
8.5652609e-05
0.00011090438
0.00014790613
0.0002069965
0.00031546823
0.00056828085
0.0014406659
2.3370502e-05
2.443975e-05
2.6857666e-05
3.0723081e-05
3.6272337e-05
4.3856123e-05
5.3991304e-05
6.7480392e-05
8.5656777e-05
0.00011090763
0.00014790842
0.00020699801
0.00031546962
0.00056828406
0.001440681
2.3375646e-05
2.4444959e-05
2.6862992e-05
3.0728523e-05
3.6277828e-05
4.3861525e-05
5.3996419e-05
6.7484988e-05
8.5660633e-05
0.00011091058
0.00014791043
0.00020699929
0.00031547084
0.00056828712
0.0014406955
2.3380662e-05
2.445003e-05
2.6868159e-05
3.0733777e-05
3.6283098e-05
4.3866672e-05
5.4001251e-05
6.7489284e-05
8.5664184e-05
0.00011091325
0.00014791219
0.00020700036
0.00031547188
0.00056829002
0.0014407097
2.3385548e-05
2.4454961e-05
2.6873167e-05
3.0738845e-05
3.628815e-05
4.3871571e-05
5.4005807e-05
6.7493288e-05
8.5667441e-05
0.00011091563
0.0001479137
0.00020700122
0.00031547276
0.00056829278
0.0014407234
2.3390303e-05
2.4459752e-05
2.6878015e-05
3.0743729e-05
3.6292988e-05
4.3876224e-05
5.4010094e-05
6.7497008e-05
8.5670414e-05
0.00011091774
0.00014791497
0.00020700189
0.00031547349
0.0005682954
0.0014407367
2.3394927e-05
2.4464402e-05
2.6882706e-05
3.0748429e-05
3.6297613e-05
4.3880637e-05
5.4014118e-05
6.7500452e-05
8.5673112e-05
0.0001109196
0.00014791601
0.00020700237
0.00031547408
0.00056829789
0.0014407497
2.3399418e-05
2.4468912e-05
2.6887239e-05
3.0752947e-05
3.630203e-05
4.3884816e-05
5.4017885e-05
6.7503629e-05
8.5675544e-05
0.0001109212
0.00014791684
0.00020700268
0.00031547454
0.00056830025
0.0014407622
2.3403778e-05
2.4473282e-05
2.6891615e-05
3.0757287e-05
3.6306242e-05
4.3888764e-05
5.4021404e-05
6.7506546e-05
8.567772e-05
0.00011092257
0.00014791745
0.00020700281
0.00031547486
0.00056830249
0.0014407743
2.3408005e-05
2.4477513e-05
2.6895836e-05
3.0761449e-05
3.6310253e-05
4.3892489e-05
5.402468e-05
6.7509212e-05
8.5679648e-05
0.00011092371
0.00014791787
0.00020700279
0.00031547507
0.00056830461
0.0014407861
2.3412101e-05
2.4481604e-05
2.6899902e-05
3.0765437e-05
3.6314066e-05
4.3895993e-05
5.4027721e-05
6.7511636e-05
8.5681338e-05
0.00011092462
0.0001479181
0.00020700261
0.00031547515
0.00056830662
0.0014407975
2.3416065e-05
2.4485556e-05
2.6903816e-05
3.0769253e-05
3.6317686e-05
4.3899285e-05
5.4030532e-05
6.7513824e-05
8.5682799e-05
0.00011092533
0.00014791814
0.00020700229
0.00031547513
0.00056830852
0.0014408085
2.3419899e-05
2.4489372e-05
2.690758e-05
3.0772901e-05
3.6321117e-05
4.3902368e-05
5.4033122e-05
6.7515786e-05
8.5684039e-05
0.00011092583
0.00014791801
0.00020700184
0.000315475
0.00056831031
0.0014408191
2.3423602e-05
2.4493051e-05
2.6911194e-05
3.0776381e-05
3.6324362e-05
4.3905248e-05
5.4035498e-05
6.751753e-05
8.5685068e-05
0.00011092614
0.00014791772
0.00020700125
0.00031547477
0.000568312
0.0014408294
2.3427176e-05
2.4496595e-05
2.6914661e-05
3.0779699e-05
3.6327427e-05
4.3907931e-05
5.4037665e-05
6.7519063e-05
8.5685894e-05
0.00011092626
0.00014791727
0.00020700054
0.00031547445
0.0005683136
0.0014408394
2.3430621e-05
2.4500005e-05
2.6917983e-05
3.0782857e-05
3.6330315e-05
4.3910424e-05
5.4039631e-05
6.7520393e-05
8.5686525e-05
0.00011092621
0.00014791667
0.00020699971
0.00031547404
0.0005683151
0.001440849
2.3433939e-05
2.4503282e-05
2.6921162e-05
3.0785857e-05
3.633303e-05
4.391273e-05
5.4041404e-05
6.752153e-05
8.5686972e-05
0.00011092599
0.00014791594
0.00020699878
0.00031547355
0.00056831651
0.0014408583
2.3437131e-05
2.4506428e-05
2.69242e-05
3.0788703e-05
3.6335577e-05
4.3914856e-05
5.404299e-05
6.7522479e-05
8.5687241e-05
0.00011092562
0.00014791507
0.00020699774
0.00031547298
0.00056831784
0.0014408673
2.3440197e-05
2.4509445e-05
2.69271e-05
3.0791399e-05
3.6337961e-05
4.3916808e-05
5.4044395e-05
6.752325e-05
8.5687342e-05
0.00011092509
0.00014791407
0.00020699661
0.00031547234
0.00056831909
0.001440876
2.3443138e-05
2.4512334e-05
2.6929863e-05
3.0793947e-05
3.6340186e-05
4.3918591e-05
5.4045627e-05
6.752385e-05
8.5687282e-05
0.00011092442
0.00014791296
0.00020699538
0.00031547163
0.00056832026
0.0014408844
2.3445957e-05
2.4515096e-05
2.6932492e-05
3.0796351e-05
3.6342255e-05
4.3920211e-05
5.4046692e-05
6.7524286e-05
8.5687069e-05
0.00011092362
0.00014791174
0.00020699408
0.00031547086
0.00056832136
0.0014408926
2.3448654e-05
2.4517733e-05
2.6934989e-05
3.0798613e-05
3.6344174e-05
4.3921673e-05
5.4047596e-05
6.7524566e-05
8.5686712e-05
0.00011092269
0.00014791042
0.0002069927
0.00031547003
0.0005683224
0.0014409004
2.3451231e-05
2.4520247e-05
2.6937356e-05
3.0800737e-05
3.6345946e-05
4.3922983e-05
5.4048347e-05
6.7524696e-05
8.5686217e-05
0.00011092165
0.000147909
0.00020699124
0.00031546915
0.00056832337
0.001440908
2.3453689e-05
2.4522639e-05
2.6939596e-05
3.0802726e-05
3.6347576e-05
4.3924145e-05
5.4048949e-05
6.7524685e-05
8.5685592e-05
0.00011092049
0.00014790749
0.00020698972
0.00031546821
0.00056832427
0.0014409154
2.3456029e-05
2.4524912e-05
2.694171e-05
3.0804584e-05
3.6349068e-05
4.3925164e-05
5.404941e-05
6.7524537e-05
8.5684845e-05
0.00011091922
0.0001479059
0.00020698813
0.00031546722
0.0005683251
0.0014409225
2.3458254e-05
2.4527066e-05
2.6943703e-05
3.0806313e-05
3.6350426e-05
4.3926047e-05
5.4049735e-05
6.7524261e-05
8.5683981e-05
0.00011091786
0.00014790423
0.00020698649
0.00031546618
0.00056832587
0.0014409293
2.3460364e-05
2.4529105e-05
2.6945574e-05
3.0807916e-05
3.6351653e-05
4.3926798e-05
5.404993e-05
6.7523862e-05
8.5683008e-05
0.00011091641
0.00014790249
0.00020698479
0.00031546509
0.00056832658
0.0014409359
2.3462362e-05
2.4531029e-05
2.6947328e-05
3.0809398e-05
3.6352755e-05
4.3927421e-05
5.405e-05
6.7523347e-05
8.5681931e-05
0.00011091487
0.00014790068
0.00020698304
0.00031546396
0.00056832721
0.0014409422
2.3464249e-05
2.4532841e-05
2.6948967e-05
3.0810759e-05
3.6353734e-05
4.3927921e-05
5.4049952e-05
6.7522721e-05
8.5680757e-05
0.00011091325
0.00014789881
0.00020698124
0.00031546278
0.00056832777
0.0014409483
2.3466028e-05
2.4534544e-05
2.6950493e-05
3.0812005e-05
3.6354595e-05
4.3928304e-05
5.4049789e-05
6.752199e-05
8.5679492e-05
0.00011091156
0.00014789688
0.00020697939
0.00031546156
0.00056832824
0.001440954
2.3467701e-05
2.4536138e-05
2.6951909e-05
3.0813139e-05
3.6355342e-05
4.3928574e-05
5.4049519e-05
6.7521161e-05
8.5678142e-05
0.00011090979
0.0001478949
0.00020697751
0.00031546029
0.00056832864
0.0014409595
2.346927e-05
2.4537628e-05
2.6953218e-05
3.0814163e-05
3.6355979e-05
4.3928735e-05
5.4049145e-05
6.7520238e-05
8.5676712e-05
0.00011090797
0.00014789287
0.00020697559
0.00031545898
0.00056832895
0.0014409647
2.3470737e-05
2.4539015e-05
2.6954422e-05
3.0815081e-05
3.635651e-05
4.3928792e-05
5.4048674e-05
6.7519227e-05
8.5675208e-05
0.00011090608
0.0001478908
0.00020697363
0.00031545763
0.00056832918
0.0014409695
2.3472105e-05
2.4540302e-05
2.6955525e-05
3.0815896e-05
3.6356938e-05
4.392875e-05
5.4048109e-05
6.7518134e-05
8.5673636e-05
0.00011090415
0.00014788869
0.00020697165
0.00031545624
0.00056832931
0.001440974
2.3473377e-05
2.4541493e-05
2.695653e-05
3.0816613e-05
3.6357269e-05
4.3928613e-05
5.4047457e-05
6.7516964e-05
8.5672001e-05
0.00011090216
0.00014788655
0.00020696964
0.00031545481
0.00056832935
0.0014409782
2.3474556e-05
2.4542589e-05
2.6957439e-05
3.0817234e-05
3.6357505e-05
4.3928387e-05
5.4046723e-05
6.7515722e-05
8.5670308e-05
0.00011090014
0.00014788438
0.0002069676
0.00031545335
0.00056832931
0.001440982
2.3475644e-05
2.4543594e-05
2.6958257e-05
3.0817764e-05
3.6357652e-05
4.3928075e-05
5.404591e-05
6.7514413e-05
8.5668562e-05
0.00011089808
0.00014788219
0.00020696556
0.00031545186
0.00056832918
0.0014409855
2.3476645e-05
2.454451e-05
2.6958986e-05
3.0818205e-05
3.6357713e-05
4.3927682e-05
5.4045025e-05
6.7513044e-05
8.566677e-05
0.00011089598
0.00014787998
0.0002069635
0.00031545035
0.00056832897
0.0014409887
2.3477561e-05
2.4545342e-05
2.6959631e-05
3.0818563e-05
3.6357692e-05
4.3927213e-05
5.4044073e-05
6.7511618e-05
8.5664936e-05
0.00011089386
0.00014787776
0.00020696143
0.00031544882
0.00056832868
0.0014409915
2.3478396e-05
2.4546093e-05
2.6960193e-05
3.081884e-05
3.6357594e-05
4.3926673e-05
5.4043057e-05
6.7510142e-05
8.5663065e-05
0.00011089172
0.00014787552
0.00020695936
0.00031544728
0.00056832833
0.001440994
2.3479153e-05
2.4546764e-05
2.6960678e-05
3.081904e-05
3.6357424e-05
4.3926066e-05
5.4041984e-05
6.7508619e-05
8.5661162e-05
0.00011088956
0.00014787329
0.0002069573
0.00031544574
0.00056832791
0.0014409962
2.3479835e-05
2.4547361e-05
2.6961088e-05
3.0819168e-05
3.6357184e-05
4.3925396e-05
5.4040858e-05
6.7507056e-05
8.5659233e-05
0.00011088739
0.00014787106
0.00020695525
0.00031544419
0.00056832745
0.0014409981
2.3480444e-05
2.4547885e-05
2.6961426e-05
3.0819226e-05
3.6356879e-05
4.3924668e-05
5.4039683e-05
6.7505456e-05
8.5657281e-05
0.00011088521
0.00014786883
0.0002069532
0.00031544266
0.00056832694
0.0014409997
2.3480985e-05
2.4548341e-05
2.6961697e-05
3.0819219e-05
3.6356513e-05
4.3923886e-05
5.4038464e-05
6.7503825e-05
8.5655312e-05
0.00011088303
0.00014786661
0.00020695118
0.00031544113
0.0005683264
0.0014410011
2.3481459e-05
2.454873e-05
2.6961903e-05
3.0819151e-05
3.635609e-05
4.3923055e-05
5.4037205e-05
6.7502166e-05
8.5653329e-05
0.00011088085
0.00014786441
0.00020694918
0.00031543962
0.00056832584
0.0014410023
2.348187e-05
2.4549057e-05
2.6962048e-05
3.0819023e-05
3.6355614e-05
4.3922177e-05
5.4035911e-05
6.7500484e-05
8.5651338e-05
0.00011087867
0.00014786222
0.0002069472
0.00031543813
0.00056832527
0.0014410033
2.348222e-05
2.4549323e-05
2.6962134e-05
3.0818841e-05
3.6355089e-05
4.3921258e-05
5.4034586e-05
6.7498783e-05
8.5649341e-05
0.00011087651
0.00014786006
0.00020694525
0.00031543667
0.00056832469
0.0014410041
2.3482512e-05
2.4549533e-05
2.6962165e-05
3.0818607e-05
3.6354517e-05
4.3920301e-05
5.4033232e-05
6.7497067e-05
8.5647342e-05
0.00011087435
0.00014785792
0.00020694333
0.00031543524
0.00056832411
0.0014410048
2.3482748e-05
2.4549687e-05
2.6962143e-05
3.0818325e-05
3.6353903e-05
4.391931e-05
5.4031855e-05
6.749534e-05
8.5645345e-05
0.00011087221
0.0001478558
0.00020694145
0.00031543384
0.00056832354
0.0014410053
2.3482932e-05
2.454979e-05
2.6962072e-05
3.0817996e-05
3.6353249e-05
4.3918287e-05
5.4030458e-05
6.7493604e-05
8.5643353e-05
0.00011087009
0.00014785371
0.0002069396
0.00031543247
0.00056832297
0.0014410058
2.3483064e-05
2.4549842e-05
2.6961953e-05
3.0817625e-05
3.6352558e-05
4.3917237e-05
5.4029043e-05
6.7491862e-05
8.5641368e-05
0.00011086798
0.00014785165
0.00020693778
0.00031543113
0.00056832242
0.0014410061
2.3483148e-05
2.4549848e-05
2.696179e-05
3.0817213e-05
3.6351833e-05
4.3916161e-05
5.4027613e-05
6.7490119e-05
8.5639393e-05
0.0001108659
0.00014784962
0.000206936
0.00031542982
0.00056832188
0.0014410064
2.3483184e-05
2.4549807e-05
2.6961584e-05
3.0816764e-05
3.6351078e-05
4.3915063e-05
5.4026172e-05
6.7488376e-05
8.5637431e-05
0.00011086384
0.00014784762
0.00020693425
0.00031542855
0.00056832135
0.0014410067
2.3483176e-05
2.4549724e-05
2.6961338e-05
3.0816279e-05
3.6350294e-05
4.3913946e-05
5.4024723e-05
6.7486636e-05
8.5635483e-05
0.00011086181
0.00014784566
0.00020693254
0.0003154273
0.00056832084
0.0014410068
2.3483126e-05
2.4549599e-05
2.6961054e-05
3.0815761e-05
3.6349484e-05
4.3912811e-05
5.4023267e-05
6.7484901e-05
8.5633551e-05
0.0001108598
0.00014784372
0.00020693086
0.00031542609
0.00056832033
0.001441007
2.3483034e-05
2.4549435e-05
2.6960734e-05
3.0815213e-05
3.6348651e-05
4.3911662e-05
5.4021806e-05
6.7483173e-05
8.5631638e-05
0.00011085782
0.00014784182
0.00020692921
0.00031542489
0.00056831983
0.001441007
2.3482903e-05
2.4549234e-05
2.696038e-05
3.0814635e-05
3.6347795e-05
4.3910501e-05
5.4020344e-05
6.7481454e-05
8.5629745e-05
0.00011085587
0.00014783996
0.0002069276
0.00031542372
0.00056831933
0.001441007
2.3482735e-05
2.4548997e-05
2.6959994e-05
3.0814031e-05
3.634692e-05
4.3909329e-05
5.4018882e-05
6.7479747e-05
8.5627873e-05
0.00011085394
0.00014783812
0.00020692602
0.00031542258
0.00056831882
0.001441007
2.3482531e-05
2.4548726e-05
2.6959577e-05
3.0813402e-05
3.6346028e-05
4.3908148e-05
5.4017422e-05
6.7478052e-05
8.5626024e-05
0.00011085205
0.00014783632
0.00020692447
0.00031542145
0.00056831831
0.0014410068
2.3482293e-05
2.4548422e-05
2.6959132e-05
3.0812749e-05
3.634512e-05
4.3906962e-05
5.4015966e-05
6.7476372e-05
8.56242e-05
0.00011085019
0.00014783456
0.00020692295
0.00031542034
0.00056831779
0.0014410066
2.3482023e-05
2.4548089e-05
2.695866e-05
3.0812076e-05
3.6344199e-05
4.390577e-05
5.4014516e-05
6.7474708e-05
8.56224e-05
0.00011084836
0.00014783283
0.00020692146
0.00031541924
0.00056831726
0.0014410063
2.3481722e-05
2.4547726e-05
2.6958162e-05
3.0811383e-05
3.6343265e-05
4.3904576e-05
5.4013072e-05
6.7473061e-05
8.5620628e-05
0.00011084657
0.00014783113
0.00020692
0.00031541816
0.0005683167
0.0014410059
2.3481393e-05
2.4547336e-05
2.6957642e-05
3.0810672e-05
3.6342321e-05
4.3903381e-05
5.4011638e-05
6.7471433e-05
8.5618883e-05
0.00011084481
0.00014782948
0.00020691857
0.0003154171
0.00056831613
0.0014410054
2.3481036e-05
2.4546921e-05
2.69571e-05
3.0809945e-05
3.6341369e-05
4.3902186e-05
5.4010214e-05
6.7469826e-05
8.5617167e-05
0.00011084308
0.00014782785
0.00020691717
0.00031541605
0.00056831554
0.0014410049
2.3480655e-05
2.4546482e-05
2.6956537e-05
3.0809204e-05
3.634041e-05
4.3900994e-05
5.4008803e-05
6.746824e-05
8.5615481e-05
0.00011084139
0.00014782627
0.00020691581
0.00031541501
0.00056831493
0.0014410042
2.3480249e-05
2.4546022e-05
2.6955957e-05
3.0808451e-05
3.6339445e-05
4.3899805e-05
5.4007404e-05
6.7466678e-05
8.5613826e-05
0.00011083974
0.00014782472
0.00020691447
0.00031541399
0.0005683143
0.0014410034
2.3479822e-05
2.4545541e-05
2.695536e-05
3.0807686e-05
3.6338478e-05
4.3898621e-05
5.4006021e-05
6.7465139e-05
8.5612204e-05
0.00011083812
0.00014782321
0.00020691317
0.00031541299
0.00056831365
0.0014410024
2.3479375e-05
2.4545042e-05
2.6954748e-05
3.0806912e-05
3.6337508e-05
4.3897445e-05
5.4004653e-05
6.7463626e-05
8.5610614e-05
0.00011083654
0.00014782174
0.00020691191
0.00031541201
0.00056831299
0.0014410014
2.347891e-05
2.4544526e-05
2.6954123e-05
3.0806131e-05
3.6336538e-05
4.3896276e-05
5.4003304e-05
6.7462139e-05
8.5609059e-05
0.000110835
0.00014782031
0.00020691067
0.00031541104
0.0005683123
0.0014410003
2.3478428e-05
2.4543995e-05
2.6953486e-05
3.0805343e-05
3.633557e-05
4.3895118e-05
5.4001973e-05
6.746068e-05
8.5607539e-05
0.00011083351
0.00014781893
0.00020690948
0.0003154101
0.00056831159
0.001440999
2.3477931e-05
2.454345e-05
2.695284e-05
3.0804551e-05
3.6334604e-05
4.389397e-05
5.4000662e-05
6.7459249e-05
8.5606054e-05
0.00011083205
0.00014781758
0.00020690832
0.00031540917
0.00056831088
0.0014409977
2.3477422e-05
2.4542894e-05
2.6952185e-05
3.0803757e-05
3.6333642e-05
4.3892835e-05
5.3999372e-05
6.7457848e-05
8.5604606e-05
0.00011083063
0.00014781627
0.0002069072
0.00031540828
0.00056831014
0.0014409963
2.34769e-05
2.4542328e-05
2.6951524e-05
3.0802961e-05
3.6332686e-05
4.3891714e-05
5.3998104e-05
6.7456477e-05
8.5603196e-05
0.00011082926
0.00014781501
0.00020690612
0.00031540741
0.00056830939
0.0014409948
2.3476369e-05
2.4541753e-05
2.6950858e-05
3.0802165e-05
3.6331737e-05
4.3890608e-05
5.399686e-05
6.7455138e-05
8.5601823e-05
0.00011082792
0.0001478138
0.00020690508
0.00031540656
0.00056830863
0.0014409932
2.3475829e-05
2.4541171e-05
2.6950187e-05
3.080137e-05
3.6330796e-05
4.3889517e-05
5.399564e-05
6.7453831e-05
8.5600489e-05
0.00011082663
0.00014781262
0.00020690408
0.00031540574
0.00056830787
0.0014409915
2.3475282e-05
2.4540584e-05
2.6949515e-05
3.0800579e-05
3.6329864e-05
4.3888444e-05
5.3994446e-05
6.7452556e-05
8.5599193e-05
0.00011082539
0.00014781149
0.00020690312
0.00031540494
0.00056830712
0.0014409899
2.3474729e-05
2.4539992e-05
2.6948842e-05
3.0799791e-05
3.6328943e-05
4.3887389e-05
5.3993277e-05
6.7451315e-05
8.5597937e-05
0.00011082418
0.00014781041
0.0002069022
0.00031540417
0.00056830639
0.0014409881
2.3474172e-05
2.4539397e-05
2.6948169e-05
3.0799009e-05
3.6328034e-05
4.3886353e-05
5.3992135e-05
6.7450107e-05
8.559672e-05
0.00011082302
0.00014780937
0.00020690131
0.00031540344
0.00056830568
0.0014409864
2.3473611e-05
2.4538801e-05
2.6947497e-05
3.0798233e-05
3.6327137e-05
4.3885337e-05
5.399102e-05
6.7448933e-05
8.5595543e-05
0.0001108219
0.00014780837
0.00020690047
0.00031540274
0.00056830499
0.0014409846
2.3473049e-05
2.4538203e-05
2.6946828e-05
3.0797464e-05
3.6326254e-05
4.3884341e-05
5.3989932e-05
6.7447794e-05
8.5594406e-05
0.00011082083
0.00014780741
0.00020689966
0.00031540207
0.00056830433
0.0014409829
2.3472485e-05
2.4537606e-05
2.6946162e-05
3.0796704e-05
3.6325385e-05
4.3883366e-05
5.3988873e-05
6.7446689e-05
8.5593308e-05
0.0001108198
0.00014780649
0.00020689889
0.00031540144
0.0005683037
0.0014409812
2.3471921e-05
2.4537011e-05
2.6945501e-05
3.0795953e-05
3.6324531e-05
4.3882413e-05
5.3987842e-05
6.7445619e-05
8.5592249e-05
0.00011081881
0.00014780562
0.00020689816
0.00031540085
0.0005683031
0.0014409795
2.3471358e-05
2.4536417e-05
2.6944845e-05
3.0795211e-05
3.6323693e-05
4.3881482e-05
5.398684e-05
6.7444583e-05
8.5591229e-05
0.00011081786
0.00014780478
0.00020689747
0.00031540029
0.00056830254
0.0014409778
2.3470796e-05
2.4535826e-05
2.6944195e-05
3.079448e-05
3.6322871e-05
4.3880574e-05
5.3985867e-05
6.7443582e-05
8.5590248e-05
0.00011081694
0.00014780398
0.00020689681
0.00031539976
0.000568302
0.0014409762
2.3470236e-05
2.4535239e-05
2.6943552e-05
3.079376e-05
3.6322065e-05
4.3879688e-05
5.3984922e-05
6.7442615e-05
8.5589305e-05
0.00011081607
0.00014780322
0.00020689619
0.00031539927
0.00056830149
0.0014409746
2.3469679e-05
2.4534657e-05
2.6942916e-05
3.0793052e-05
3.6321277e-05
4.3878825e-05
5.3984007e-05
6.7441682e-05
8.5588398e-05
0.00011081524
0.0001478025
0.00020689561
0.0003153988
0.00056830101
0.001440973
2.3469126e-05
2.4534079e-05
2.6942288e-05
3.0792356e-05
3.6320506e-05
4.3877985e-05
5.398312e-05
6.7440783e-05
8.5587528e-05
0.00011081444
0.00014780181
0.00020689505
0.00031539836
0.00056830055
0.0014409715
2.3468576e-05
2.4533506e-05
2.6941668e-05
3.0791672e-05
3.6319752e-05
4.3877169e-05
5.3982262e-05
6.7439918e-05
8.5586693e-05
0.00011081367
0.00014780116
0.00020689453
0.00031539795
0.00056830011
0.00144097
2.3468032e-05
2.453294e-05
2.6941057e-05
3.0791001e-05
3.6319016e-05
4.3876376e-05
5.3981433e-05
6.7439084e-05
8.5585893e-05
0.00011081295
0.00014780054
0.00020689403
0.00031539756
0.00056829969
0.0014409686
2.3467492e-05
2.453238e-05
2.6940455e-05
3.0790344e-05
3.6318298e-05
4.3875606e-05
5.3980633e-05
6.7438282e-05
8.5585127e-05
0.00011081226
0.00014779995
0.00020689356
0.00031539719
0.00056829928
0.0014409672
2.3466958e-05
2.4531827e-05
2.6939863e-05
3.0789699e-05
3.6317599e-05
4.387486e-05
5.397986e-05
6.7437512e-05
8.5584395e-05
0.0001108116
0.0001477994
0.00020689312
0.00031539683
0.00056829889
0.0014409658
2.3466429e-05
2.4531281e-05
2.6939281e-05
3.0789069e-05
3.6316918e-05
4.3874137e-05
5.3979114e-05
6.7436772e-05
8.5583695e-05
0.00011081097
0.00014779887
0.00020689271
0.0003153965
0.0005682985
0.0014409644
2.3465907e-05
2.4530742e-05
2.6938708e-05
3.0788452e-05
3.6316255e-05
4.3873437e-05
5.3978395e-05
6.7436062e-05
8.5583027e-05
0.00011081038
0.00014779837
0.00020689231
0.00031539618
0.00056829812
0.001440963
2.3465392e-05
2.4530212e-05
2.6938146e-05
3.0787849e-05
3.631561e-05
4.3872758e-05
5.3977702e-05
6.7435381e-05
8.5582388e-05
0.00011080981
0.0001477979
0.00020689194
0.00031539587
0.00056829774
0.0014409617
2.3464887e-05
2.4529693e-05
2.6937599e-05
3.0787264e-05
3.6314986e-05
4.3872105e-05
5.3977036e-05
6.7434728e-05
8.5581777e-05
0.00011080927
0.00014779745
0.00020689157
0.00031539556
0.00056829737
0.0014409604
)
;

boundaryField
{
    water_inlet
    {
        type            turbulentMixingLengthDissipationRateInlet;
        mixingLength    0.005;
        phi             phi;
        k               k;
        value           uniform 0.00011791765;
    }
    water_outlet
    {
        type            inletOutlet;
        inletValue      uniform 0.0001;
        value           nonuniform List<scalar> 
15
(
2.3464887e-05
2.4529693e-05
2.6937599e-05
3.0787264e-05
3.6314986e-05
4.3872105e-05
5.3977036e-05
6.7434728e-05
8.5581777e-05
0.00011080927
0.00014779745
0.00020689157
0.00031539556
0.00056829737
0.0014409604
)
;
    }
    water_wedge1
    {
        type            wedge;
    }
    water_wedge2
    {
        type            wedge;
    }
    water_to_rock
    {
        type            epsilonWallFunction;
        blending        stepwise;
        value           nonuniform List<scalar> 
400
(
0.00073980483
0.0010520452
0.0013270628
0.0015411415
0.0016895689
0.0017792142
0.0018218943
0.0018300463
0.0018145574
0.0017840405
0.001744886
0.0017016307
0.00165739
0.0016142425
0.0015735325
0.0015360911
0.0015023901
0.0014726449
0.0014468811
0.00142498
0.0014067117
0.0013917631
0.0013797649
0.0013703185
0.0013630208
0.0013574861
0.001353362
0.0013503406
0.0013481619
0.0013466143
0.00134553
0.0013447796
0.0013442658
0.0013439174
0.0013436835
0.0013435288
0.0013434302
0.001343373
0.0013433493
0.0013433553
0.0013433902
0.0013434553
0.0013435527
0.0013436849
0.0013438547
0.0013440645
0.0013443165
0.0013446125
0.0013449537
0.001345341
0.0013457749
0.0013462556
0.0013467828
0.001347356
0.0013479746
0.0013486378
0.0013493444
0.0013500934
0.0013508836
0.0013517137
0.0013525823
0.0013534882
0.0013544295
0.0013554045
0.001356411
0.001357447
0.0013585105
0.0013595997
0.0013607134
0.0013618503
0.0013630097
0.0013641909
0.0013653934
0.0013666164
0.001367859
0.0013691204
0.0013703998
0.0013716964
0.0013730095
0.0013743381
0.0013756814
0.0013770387
0.0013784091
0.0013797918
0.0013811859
0.0013825907
0.0013840054
0.0013854292
0.0013868613
0.001388301
0.0013897473
0.0013911997
0.0013926572
0.0013941192
0.0013955849
0.0013970535
0.0013985243
0.0013999964
0.0014014692
0.0014029417
0.0014044133
0.001405883
0.0014073501
0.0014088137
0.0014102728
0.0014117266
0.0014131741
0.0014146144
0.0014160462
0.0014174686
0.0014188805
0.0014202806
0.0014216676
0.0014230404
0.0014243975
0.0014257377
0.0014270594
0.0014283612
0.0014296416
0.0014308991
0.0014321323
0.0014333396
0.0014345195
0.0014356706
0.0014367915
0.0014378807
0.001438937
0.0014399591
0.001440946
0.0014418966
0.0014428099
0.0014436853
0.0014445219
0.0014453192
0.0014460768
0.0014467945
0.0014474721
0.0014481095
0.0014487069
0.0014492644
0.0014497825
0.0014502617
0.0014507025
0.0014511055
0.0014514716
0.0014518016
0.0014520964
0.0014523571
0.0014525847
0.0014527802
0.0014529449
0.0014530799
0.0014531865
0.0014532657
0.001453319
0.0014533474
0.0014533524
0.001453335
0.0014532965
0.0014532381
0.0014531611
0.0014530665
0.0014529556
0.0014528294
0.0014526891
0.0014525356
0.0014523701
0.0014521935
0.0014520067
0.0014518107
0.0014516061
0.0014513937
0.001451174
0.0014509477
0.0014507156
0.0014504784
0.0014502368
0.0014499917
0.0014497436
0.0014494932
0.0014492412
0.0014489881
0.0014487344
0.0014484807
0.0014482275
0.0014479751
0.0014477241
0.0014474747
0.0014472273
0.0014469824
0.0014467401
0.0014465007
0.0014462646
0.0014460319
0.0014458028
0.0014455775
0.0014453562
0.0014451389
0.0014449259
0.0014447173
0.001444513
0.0014443134
0.0014441183
0.0014439279
0.0014437423
0.0014435615
0.0014433856
0.0014432146
0.0014430486
0.0014428876
0.0014427316
0.0014425805
0.0014424345
0.0014422934
0.0014421573
0.001442026
0.0014418995
0.0014417777
0.0014416605
0.0014415478
0.0014414396
0.0014413357
0.001441236
0.0014411405
0.0014410491
0.0014409617
0.0014408783
0.0014407988
0.0014407233
0.0014406516
0.0014405839
0.0014405199
0.0014404598
0.0014404035
0.0014403509
0.0014403019
0.0014402565
0.0014402145
0.0014401759
0.0014401404
0.0014401079
0.0014400783
0.0014400514
0.001440027
0.0014400049
0.001439985
0.0014399671
0.0014399512
0.0014399371
0.0014399248
0.0014399141
0.0014399051
0.0014398978
0.0014398922
0.0014398883
0.0014398861
0.0014398856
0.0014398868
0.0014398898
0.0014398945
0.0014399009
0.0014399088
0.0014399184
0.0014399294
0.0014399416
0.0014399551
0.0014399696
0.001439985
0.001440001
0.0014400177
0.0014400348
0.0014400522
0.0014400697
0.0014400874
0.0014401051
0.0014401227
0.0014401404
0.001440158
0.0014401756
0.0014401933
0.001440211
0.0014402288
0.0014402467
0.0014402648
0.0014402831
0.0014403016
0.0014403203
0.0014403392
0.0014403583
0.0014403775
0.0014403968
0.0014404162
0.0014404356
0.0014404549
0.0014404741
0.0014404932
0.001440512
0.0014405306
0.0014405489
0.0014405669
0.0014405844
0.0014406016
0.0014406183
0.0014406346
0.0014406505
0.0014406659
0.001440681
0.0014406955
0.0014407097
0.0014407234
0.0014407367
0.0014407497
0.0014407622
0.0014407743
0.0014407861
0.0014407975
0.0014408085
0.0014408191
0.0014408294
0.0014408394
0.001440849
0.0014408583
0.0014408673
0.001440876
0.0014408844
0.0014408926
0.0014409004
0.001440908
0.0014409154
0.0014409225
0.0014409293
0.0014409359
0.0014409422
0.0014409483
0.001440954
0.0014409595
0.0014409647
0.0014409695
0.001440974
0.0014409782
0.001440982
0.0014409855
0.0014409887
0.0014409915
0.001440994
0.0014409962
0.0014409981
0.0014409997
0.0014410011
0.0014410023
0.0014410033
0.0014410041
0.0014410048
0.0014410053
0.0014410058
0.0014410061
0.0014410064
0.0014410067
0.0014410068
0.001441007
0.001441007
0.001441007
0.001441007
0.0014410068
0.0014410066
0.0014410063
0.0014410059
0.0014410054
0.0014410049
0.0014410042
0.0014410034
0.0014410024
0.0014410014
0.0014410003
0.001440999
0.0014409977
0.0014409963
0.0014409948
0.0014409932
0.0014409915
0.0014409899
0.0014409881
0.0014409864
0.0014409846
0.0014409829
0.0014409812
0.0014409795
0.0014409778
0.0014409762
0.0014409746
0.001440973
0.0014409715
0.00144097
0.0014409686
0.0014409672
0.0014409658
0.0014409644
0.001440963
0.0014409617
0.0014409604
)
;
    }
}


// ************************************************************************* //
