/*--------------------------------*- C++ -*----------------------------------*\
| =========                 |                                                 |
| \\      /  F ield         | OpenFOAM: The Open Source CFD Toolbox           |
|  \\    /   O peration     | Version:  2506                                  |
|   \\  /    A nd           | Website:  www.openfoam.com                      |
|    \\/     M anipulation  |                                                 |
\*---------------------------------------------------------------------------*/
FoamFile
{
    version     2.0;
    format      ascii;
    arch        "LSB;label=32;scalar=64";
    class       volScalarField;
    location    "26000/water";
    object      epsilon;
}
// * * * * * * * * * * * * * * * * * * * * * * * * * * * * * * * * * * * * * //

dimensions      [0 2 -3 0 0 0 0];

internalField   nonuniform List<scalar> 
6000
(
0.00010005327
0.00010005311
0.00010005314
0.00010005327
0.00010005342
0.00010005363
0.0001000539
0.00010005427
0.00010005511
0.00010005982
0.00010010144
0.00010049509
0.00010424183
0.00014354191
0.00073980483
8.5785229e-05
8.5785556e-05
8.5786111e-05
8.5786982e-05
8.5788138e-05
8.5789633e-05
8.5791527e-05
8.5794043e-05
8.5798789e-05
8.581901e-05
8.5962524e-05
8.7071869e-05
9.5619929e-05
0.00016974081
0.0010520452
7.4267219e-05
7.4268013e-05
7.426896e-05
7.4270365e-05
7.4272213e-05
7.4274585e-05
7.4277581e-05
7.4281747e-05
7.4291154e-05
7.4336305e-05
7.4633748e-05
7.6634978e-05
9.0041817e-05
0.00019500629
0.0013270628
6.4852864e-05
6.485355e-05
6.4854661e-05
6.4856389e-05
6.4858676e-05
6.4861616e-05
6.4865387e-05
6.4871112e-05
6.4886838e-05
6.4967364e-05
6.5458677e-05
6.84101e-05
8.6285088e-05
0.00021715658
0.0015411415
5.7072087e-05
5.7072704e-05
5.7073918e-05
5.7075861e-05
5.7078448e-05
5.7081784e-05
5.7086167e-05
5.7093598e-05
5.7117581e-05
5.7242267e-05
5.7947685e-05
6.180797e-05
8.3505097e-05
0.0002348614
0.0016895689
5.0576692e-05
5.0577312e-05
5.0578592e-05
5.0580667e-05
5.0583434e-05
5.0587016e-05
5.0591882e-05
5.0601216e-05
5.0635234e-05
5.0810032e-05
5.1732149e-05
5.6406881e-05
8.1259069e-05
0.00024828861
0.0017792142
4.5104569e-05
4.5105188e-05
4.5106499e-05
4.5108638e-05
4.5111496e-05
4.5115213e-05
4.5120483e-05
4.5131961e-05
4.5177479e-05
4.5405527e-05
4.6535255e-05
5.1917397e-05
7.9376731e-05
0.00025838324
0.0018218943
4.0455895e-05
4.0456503e-05
4.045782e-05
4.0459977e-05
4.0462859e-05
4.0466628e-05
4.0472257e-05
4.0486117e-05
4.0544208e-05
4.0826355e-05
4.2148994e-05
4.8144563e-05
7.7837439e-05
0.00026629433
0.0018300463
3.6476506e-05
3.6477102e-05
3.6478406e-05
3.6480546e-05
3.6483399e-05
3.6487156e-05
3.6493116e-05
3.6509564e-05
3.6580944e-05
3.6916576e-05
3.8416896e-05
4.4958845e-05
7.6693461e-05
0.00027309124
0.0018145574
3.304611e-05
3.3046691e-05
3.304797e-05
3.3050065e-05
3.3052847e-05
3.3056537e-05
3.3062809e-05
3.3082024e-05
3.3167159e-05
3.3555102e-05
3.5220975e-05
4.2274823e-05
7.6025068e-05
0.00027965054
0.0017840405
3.0069857e-05
3.007042e-05
3.0071664e-05
3.0073692e-05
3.0076366e-05
3.0079941e-05
3.0086514e-05
3.0108667e-05
3.0207924e-05
3.0647227e-05
3.2471858e-05
4.0036357e-05
7.5917105e-05
0.00028663427
0.001744886
2.7472233e-05
2.7472777e-05
2.7473976e-05
2.7475917e-05
2.747845e-05
2.7481869e-05
2.7488744e-05
2.7514021e-05
2.7627825e-05
2.8118369e-05
3.010146e-05
3.820687e-05
7.6449192e-05
0.00029450875
0.0017016307
2.5192577e-05
2.5193098e-05
2.5194246e-05
2.5196082e-05
2.5198442e-05
2.520167e-05
2.520887e-05
2.5237507e-05
2.5366478e-05
2.5909414e-05
2.805763e-05
3.6763308e-05
7.7693097e-05
0.0003035735
0.00165739
2.3181748e-05
2.3182245e-05
2.3183333e-05
2.3185048e-05
2.3187207e-05
2.3190219e-05
2.3197794e-05
2.323011e-05
2.3375184e-05
2.3973213e-05
2.6300284e-05
3.5692527e-05
7.9712907e-05
0.00031398658
0.0016142425
2.1399629e-05
2.14001e-05
2.140112e-05
2.1402697e-05
2.140463e-05
2.1407412e-05
2.1415452e-05
2.1451882e-05
2.1614405e-05
2.2271964e-05
2.4798652e-05
3.4989203e-05
8.2565442e-05
0.00032578296
0.0015735325
1.9813231e-05
1.9813672e-05
1.9814616e-05
1.981604e-05
1.9817725e-05
1.9820279e-05
1.9828922e-05
1.9870043e-05
2.0051847e-05
2.0775227e-05
2.3529325e-05
3.4654636e-05
8.6299521e-05
0.00033888748
0.0015360911
1.8395236e-05
1.8395645e-05
1.8396506e-05
1.8397761e-05
1.8399183e-05
1.8401531e-05
1.8410972e-05
1.8457531e-05
1.8660989e-05
1.9458432e-05
2.2474895e-05
3.4695971e-05
9.095345e-05
0.00035312607
0.0015023901
1.7122886e-05
1.7123259e-05
1.7124028e-05
1.7125102e-05
1.712625e-05
1.7128438e-05
1.7138942e-05
1.7191872e-05
1.7419954e-05
1.8301752e-05
2.1622992e-05
3.5125546e-05
9.6550687e-05
0.00036823944
0.0014726449
1.5977101e-05
1.5977436e-05
1.5978105e-05
1.5978984e-05
1.5979859e-05
1.598196e-05
1.5993865e-05
1.6054312e-05
1.6310628e-05
1.7289248e-05
2.0965619e-05
3.5960111e-05
0.00010309413
0.00038390222
0.0014468811
1.4941799e-05
1.4942091e-05
1.4942652e-05
1.4943329e-05
1.494394e-05
1.4946058e-05
1.4959787e-05
1.5029124e-05
1.5317979e-05
1.6408225e-05
2.049868e-05
3.7219755e-05
0.00011055991
0.00039974861
0.00142498
1.4003348e-05
1.4003595e-05
1.4004041e-05
1.4004511e-05
1.400488e-05
1.4007153e-05
1.402322e-05
1.4103071e-05
1.442952e-05
1.5648751e-05
2.0221625e-05
3.8926414e-05
0.00011889194
0.00041540307
0.0014067117
1.3150142e-05
1.315034e-05
1.3150665e-05
1.3150927e-05
1.315109e-05
1.3153695e-05
1.3172714e-05
1.3264971e-05
1.3634892e-05
1.5003284e-05
2.0137155e-05
4.1101901e-05
0.00012799852
0.0004305123
0.0013917631
1.2372247e-05
1.2372393e-05
1.2372592e-05
1.237265e-05
1.2372659e-05
1.2375814e-05
1.2398506e-05
1.2505359e-05
1.2925534e-05
1.446641e-05
2.0250947e-05
4.3765469e-05
0.00013775238
0.00044477369
0.0013797649
1.1661123e-05
1.1661215e-05
1.1661286e-05
1.166115e-05
1.1661074e-05
1.1665043e-05
1.1692246e-05
1.1816209e-05
1.2294425e-05
1.4034634e-05
2.0571326e-05
4.6930996e-05
0.00014799478
0.00045795585
0.0013703185
1.1009401e-05
1.1009437e-05
1.1009378e-05
1.1009066e-05
1.1008994e-05
1.101409e-05
1.104677e-05
1.1190715e-05
1.1735881e-05
1.3706238e-05
2.1108871e-05
5.0604014e-05
0.00015854368
0.00046990849
0.0013630208
1.0410692e-05
1.041067e-05
1.0410485e-05
1.0410022e-05
1.0410062e-05
1.0416652e-05
1.0455917e-05
1.0623112e-05
1.1245399e-05
1.3481165e-05
2.1875889e-05
5.4778859e-05
0.00016920526
0.00048056142
0.0013574861
9.8594384e-06
9.8593586e-06
9.8590515e-06
9.8584721e-06
9.8587577e-06
9.8672657e-06
9.9143754e-06
1.0108535e-05
1.0819533e-05
1.3360938e-05
2.2885735e-05
5.9436317e-05
0.00017978706
0.00048991474
0.001353362
9.3507874e-06
9.3506504e-06
9.3502304e-06
9.3495787e-06
9.3502669e-06
9.3611826e-06
9.4175684e-06
9.6428999e-06
1.045581e-05
1.3348574e-05
2.4151947e-05
6.4542152e-05
0.00019011095
0.00049802341
0.0013503406
8.8804873e-06
8.8802951e-06
8.8797751e-06
8.879106e-06
8.8803818e-06
8.8942644e-06
8.9615474e-06
9.2228179e-06
1.0152655e-05
1.3448503e-05
2.5687206e-05
7.0046824e-05
0.00020002406
0.00050498001
0.0013481619
8.4448007e-06
8.4445568e-06
8.4439543e-06
8.4433345e-06
8.4454129e-06
8.4628989e-06
8.5429123e-06
8.8455163e-06
9.9093487e-06
1.3666457e-05
2.7502143e-05
7.5886621e-05
0.00020940613
0.0005108985
0.0013466143
8.0404324e-06
8.0401416e-06
8.0394792e-06
8.0389884e-06
8.0421174e-06
8.0639293e-06
8.1587433e-06
8.508784e-06
9.7259953e-06
1.4009323e-05
2.9604058e-05
8.1986182e-05
0.00021817297
0.000515901
0.00134553
7.664468e-06
7.6641372e-06
7.663443e-06
7.6631755e-06
7.6676392e-06
7.6945949e-06
7.8065457e-06
8.2109262e-06
9.6034999e-06
1.4484936e-05
3.1995646e-05
8.8262229e-05
0.00022627582
0.0005201082
0.0013447795
7.3143234e-06
7.3139614e-06
7.3132697e-06
7.3133352e-06
7.319458e-06
7.3524816e-06
7.4842048e-06
7.950732e-06
9.5435554e-06
1.5101802e-05
3.4673865e-05
9.4628079e-05
0.00023369766
0.00052363336
0.0013442658
6.9877006e-06
6.9873184e-06
6.9866703e-06
6.9871959e-06
6.9953468e-06
7.0354818e-06
7.1899496e-06
7.7274515e-06
9.5486283e-06
1.5868742e-05
3.7629069e-05
0.00010099842
0.00024044745
0.00052657911
0.0013439174
6.6825513e-06
6.6821625e-06
6.6816065e-06
6.6827386e-06
6.6933357e-06
6.741759e-06
6.9223234e-06
7.5407805e-06
9.6219392e-06
1.6794438e-05
4.0844542e-05
0.00010729381
0.00024655353
0.00052903629
0.0013436835
6.3970453e-06
6.396666e-06
6.3962591e-06
6.3981651e-06
6.411682e-06
6.4697206e-06
6.6801611e-06
7.3908531e-06
9.7674314e-06
1.7886905e-05
4.4296529e-05
0.00011344429
0.00025205715
0.0005310841
0.0013435288
6.1295436e-06
6.129193e-06
6.129001e-06
6.1318719e-06
6.1488438e-06
6.2179935e-06
6.4625723e-06
7.2782395e-06
9.9897187e-06
1.9152894e-05
4.7954808e-05
0.00011939198
0.0002570069
0.00053279086
0.0013434302
5.8785752e-06
5.8782757e-06
5.8783746e-06
5.8824275e-06
5.903459e-06
5.9854055e-06
6.2689287e-06
7.2039478e-06
1.0294006e-05
2.0597266e-05
5.1783773e-05
0.00012509231
0.00026145422
0.00053421505
0.001343373
5.6428172e-06
5.642595e-06
5.6430719e-06
5.6485531e-06
5.6743264e-06
5.7709695e-06
6.0988564e-06
7.1694287e-06
1.0685974e-05
2.2222385e-05
5.5743957e-05
0.00013051409
0.00026545025
0.00053540647
0.0013433493
5.4210776e-06
5.4209629e-06
5.4219174e-06
5.4291059e-06
5.4603909e-06
5.5738715e-06
5.9522322e-06
7.1765787e-06
1.1171622e-05
2.4027579e-05
5.9793835e-05
0.00013563849
0.00026904378
0.00053640725
0.0013433553
5.2122808e-06
5.2123081e-06
5.2138535e-06
5.2230651e-06
5.26073e-06
5.3934608e-06
5.8291825e-06
7.2277422e-06
1.1757062e-05
2.6008735e-05
6.3891718e-05
0.00014045745
0.00027228005
0.00053725289
0.0013433902
5.0154542e-06
5.0156629e-06
5.0179281e-06
5.0295196e-06
5.0745437e-06
5.2292435e-06
5.7300867e-06
7.3257058e-06
1.2448271e-05
2.8158067e-05
6.7997574e-05
0.00014497164
0.00027520024
0.00053797312
0.0013434553
4.8297171e-06
4.8301524e-06
4.8332834e-06
4.847658e-06
4.9011459e-06
5.0808782e-06
5.6555823e-06
7.4736832e-06
1.3250795e-05
3.0464119e-05
7.2074574e-05
0.00014918835
0.00027784139
0.00053859274
0.0013435527
4.654271e-06
4.6549842e-06
4.6591465e-06
4.6767597e-06
4.739957e-06
4.9481738e-06
5.6065719e-06
7.675286e-06
1.4169424e-05
3.2911986e-05
7.6090276e-05
0.00015311953
0.00028023648
0.00053913229
0.0013436849
4.4883913e-06
4.4894404e-06
4.4948214e-06
4.5161875e-06
4.5904991e-06
4.8310889e-06
5.5842316e-06
7.9344756e-06
1.5207848e-05
3.5483783e-05
8.0017361e-05
0.00015678017
0.00028241474
0.00053960872
0.0013438547
4.3314193e-06
4.3328703e-06
4.3396818e-06
4.3653818e-06
4.452392e-06
4.7297344e-06
5.5900196e-06
8.2554924e-06
1.6368331e-05
3.8159288e-05
8.3833934e-05
0.00016018692
0.00028440197
0.000540036
0.0013440645
4.1827562e-06
4.1846838e-06
4.1931653e-06
4.2238553e-06
4.3253508e-06
4.6443763e-06
5.6256833e-06
8.6427601e-06
1.7651409e-05
4.091674e-05
8.7523435e-05
0.00016335711
0.00028622083
0.00054042551
0.0013443165
4.0418571e-06
4.0443457e-06
4.0547683e-06
4.0911891e-06
4.2091847e-06
4.5754417e-06
5.693263e-06
9.1007602e-06
1.9055659e-05
4.3733692e-05
9.1074258e-05
0.00016630805
0.00028789124
0.00054078659
0.0013446125
3.9082261e-06
3.9113713e-06
3.9240414e-06
3.96703e-06
4.103797e-06
4.5235249e-06
5.795091e-06
9.6338806e-06
2.0577553e-05
4.6587862e-05
9.4479152e-05
0.00016905655
0.00028943061
0.0005411268
0.0013449537
3.781412e-06
3.7853219e-06
3.8005859e-06
3.8510876e-06
4.0091864e-06
4.4893954e-06
5.9337828e-06
1.0246238e-05
2.2211425e-05
4.9457898e-05
9.7734541e-05
0.00017161867
0.00029085417
0.00054145228
0.001345341
3.6610043e-06
3.6658014e-06
3.6840513e-06
3.7431338e-06
3.9254494e-06
4.4740067e-06
6.1122183e-06
1.0941479e-05
2.3949552e-05
5.2324023e-05
0.00010083981
0.0001740095
0.00029217525
0.00054176799
0.001345775
3.5466302e-06
3.5524531e-06
3.5741321e-06
3.6430016e-06
3.8527838e-06
4.4785051e-06
6.3335104e-06
1.172258e-05
2.5782349e-05
5.51685e-05
0.00010379664
0.00017624312
0.00029340545
0.00054207792
0.0013462556
3.4379516e-06
3.4449572e-06
3.470567e-06
3.5505856e-06
3.7914931e-06
4.5042378e-06
6.6009582e-06
1.2591638e-05
2.7698675e-05
5.7975927e-05
0.00010660842
0.00017833256
0.00029455494
0.00054238526
0.0013467828
3.3346627e-06
3.3430286e-06
3.373137e-06
3.4658429e-06
3.7419925e-06
4.5527599e-06
6.9179829e-06
1.3549688e-05
2.9686212e-05
6.0733357e-05
0.00010927977
0.00018028982
0.00029563258
0.00054269258
0.001347356
3.2364878e-06
3.2464154e-06
3.281665e-06
3.3887949e-06
3.7048152e-06
4.6258384e-06
7.2880457e-06
1.4596555e-05
3.1731891e-05
6.3430277e-05
0.00011181611
0.00018212592
0.00029664614
0.00054300188
0.0013479746
3.1431799e-06
3.1548974e-06
3.1960156e-06
3.3195298e-06
3.6806199e-06
4.7254524e-06
7.7145469e-06
1.5730747e-05
3.382234e-05
6.6058466e-05
0.0001142234
0.00018385092
0.0002976024
0.00054331476
0.0013486378
3.0545192e-06
3.0682854e-06
3.1160958e-06
3.2582055e-06
3.6701986e-06
4.8537869e-06
8.2007094e-06
1.6949409e-05
3.5944302e-05
6.8611787e-05
0.00011650785
0.00018547397
0.00029850734
0.00054363245
0.0013493444
2.9703119e-06
2.9864203e-06
3.0418551e-06
3.2050543e-06
3.6744852e-06
5.0132197e-06
8.7494484e-06
1.824835e-05
3.8085015e-05
7.1085926e-05
0.00011867579
0.00018700343
0.00029936619
0.00054395589
0.0013500934
2.8903898e-06
2.9091733e-06
2.9732878e-06
3.1603869e-06
3.6945633e-06
5.2062984e-06
9.363235e-06
1.9622123e-05
4.0232514e-05
7.3478132e-05
0.00012073351
0.00018844688
0.00030018354
0.00054428579
0.0013508836
2.8146096e-06
2.836446e-06
2.9104344e-06
3.1245986e-06
3.731674e-06
5.4357064e-06
1.004396e-05
2.1064182e-05
4.237586e-05
7.578695e-05
0.00012268719
0.00018981122
0.00030096346
0.00054462267
0.0013517136
2.7428528e-06
2.7681709e-06
2.8533843e-06
3.098175e-06
3.7872216e-06
5.7042166e-06
1.079281e-05
2.2567071e-05
4.4505286e-05
7.8011982e-05
0.00012454279
0.00019110267
0.00030170951
0.00054496686
0.0013525823
2.6750262e-06
2.7043127e-06
2.8022791e-06
3.0816992e-06
3.862777e-06
6.0146318e-06
1.1610155e-05
2.4122666e-05
4.6612265e-05
8.0153677e-05
0.00012630606
0.00019232691
0.00030242479
0.00054531839
0.0013534882
2.6110622e-06
2.6448693e-06
2.7573159e-06
3.0758592e-06
3.9600781e-06
6.3697125e-06
1.2495478e-05
2.5722424e-05
4.8689516e-05
8.2213155e-05
0.00012798249
0.00019348922
0.00030311296
0.00054567961
0.0013544295
2.5509198e-06
2.5898742e-06
2.718752e-06
3.0814557e-06
4.0810246e-06
6.7720928e-06
1.3447328e-05
2.7357637e-05
5.0730963e-05
8.4192054e-05
0.0001295773
0.00019459431
0.0003037761
0.00054604535
0.0013554045
2.494586e-06
2.5393984e-06
2.6869098e-06
3.0994094e-06
4.2276672e-06
7.2241862e-06
1.4463315e-05
2.9019661e-05
5.2731649e-05
8.609239e-05
0.00013109537
0.00019564635
0.00030441575
0.000546414
0.0013564111
2.4420772e-06
2.4935535e-06
2.6621823e-06
3.1307691e-06
4.4021885e-06
7.7280872e-06
1.5540153e-05
3.0700123e-05
5.4687629e-05
8.7916447e-05
0.0001325413
0.00019664904
0.00030503329
0.00054678556
0.0013574471
2.3934419e-06
2.4524951e-06
2.6450394e-06
3.1767177e-06
4.6068756e-06
8.285472e-06
1.6673737e-05
3.2391086e-05
5.6595864e-05
8.9666714e-05
0.00013391945
0.00019760627
0.00030563173
0.00054715701
0.0013585106
2.3487625e-06
2.4164266e-06
2.6360346e-06
3.2385774e-06
4.8440829e-06
8.8975066e-06
1.7859254e-05
3.4085177e-05
5.8454112e-05
9.1345816e-05
0.00013523395
0.00019852136
0.00030621172
0.00054752789
0.0013595998
2.3081594e-06
2.3856042e-06
2.6358124e-06
3.3178119e-06
5.1161842e-06
9.5647661e-06
1.9091323e-05
3.5775666e-05
6.0260814e-05
9.295644e-05
0.00013648857
0.00019939687
0.00030677288
0.00054790006
0.0013607134
2.2717941e-06
2.3603413e-06
2.6451156e-06
3.4160259e-06
5.4255149e-06
1.0287173e-05
2.036415e-05
3.7456517e-05
6.201499e-05
9.4501277e-05
0.00013768675
0.00020023503
0.0003073159
0.00054827472
0.0013618504
2.2398737e-06
2.3410153e-06
2.6647936e-06
3.5349592e-06
5.7743051e-06
1.1063959e-05
2.1671684e-05
3.9122393e-05
6.3716152e-05
9.5983012e-05
0.00013883178
0.0002010383
0.00030784116
0.00054865312
0.0013630097
2.2126561e-06
2.3280734e-06
2.695809e-06
3.6764757e-06
6.1646055e-06
1.1893656e-05
2.3007775e-05
4.0768652e-05
6.5364234e-05
9.7404381e-05
0.0001399271
0.00020180978
0.0003083474
0.00054903713
0.0013641908
2.1904555e-06
2.3220399e-06
2.739245e-06
3.8425451e-06
6.5982099e-06
1.2774111e-05
2.4366312e-05
4.2391314e-05
6.695951e-05
9.8768002e-05
0.00014097536
0.00020254989
0.00030883705
0.00054942721
0.0013653932
2.1736491e-06
2.3235241e-06
2.7963106e-06
4.0352172e-06
7.0765768e-06
1.3702535e-05
2.574135e-05
4.3987012e-05
6.8502514e-05
0.00010007634
0.00014197888
0.0002032598
0.00030931196
0.00054982327
0.0013666162
2.1626844e-06
2.3332282e-06
2.8683442e-06
4.2565866e-06
7.6007568e-06
1.4675571e-05
2.7127203e-05
4.5552944e-05
6.9993976e-05
0.00010133171
0.00014293978
0.00020394106
0.00030977366
0.00055022506
0.0013678587
2.1580871e-06
2.3519559e-06
2.9568137e-06
4.5087498e-06
8.1713285e-06
1.5689384e-05
2.8518524e-05
4.7086833e-05
7.1434895e-05
0.00010253683
0.00014386157
0.00020459274
0.00031022398
0.00055063272
0.0013691201
2.16047e-06
2.380621e-06
3.0633136e-06
4.7937523e-06
8.7883492e-06
1.6739763e-05
2.9910355e-05
4.8586861e-05
7.2826362e-05
0.00010369383
0.00014474503
0.00020521727
0.00031066402
0.00055104634
0.0013703994
2.1705427e-06
2.4202551e-06
3.1895559e-06
5.1135297e-06
9.4513233e-06
1.7822228e-05
3.129816e-05
5.0051608e-05
7.4169491e-05
0.00010480455
0.00014559149
0.00020581674
0.00031109452
0.00055146583
0.0013716961
2.1891214e-06
2.4720155e-06
3.3373555e-06
5.4698424e-06
1.0159191e-05
1.893214e-05
3.2677829e-05
5.1479988e-05
7.5465416e-05
0.00010587073
0.00014640255
0.00020639293
0.00031151604
0.00055189096
0.0013730091
2.2171398e-06
2.5371901e-06
3.5086082e-06
5.8642085e-06
1.0910337e-05
2.0064805e-05
3.4045695e-05
5.28713e-05
7.6715712e-05
0.00010689534
0.00014717785
0.00020694768
0.00031192932
0.0005523215
0.0013743378
2.2556586e-06
2.6172012e-06
3.7052603e-06
6.2978367e-06
1.1702626e-05
2.1215558e-05
3.5398511e-05
5.4225069e-05
7.7921556e-05
0.00010787906
0.00014791977
0.00020748234
0.00031233498
0.00055275722
0.0013756813
2.3058764e-06
2.7136048e-06
3.9292697e-06
6.7715655e-06
1.2533447e-05
2.2379847e-05
3.6733419e-05
5.5540987e-05
7.9083999e-05
0.00010882306
0.00014863038
0.00020799801
0.00031273348
0.00055319785
0.0013770387
2.3691374e-06
2.8280858e-06
4.1825593e-06
7.2858106e-06
1.3399779e-05
2.3553293e-05
3.8047943e-05
5.6819003e-05
8.0204453e-05
0.00010972819
0.0001493115
0.00020849572
0.00031312521
0.00055364311
0.0013784092
2.4469385e-06
2.9624464e-06
4.4669617e-06
7.8405244e-06
1.4298268e-05
2.4731743e-05
3.9339982e-05
5.8059333e-05
8.1284496e-05
0.00011059503
0.00014996482
0.00020897647
0.00031351049
0.0005540927
0.0013797921
2.540932e-06
3.1185884e-06
4.7841589e-06
8.4351727e-06
1.5225301e-05
2.5911295e-05
4.0607712e-05
5.926205e-05
8.2324532e-05
0.00011142557
0.00015059174
0.00020944116
0.0003138896
0.00055454628
0.0013811864
2.6529236e-06
3.2984856e-06
5.135619e-06
9.0687265e-06
1.6177092e-05
2.708831e-05
4.1849544e-05
6.0427241e-05
8.3325346e-05
0.0001122216
0.00015119351
0.00020989056
0.00031426279
0.00055500353
0.0013825914
2.7848641e-06
3.5041476e-06
5.5225318e-06
9.739674e-06
1.7149758e-05
2.8259474e-05
4.3064391e-05
6.1556081e-05
8.4286629e-05
0.00011298476
0.00015177133
0.00021032536
0.00031463023
0.00055546413
0.0013840063
2.9388324e-06
3.7375741e-06
5.9457493e-06
1.0446047e-05
1.8139389e-05
2.942174e-05
4.4251131e-05
6.2648245e-05
8.5209859e-05
0.00011371648
0.00015232631
0.00021074619
0.00031499209
0.00055592773
0.0013854302
3.1170072e-06
4.0007002e-06
6.4057328e-06
1.1185463e-05
1.9142099e-05
3.0572291e-05
4.5408716e-05
6.3703717e-05
8.6096479e-05
0.00011441804
0.00015285945
0.00021115362
0.00031534847
0.00055639398
0.0013868624
3.3216282e-06
4.2953329e-06
6.9025123e-06
1.1955182e-05
2.0154113e-05
3.1708764e-05
4.6537112e-05
6.4721738e-05
8.6947814e-05
0.00011509067
0.00015337165
0.00021154814
0.00031569947
0.00055686255
0.0013883021
3.5549421e-06
4.6230839e-06
7.435659e-06
1.2752163e-05
2.1171769e-05
3.282886e-05
4.7635173e-05
6.5702983e-05
8.776505e-05
0.0001157355
0.00015386374
0.00021193021
0.00031604515
0.00055733308
0.0013897484
3.8191368e-06
4.9852989e-06
8.0042745e-06
1.3573131e-05
2.2191545e-05
3.3930516e-05
4.8701824e-05
6.6648283e-05
8.854928e-05
0.00011635359
0.00015433647
0.0002123002
0.00031638552
0.00055780523
0.0013912006
4.1162632e-06
5.3829902e-06
8.6069996e-06
1.4414664e-05
2.3210221e-05
3.501245e-05
4.9735634e-05
6.7558405e-05
8.9301558e-05
0.00011694588
0.00015479052
0.00021265847
0.00031672062
0.00055827863
0.001392658
4.4481473e-06
5.8167738e-06
9.2420326e-06
1.5273215e-05
2.4224574e-05
3.6072358e-05
5.0736573e-05
6.8434055e-05
9.0022866e-05
0.00011751326
0.00015522652
0.00021300532
0.0003170504
0.00055875294
0.0013941197
4.816299e-06
6.2868211e-06
9.9071826e-06
1.6145285e-05
2.5232106e-05
3.7107751e-05
5.1704614e-05
6.9275925e-05
9.0714115e-05
0.00011805655
0.00015564501
0.000213341
0.00031737485
0.00055922779
0.001395585
5.221821e-06
6.7928197e-06
1.0599898e-05
1.7027293e-05
2.6229743e-05
3.8117093e-05
5.2639755e-05
7.0084679e-05
9.1376152e-05
0.00011857648
0.0001560465
0.00021366573
0.00031769389
0.00055970281
0.0013970533
5.6653297e-06
7.3339668e-06
1.1317405e-05
1.7916118e-05
2.7213972e-05
3.9099275e-05
5.3542034e-05
7.086095e-05
9.2009762e-05
0.00011907373
0.00015643143
0.0002139797
0.00031800744
0.00056017764
0.0013985236
6.1468909e-06
7.9089686e-06
1.2056712e-05
1.8808008e-05
2.8182088e-05
4.0053301e-05
5.4411523e-05
7.1605338e-05
9.2615662e-05
0.0001195489
0.00015680018
0.00021428305
0.0003183154
0.00056065188
0.0013999953
6.6659907e-06
8.5161085e-06
1.2814836e-05
1.9698936e-05
2.9131803e-05
4.0978299e-05
5.5248317e-05
7.2318402e-05
9.3194513e-05
0.00012000254
0.00015715312
0.00021457588
0.00031861764
0.00056112516
0.0014014675
7.2215994e-06
9.1533575e-06
1.3587904e-05
2.0585522e-05
3.0061029e-05
4.1873503e-05
5.6052528e-05
7.3000663e-05
9.3746913e-05
0.00012043515
0.00015749051
0.00021485826
0.00031891402
0.00056159706
0.0014029397
7.8119854e-06
9.8178502e-06
1.437225e-05
2.1464586e-05
3.0967879e-05
4.2738248e-05
5.6824276e-05
7.3652601e-05
9.4273401e-05
0.00012084714
0.00015781261
0.00021513025
0.00031920436
0.00056206717
0.0014044109
8.4346942e-06
1.0506382e-05
1.5164223e-05
2.233316e-05
3.1850649e-05
4.3571954e-05
5.7563689e-05
7.4274658e-05
9.4774464e-05
0.0001212389
0.00015811963
0.00021539183
0.00031948847
0.00056253506
0.0014058804
9.0867053e-06
1.1215453e-05
1.5960238e-05
2.3188503e-05
3.2707823e-05
4.4374127e-05
5.8270897e-05
7.4867233e-05
9.5250529e-05
0.00012161075
0.00015841171
0.00021564299
0.00031976613
0.00056300029
0.0014073474
9.7645221e-06
1.1941353e-05
1.6756823e-05
2.4028106e-05
3.353806e-05
4.5144351e-05
5.8946033e-05
7.543069e-05
9.5701977e-05
0.00012196297
0.00015868898
0.00021588366
0.00032003711
0.00056346239
0.001408811
1.0464277e-05
1.268024e-05
1.7550657e-05
2.4849697e-05
3.4340193e-05
4.5882284e-05
5.9589235e-05
7.5965357e-05
9.6129137e-05
0.00012229578
0.0001589515
0.00021611376
0.00032030115
0.00056392088
0.0014102703
1.1181844e-05
1.3428223e-05
1.8338594e-05
2.5651239e-05
3.5113222e-05
4.6587662e-05
6.0200645e-05
7.6471532e-05
9.6532295e-05
0.00012260936
0.00015919933
0.00021633318
0.00032055795
0.00056437526
0.0014117245
1.1912952e-05
1.4181436e-05
1.9117697e-05
2.6430932e-05
3.5856314e-05
4.7260294e-05
6.0780414e-05
7.6949483e-05
9.6911695e-05
0.00012290386
0.00015943245
0.00021654175
0.00032080722
0.000564825
0.0014131725
1.2653291e-05
1.4936103e-05
1.9885247e-05
2.7187209e-05
3.6568794e-05
4.7900065e-05
6.1328708e-05
7.7399459e-05
9.7267546e-05
0.00012317937
0.00015965085
0.00021673932
0.00032104864
0.00056526957
0.0014146134
1.3398612e-05
1.5688603e-05
2.0638759e-05
2.7918725e-05
3.7250143e-05
4.8506939e-05
6.1845711e-05
7.7821693e-05
9.7600026e-05
0.00012343598
0.00015985446
0.00021692568
0.00032128184
0.0005657084
0.001416046
1.4144811e-05
1.643551e-05
2.137599e-05
2.8624355e-05
3.7899996e-05
4.9080957e-05
6.2331629e-05
7.8216406e-05
9.7909289e-05
0.00012367371
0.00016004319
0.00021710062
0.00032150647
0.00056614092
0.0014174693
1.4887998e-05
1.7173641e-05
2.2094939e-05
2.9303179e-05
3.8518128e-05
4.9622241e-05
6.2786701e-05
7.858382e-05
9.8195467e-05
0.00012389259
0.00016021693
0.00021726389
0.00032172216
0.00056656653
0.001418882
1.562455e-05
1.7900075e-05
2.2793848e-05
2.9954474e-05
3.9104457e-05
5.0130995e-05
6.3211196e-05
7.8924158e-05
9.8458685e-05
0.00012409262
0.00016037556
0.00021741524
0.00032192849
0.00056698462
0.001420283
1.6351148e-05
1.8612178e-05
2.3471201e-05
3.0577702e-05
3.9659027e-05
5.0607501e-05
6.3605426e-05
7.9237656e-05
9.8699059e-05
0.00012427377
0.00016051893
0.00021755439
0.00032212507
0.00056739458
0.0014216709
1.7064807e-05
1.9307609e-05
2.4125711e-05
3.1172495e-05
4.0182007e-05
5.1052121e-05
6.3969745e-05
7.9524566e-05
9.8916708e-05
0.00012443605
0.00016064689
0.00021768108
0.00032231149
0.00056779577
0.0014230444
1.7762881e-05
1.9984326e-05
2.4756314e-05
3.1738645e-05
4.0673676e-05
5.1465294e-05
6.4304553e-05
7.9785165e-05
9.9111758e-05
0.00012457941
0.00016075929
0.00021779501
0.00032248733
0.00056818755
0.0014244021
1.8443068e-05
2.0640578e-05
2.536216e-05
3.2276088e-05
4.1134418e-05
5.1847531e-05
6.4610299e-05
8.0019756e-05
9.928435e-05
0.00012470385
0.00016085596
0.00021789592
0.00032265217
0.00056856929
0.0014257426
1.9103407e-05
2.1274898e-05
2.5942597e-05
3.2784894e-05
4.156471e-05
5.2199414e-05
6.4887483e-05
8.0228679e-05
9.9434646e-05
0.00012480936
0.00016093677
0.00021798351
0.00032280561
0.00056894036
0.0014270645
1.9742256e-05
2.1886089e-05
2.6497159e-05
3.3265251e-05
4.1965111e-05
5.2521587e-05
6.5136652e-05
8.0412307e-05
9.9562833e-05
0.00012489597
0.00016100158
0.00021805754
0.00032294724
0.00056930013
0.0014283662
2.035828e-05
2.2473207e-05
2.7025552e-05
3.3717453e-05
4.2336253e-05
5.2814753e-05
6.5358403e-05
8.0571054e-05
9.966913e-05
0.00012496371
0.00016105028
0.00021811775
0.00032307669
0.000569648
0.0014296463
2.0950431e-05
2.3035542e-05
2.7527636e-05
3.414189e-05
4.2678833e-05
5.3079668e-05
6.5553381e-05
8.0705376e-05
9.9753789e-05
0.00012501264
0.00016108277
0.00021816392
0.00032319358
0.00056998335
0.0014309033
2.151792e-05
2.35726e-05
2.8003417e-05
3.4539033e-05
4.2993599e-05
5.3317133e-05
6.5722273e-05
8.0815769e-05
9.98171e-05
0.00012504288
0.00016109901
0.00021819585
0.00032329759
0.00057030564
0.0014321357
2.2060194e-05
2.4084081e-05
2.8453026e-05
3.4909427e-05
4.3281347e-05
5.3527986e-05
6.5865808e-05
8.0902771e-05
9.9859395e-05
0.00012505456
0.00016109896
0.00021821339
0.00032338841
0.00057061432
0.001433342
2.2576913e-05
2.4569859e-05
2.8876706e-05
3.5253676e-05
4.3542908e-05
5.3713101e-05
6.5984751e-05
8.0966961e-05
9.9881045e-05
0.00012504786
0.00016108265
0.0002182164
0.00032346579
0.00057090888
0.0014345208
2.3067926e-05
2.5029963e-05
2.92748e-05
3.5572439e-05
4.3779141e-05
5.3873377e-05
6.60799e-05
8.1008958e-05
9.9882466e-05
0.00012502301
0.00016105013
0.0002182048
0.00032352948
0.00057118887
0.0014356706
2.3533248e-05
2.5464556e-05
2.9647739e-05
3.5866416e-05
4.3990926e-05
5.4009731e-05
6.6152081e-05
8.1029414e-05
9.9864113e-05
0.00012498027
0.00016100152
0.00021817857
0.00032357933
0.00057145386
0.0014367902
2.3973036e-05
2.5873922e-05
2.9996024e-05
3.6136342e-05
4.4179162e-05
5.4123097e-05
6.6202142e-05
8.1029018e-05
9.9826488e-05
0.00012491996
0.00016093695
0.00021813771
0.00032361521
0.0005717035
0.0014378781
2.4387571e-05
2.6258442e-05
3.0320223e-05
3.6382981e-05
4.4344752e-05
5.4214416e-05
6.6230952e-05
8.1008489e-05
9.9770127e-05
0.00012484244
0.00016085664
0.0002180823
0.00032363704
0.00057193748
0.0014389332
2.4777242e-05
2.6618585e-05
3.0620952e-05
3.6607117e-05
4.4488607e-05
5.4284633e-05
6.6239391e-05
8.0968573e-05
9.9695608e-05
0.00012474813
0.00016076085
0.00021801246
0.00032364483
0.00057215554
0.0014399543
2.5142524e-05
2.6954891e-05
3.0898873e-05
3.6809549e-05
4.4611636e-05
5.4334694e-05
6.6228351e-05
8.091004e-05
9.9603545e-05
0.00012463746
0.00016064989
0.00021792838
0.00032363861
0.00057235751
0.0014409403
2.5483965e-05
2.726796e-05
3.1154679e-05
3.6991085e-05
4.4714743e-05
5.4365538e-05
6.619873e-05
8.0833677e-05
9.9494584e-05
0.00012451095
0.0001605241
0.00021783029
0.0003236185
0.00057254325
0.0014418902
2.5802176e-05
2.7558438e-05
3.1389092e-05
3.7152539e-05
4.4798826e-05
5.4378098e-05
6.6151427e-05
8.0740291e-05
9.93694e-05
0.00012436913
0.00016038392
0.00021771848
0.00032358467
0.00057271272
0.0014428032
2.6097814e-05
2.7827009e-05
3.160285e-05
3.7294726e-05
4.4864771e-05
5.4373296e-05
6.6087338e-05
8.0630698e-05
9.9228696e-05
0.00012421257
0.00016022979
0.00021759331
0.00032353735
0.00057286593
0.0014436784
2.6371572e-05
2.8074387e-05
3.1796708e-05
3.7418456e-05
4.4913451e-05
5.435204e-05
6.6007358e-05
8.0505726e-05
9.9073199e-05
0.0001240419
0.00016006222
0.00021745519
0.00032347685
0.00057300296
0.0014445151
2.6624175e-05
2.8301306e-05
3.1971425e-05
3.7524534e-05
4.4945723e-05
5.4315221e-05
6.591237e-05
8.0366205e-05
9.8903654e-05
0.00012385775
0.00015988176
0.00021730457
0.00032340351
0.00057312397
0.0014453129
2.6856364e-05
2.8508515e-05
3.2127767e-05
3.7613758e-05
4.4962427e-05
5.4263714e-05
6.5803248e-05
8.0212968e-05
9.8720822e-05
0.0001236608
0.00015968899
0.00021714196
0.00032331773
0.00057322916
0.0014460713
2.7068896e-05
2.8696769e-05
3.2266497e-05
3.7686911e-05
4.4964387e-05
5.4198374e-05
6.5680855e-05
8.004685e-05
9.8525478e-05
0.00012345176
0.00015948455
0.00021696791
0.00032321999
0.00057331883
0.0014467899
2.7262535e-05
2.886683e-05
3.2388373e-05
3.7744767e-05
4.4952404e-05
5.4120036e-05
6.5546037e-05
7.9868676e-05
9.8318403e-05
0.00012323134
0.00015926909
0.00021678301
0.00032311079
0.0005733933
0.0014474686
2.7438044e-05
2.9019455e-05
3.2494147e-05
3.7788083e-05
4.4927262e-05
5.4029513e-05
6.5399625e-05
7.967927e-05
9.8100386e-05
0.00012300028
0.00015904329
0.00021658789
0.00032299069
0.00057345298
0.0014481073
2.7596189e-05
2.9155399e-05
3.2584562e-05
3.7817602e-05
4.4889721e-05
5.3927596e-05
6.5242431e-05
7.9479444e-05
9.7872216e-05
0.00012275934
0.00015880786
0.0002163832
0.00032286027
0.00057349832
0.001448706
2.7737724e-05
2.9275407e-05
3.2660347e-05
3.7834047e-05
4.4840522e-05
5.3815055e-05
6.5075249e-05
7.9269998e-05
9.7634682e-05
0.00012250927
0.00015856353
0.00021616964
0.00032272017
0.00057352982
0.001449265
2.7863399e-05
2.9380215e-05
3.2722219e-05
3.7838126e-05
4.4780383e-05
5.3692634e-05
6.4898852e-05
7.9051721e-05
9.7388568e-05
0.00012225085
0.00015831104
0.00021594791
0.00032257105
0.00057354802
0.0014497845
2.7973949e-05
2.9470546e-05
3.2770879e-05
3.7830528e-05
4.4709999e-05
5.3561056e-05
6.4713991e-05
7.8825383e-05
9.7134652e-05
0.00012198483
0.00015805114
0.00021571875
0.00032241357
0.00057355349
0.0014502649
2.8070097e-05
2.9547107e-05
3.2807013e-05
3.7811921e-05
4.4630046e-05
5.3421018e-05
6.4521397e-05
7.8591741e-05
9.6873699e-05
0.000121712
0.00015778458
0.00021548287
0.00032224844
0.00057354687
0.0014507068
2.815255e-05
2.9610592e-05
3.2831289e-05
3.7782956e-05
4.4541174e-05
5.3273197e-05
6.4321776e-05
7.835153e-05
9.6606467e-05
0.00012143311
0.00015751213
0.00021524103
0.00032207636
0.00057352877
0.0014511108
2.8221999e-05
2.9661675e-05
3.2844355e-05
3.7744264e-05
4.4444015e-05
5.3118242e-05
6.4115814e-05
7.8105468e-05
9.6333694e-05
0.0001211489
0.00015723454
0.00021499397
0.00032189805
0.00057349985
0.0014514777
2.8279115e-05
2.9701014e-05
3.2846844e-05
3.7696455e-05
4.4339177e-05
5.2956782e-05
6.3904171e-05
7.785425e-05
9.6056104e-05
0.00012086013
0.00015695255
0.00021474242
0.00032171422
0.0005734608
0.0014518082
2.8324552e-05
2.9729246e-05
3.2839369e-05
3.7640119e-05
4.4227245e-05
5.2789421e-05
6.3687484e-05
7.7598551e-05
9.5774403e-05
0.00012056752
0.0001566669
0.00021448713
0.00032152559
0.00057341228
0.0014521032
2.8358944e-05
2.9746992e-05
3.2822522e-05
3.7575827e-05
4.4108785e-05
5.261674e-05
6.3466367e-05
7.7339021e-05
9.5489275e-05
0.00012027177
0.00015637831
0.00021422881
0.00032133286
0.00057335498
0.0014523639
2.8382906e-05
2.9754851e-05
3.2796878e-05
3.750413e-05
4.3984341e-05
5.2439298e-05
6.3241409e-05
7.7076288e-05
9.5201383e-05
0.00011997359
0.00015608749
0.00021396816
0.00032113671
0.00057328959
0.0014525911
2.8397033e-05
2.9753404e-05
3.2762991e-05
3.7425558e-05
4.3854436e-05
5.225763e-05
6.3013177e-05
7.6810956e-05
9.4911368e-05
0.00011967363
0.00015579512
0.00021370587
0.00032093781
0.00057321677
0.0014527861
2.8401899e-05
2.974321e-05
3.2721397e-05
3.7340624e-05
4.371957e-05
5.2072249e-05
6.2782212e-05
7.6543605e-05
9.4619846e-05
0.00011937254
0.00015550186
0.00021344261
0.00032073682
0.00057313719
0.0014529501
2.8398058e-05
2.9724811e-05
3.267261e-05
3.7249819e-05
4.3580226e-05
5.1883646e-05
6.2549032e-05
7.6274788e-05
9.4327408e-05
0.00011907095
0.00015520836
0.00021317901
0.00032053437
0.0005730515
0.0014530841
2.8386045e-05
2.9698727e-05
3.2617129e-05
3.7153616e-05
4.3436866e-05
5.1692291e-05
6.2314131e-05
7.6005035e-05
9.4034621e-05
0.00011876944
0.00015491521
0.00021291569
0.00032033105
0.00057296032
0.0014531896
2.8366374e-05
2.966546e-05
3.2555431e-05
3.705247e-05
4.3289932e-05
5.1498632e-05
6.2077982e-05
7.5734853e-05
9.3742024e-05
0.00011846859
0.00015462302
0.00021265323
0.00032012744
0.00057286425
0.0014532677
2.8339542e-05
2.9625493e-05
3.2487975e-05
3.6946817e-05
4.3139846e-05
5.1303095e-05
6.1841032e-05
7.546472e-05
9.3450131e-05
0.00011816894
0.00015433232
0.00021239218
0.00031992408
0.00057276388
0.0014533197
2.8306024e-05
2.957929e-05
3.2415202e-05
3.6837073e-05
4.2987012e-05
5.1106088e-05
6.1603707e-05
7.5195092e-05
9.3159428e-05
0.000117871
0.00015404366
0.00021213306
0.00031972148
0.00057265977
0.001453347
2.8266277e-05
2.9527296e-05
3.2337537e-05
3.6723639e-05
4.2831816e-05
5.0907997e-05
6.1366411e-05
7.4926399e-05
9.2870375e-05
0.00011757525
0.00015375751
0.00021187637
0.00031952011
0.00057255243
0.0014533508
2.822074e-05
2.9469938e-05
3.2255383e-05
3.6606898e-05
4.2674626e-05
5.0709189e-05
6.1129525e-05
7.4659048e-05
9.2583407e-05
0.00011728215
0.00015347436
0.00021162256
0.00031932043
0.00057244236
0.0014533323
2.8169835e-05
2.9407626e-05
3.216913e-05
3.6487214e-05
4.251579e-05
5.0510012e-05
6.0893409e-05
7.4393422e-05
9.229893e-05
0.00011699212
0.00015319462
0.00021137205
0.00031912283
0.00057233004
0.001453293
2.8113964e-05
2.9340752e-05
3.207915e-05
3.6364938e-05
4.2355643e-05
5.0310796e-05
6.0658404e-05
7.4129879e-05
9.2017326e-05
0.00011670557
0.0001529187
0.00021112525
0.00031892771
0.00057221589
0.0014532339
2.8053514e-05
2.9269692e-05
3.1985797e-05
3.6240402e-05
4.21945e-05
5.0111851e-05
6.0424828e-05
7.3868756e-05
9.1738951e-05
0.00011642286
0.00015264698
0.0002108825
0.00031873541
0.00057210033
0.0014531563
2.7988854e-05
2.9194805e-05
3.1889413e-05
3.6113923e-05
4.2032662e-05
4.9913472e-05
6.0192981e-05
7.3610367e-05
9.1464134e-05
0.00011614433
0.00015237979
0.00021064414
0.00031854625
0.00057198373
0.0014530615
2.7920339e-05
2.9116436e-05
3.179032e-05
3.5985805e-05
4.1870413e-05
4.9715935e-05
5.9963142e-05
7.3355004e-05
9.1193182e-05
0.00011587031
0.00015211745
0.00021041046
0.0003183605
0.00057186645
0.0014529504
2.7848307e-05
2.9034912e-05
3.168883e-05
3.5856333e-05
4.1708023e-05
4.9519501e-05
5.9735575e-05
7.3102938e-05
9.0926376e-05
0.00011560107
0.00015186025
0.00021018174
0.00031817843
0.00057174882
0.0014528244
2.777308e-05
2.8950546e-05
3.1585236e-05
3.5725783e-05
4.1545746e-05
4.9324414e-05
5.9510523e-05
7.2854419e-05
9.0663977e-05
0.00011533688
0.00015160843
0.00020995821
0.00031800027
0.00057163113
0.0014526843
2.7694967e-05
2.8863638e-05
3.1479819e-05
3.5594412e-05
4.1383823e-05
4.9130903e-05
5.9288212e-05
7.2609679e-05
9.0406219e-05
0.00011507797
0.00015136223
0.00020974009
0.00031782621
0.00057151365
0.0014525314
2.7614261e-05
2.8774472e-05
3.1372847e-05
3.5462468e-05
4.1222481e-05
4.8939182e-05
5.9068852e-05
7.2368927e-05
9.0153318e-05
0.00011482457
0.00015112185
0.00020952756
0.00031765643
0.00057139666
0.0014523665
2.7531243e-05
2.868332e-05
3.1264573e-05
3.5330183e-05
4.1061933e-05
4.8749451e-05
5.8852636e-05
7.2132359e-05
8.9905467e-05
0.00011457686
0.00015088747
0.00020932078
0.00031749109
0.00057128035
0.0014521906
2.7446179e-05
2.8590439e-05
3.115524e-05
3.5197778e-05
4.0902379e-05
4.8561896e-05
5.8639743e-05
7.1900148e-05
8.966284e-05
0.00011433501
0.00015065924
0.00020911988
0.00031733032
0.00057116497
0.0014520046
2.7359324e-05
2.8496077e-05
3.1045077e-05
3.5065461e-05
4.0744009e-05
4.8376689e-05
5.8430336e-05
7.1672453e-05
8.9425592e-05
0.00011409916
0.00015043731
0.00020892501
0.00031717437
0.00057105107
0.0014518094
2.7270918e-05
2.8400465e-05
3.0934299e-05
3.4933428e-05
4.0586997e-05
4.8193991e-05
5.8224563e-05
7.1449417e-05
8.9193857e-05
0.00011386944
0.00015022177
0.00020873625
0.00031702323
0.00057093786
0.0014516057
2.7181192e-05
2.8303825e-05
3.0823114e-05
3.4801866e-05
4.043151e-05
4.8013949e-05
5.8022561e-05
7.1231166e-05
8.8967756e-05
0.00011364597
0.00015001272
0.00020855366
0.00031687683
0.00057082514
0.001451394
2.7090362e-05
2.8206367e-05
3.0711714e-05
3.4670948e-05
4.0277701e-05
4.7836698e-05
5.782445e-05
7.1017811e-05
8.8747388e-05
0.00011342882
0.00014981025
0.00020837737
0.00031673554
0.00057071218
0.0014511751
2.6998635e-05
2.8108289e-05
3.0600285e-05
3.4540839e-05
4.0125712e-05
4.7662363e-05
5.7630341e-05
7.080945e-05
8.8532842e-05
0.00011321808
0.00014961442
0.00020820738
0.000316599
0.00057059936
0.0014509494
2.6906206e-05
2.8009781e-05
3.0488998e-05
3.4411691e-05
3.9975677e-05
4.7491058e-05
5.7440329e-05
7.0606166e-05
8.8324186e-05
0.00011301379
0.00014942524
0.00020804362
0.00031646693
0.00057048716
0.0014507178
2.6813261e-05
2.7911018e-05
3.0378018e-05
3.4283648e-05
3.9827717e-05
4.7322884e-05
5.7254502e-05
7.040803e-05
8.812148e-05
0.00011281601
0.00014924277
0.00020788624
0.00031633886
0.00057037614
0.0014504809
2.6719973e-05
2.781217e-05
3.0267496e-05
3.4156845e-05
3.9681946e-05
4.7157935e-05
5.7072933e-05
7.0215103e-05
8.7924768e-05
0.00011262477
0.00014906702
0.00020773507
0.00031621477
0.00057026669
0.0014502396
2.6626507e-05
2.7713393e-05
3.0157578e-05
3.4031406e-05
3.9538467e-05
4.6996293e-05
5.6895687e-05
7.002743e-05
8.7734079e-05
0.00011244006
0.00014889791
0.00020758986
0.00031609485
0.00057015907
0.0014499945
2.6533019e-05
2.7614837e-05
3.0048397e-05
3.3907447e-05
3.9397376e-05
4.6838033e-05
5.6722819e-05
6.984505e-05
8.7549439e-05
0.00011226192
0.00014873551
0.00020745024
0.00031597929
0.00057005349
0.0014497464
2.6439655e-05
2.7516641e-05
2.9940081e-05
3.3785077e-05
3.9258759e-05
4.668322e-05
5.6554374e-05
6.966799e-05
8.7370854e-05
0.00011209031
0.00014857966
0.00020731615
0.0003158682
0.00056995017
0.0014494958
2.6346551e-05
2.7418936e-05
2.9832746e-05
3.3664393e-05
3.9122695e-05
4.6531911e-05
5.6390388e-05
6.9496265e-05
8.7198311e-05
0.00011192516
0.00014843019
0.00020718764
0.0003157616
0.00056984924
0.0014492435
2.6253838e-05
2.7321845e-05
2.9726502e-05
3.3545489e-05
3.8989253e-05
4.6384155e-05
5.6230891e-05
6.9329888e-05
8.7031826e-05
0.00011176655
0.00014828674
0.00020706472
0.00031565955
0.00056975083
0.0014489901
2.6161635e-05
2.7225482e-05
2.9621451e-05
3.3428448e-05
3.8858498e-05
4.6239993e-05
5.6075902e-05
6.9168856e-05
8.6871347e-05
0.00011161426
0.00014814932
0.0002069474
0.00031556204
0.00056965504
0.001448736
2.6070056e-05
2.7129955e-05
2.9517689e-05
3.3313347e-05
3.8730486e-05
4.6099461e-05
5.5925437e-05
6.9013165e-05
8.6716862e-05
0.00011146809
0.00014801789
0.00020683561
0.00031546906
0.00056956194
0.0014484819
2.5979207e-05
2.7035363e-05
2.9415301e-05
3.3200256e-05
3.8605266e-05
4.5962587e-05
5.57795e-05
6.8862796e-05
8.6568309e-05
0.00011132789
0.00014789242
0.00020672932
0.00031538058
0.00056947159
0.0014482283
2.5889186e-05
2.6941799e-05
2.9314369e-05
3.3089239e-05
3.8482883e-05
4.5829393e-05
5.5638092e-05
6.8717723e-05
8.642552e-05
0.00011119362
0.00014777283
0.00020662845
0.00031529654
0.00056938402
0.0014479755
2.5800084e-05
2.6849349e-05
2.9214967e-05
3.2980354e-05
3.8363375e-05
4.5699896e-05
5.5501211e-05
6.8577929e-05
8.6288329e-05
0.00011106521
0.00014765904
0.00020653293
0.00031521689
0.00056929926
0.0014477241
2.5711986e-05
2.6758092e-05
2.9117164e-05
3.2873652e-05
3.8246773e-05
4.5574108e-05
5.5368843e-05
6.8443278e-05
8.615669e-05
0.0001109426
0.00014755099
0.00020644267
0.00031514155
0.0005692173
0.0014474744
2.5624973e-05
2.6668103e-05
2.9021021e-05
3.2769181e-05
3.8133106e-05
4.5452036e-05
5.5240978e-05
6.8313646e-05
8.6030538e-05
0.00011082571
0.00014744856
0.00020635757
0.00031507045
0.00056913815
0.0014472268
2.5539116e-05
2.657945e-05
2.8926596e-05
3.2666983e-05
3.8022401e-05
4.5333693e-05
5.5117506e-05
6.8188985e-05
8.5909802e-05
0.00011071444
0.00014735167
0.00020627753
0.00031500349
0.00056906178
0.0014469816
2.5454484e-05
2.6492195e-05
2.8833942e-05
3.2567096e-05
3.7914675e-05
4.5219051e-05
5.499836e-05
6.8069235e-05
8.5794404e-05
0.0001106087
0.00014726019
0.00020620243
0.00031494058
0.00056898819
0.0014467392
2.537114e-05
2.6406396e-05
2.8743107e-05
3.2469554e-05
3.7809953e-05
4.5108042e-05
5.4883496e-05
6.7954336e-05
8.5684264e-05
0.0001105084
0.00014717403
0.00020613215
0.00031488162
0.00056891733
0.0014464997
2.528914e-05
2.6322108e-05
2.8654138e-05
3.2374397e-05
3.7708193e-05
4.5000639e-05
5.477287e-05
6.784422e-05
8.5579296e-05
0.00011041343
0.00014709306
0.00020606659
0.0003148265
0.00056884917
0.0014462635
2.5208542e-05
2.6239384e-05
2.8567076e-05
3.2281618e-05
3.7609388e-05
4.4896815e-05
5.4666433e-05
6.7738819e-05
8.547941e-05
0.00011032368
0.00014701716
0.00020600559
0.00031477512
0.00056878368
0.0014460307
2.5129396e-05
2.6158265e-05
2.8481943e-05
3.2191225e-05
3.7513524e-05
4.4796537e-05
5.4564132e-05
6.7638059e-05
8.5384511e-05
0.00011023904
0.0001469462
0.00020594905
0.00031472737
0.00056872082
0.0014458016
2.505174e-05
2.6078784e-05
2.8398756e-05
3.210322e-05
3.7420588e-05
4.4699773e-05
5.4465914e-05
6.7541863e-05
8.5294503e-05
0.00011015939
0.00014688006
0.00020589683
0.00031468315
0.00056866053
0.0014455763
2.497561e-05
2.6000968e-05
2.8317532e-05
3.2017607e-05
3.7330565e-05
4.4606486e-05
5.4371719e-05
6.7450153e-05
8.5209287e-05
0.00011008462
0.0001468186
0.0002058488
0.00031464233
0.00056860279
0.001445355
2.4901034e-05
2.5924842e-05
2.8238286e-05
3.1934384e-05
3.7243435e-05
4.4516637e-05
5.428149e-05
6.7362848e-05
8.5128758e-05
0.0001100146
0.00014676169
0.00020580483
0.00031460482
0.00056854754
0.0014451378
2.4828037e-05
2.5850425e-05
2.8161027e-05
3.1853546e-05
3.7159176e-05
4.4430186e-05
5.4195163e-05
6.7279862e-05
8.5052814e-05
0.00010994921
0.00014670921
0.00020576478
0.00031457049
0.00056849473
0.0014449249
2.4756642e-05
2.5777736e-05
2.8085764e-05
3.1775089e-05
3.7077767e-05
4.4347089e-05
5.4112674e-05
6.7201111e-05
8.4981346e-05
0.00010988833
0.000146661
0.00020572852
0.00031453924
0.00056844433
0.0014447164
2.4686867e-05
2.5706788e-05
2.80125e-05
3.1699003e-05
3.699918e-05
4.4267301e-05
5.4033956e-05
6.7126506e-05
8.4914246e-05
0.00010983183
0.00014661694
0.00020569591
0.00031451096
0.00056839627
0.0014445123
2.4618728e-05
2.5637593e-05
2.7941238e-05
3.1625277e-05
3.6923389e-05
4.4190775e-05
5.3958942e-05
6.7055957e-05
8.4851405e-05
0.00010977959
0.0001465769
0.00020566683
0.00031448554
0.00056835051
0.0014443128
2.4552237e-05
2.5570158e-05
2.7871978e-05
3.1553898e-05
3.6850363e-05
4.4117461e-05
5.3887561e-05
6.6989372e-05
8.4792711e-05
0.00010973148
0.00014654073
0.00020564114
0.00031446286
0.000568307
0.001444118
2.4487404e-05
2.5504491e-05
2.7804717e-05
3.148485e-05
3.678007e-05
4.404731e-05
5.3819742e-05
6.692666e-05
8.4738051e-05
0.00010968736
0.0001465083
0.00020561871
0.00031444283
0.00056826569
0.0014439279
2.4424237e-05
2.5440594e-05
2.773945e-05
3.1418115e-05
3.6712477e-05
4.3980268e-05
5.3755411e-05
6.6867726e-05
8.4687314e-05
0.00010964712
0.00014647948
0.00020559941
0.00031442534
0.00056822653
0.0014437425
2.436274e-05
2.5378468e-05
2.7676169e-05
3.1353675e-05
3.6647548e-05
4.391628e-05
5.3694494e-05
6.6812476e-05
8.4640385e-05
0.00010961063
0.00014645412
0.00020558311
0.00031441027
0.00056818945
0.001443562
2.4302917e-05
2.5318113e-05
2.7614866e-05
3.1291506e-05
3.6585246e-05
4.3855292e-05
5.3636915e-05
6.6760813e-05
8.459715e-05
0.00010957775
0.0001464321
0.00020556968
0.00031439753
0.00056815441
0.0014433864
2.4244767e-05
2.5259525e-05
2.7555528e-05
3.1231587e-05
3.6525532e-05
4.3797246e-05
5.3582597e-05
6.6712641e-05
8.4557496e-05
0.00010954836
0.00014641329
0.000205559
0.00031438701
0.00056812135
0.0014432156
2.4188289e-05
2.5202699e-05
2.7498144e-05
3.1173892e-05
3.6468365e-05
4.3742085e-05
5.3531464e-05
6.6667864e-05
8.4521308e-05
0.00010952234
0.00014639755
0.00020555094
0.00031437861
0.00056809021
0.0014430497
2.4133479e-05
2.5147627e-05
2.7442697e-05
3.1118395e-05
3.6413705e-05
4.3689748e-05
5.3483437e-05
6.6626385e-05
8.4488473e-05
0.00010949955
0.00014638475
0.00020554538
0.00031437223
0.00056806094
0.0014428888
2.4080332e-05
2.5094301e-05
2.7389171e-05
3.1065067e-05
3.6361508e-05
4.3640176e-05
5.3438437e-05
6.6588105e-05
8.4458878e-05
0.00010947988
0.00014637477
0.0002055422
0.00031436778
0.00056803349
0.0014427328
2.4028841e-05
2.504271e-05
2.7337549e-05
3.1013878e-05
3.631173e-05
4.3593308e-05
5.3396384e-05
6.6552929e-05
8.4432409e-05
0.0001094632
0.00014636748
0.00020554128
0.00031436515
0.00056800779
0.0014425817
2.3978996e-05
2.4992842e-05
2.7287809e-05
3.0964798e-05
3.6264326e-05
4.3549081e-05
5.3357199e-05
6.6520759e-05
8.4408956e-05
0.00010944938
0.00014636275
0.00020554251
0.00031436426
0.00056798379
0.0014424354
2.3930788e-05
2.4944682e-05
2.7239931e-05
3.0917796e-05
3.6219251e-05
4.3507435e-05
5.3320803e-05
6.6491497e-05
8.4388407e-05
0.00010943832
0.00014636047
0.00020554578
0.00031436501
0.00056796144
0.0014422941
2.3884203e-05
2.4898215e-05
2.7193892e-05
3.0872837e-05
3.6176456e-05
4.3468304e-05
5.3287114e-05
6.6465049e-05
8.4370651e-05
0.00010942989
0.00014636052
0.00020555097
0.00031436732
0.00056794069
0.0014421575
2.3839229e-05
2.4853425e-05
2.7149669e-05
3.0829887e-05
3.6135894e-05
4.3431627e-05
5.3256053e-05
6.6441317e-05
8.4355581e-05
0.00010942397
0.00014636278
0.00020555798
0.00031437111
0.00056792148
0.0014420258
2.379585e-05
2.4810293e-05
2.7107236e-05
3.0788911e-05
3.6097517e-05
4.3397339e-05
5.3227541e-05
6.6420207e-05
8.4343089e-05
0.00010942045
0.00014636713
0.00020556671
0.00031437628
0.00056790376
0.0014418988
2.375405e-05
2.47688e-05
2.7066568e-05
3.0749874e-05
3.6061276e-05
4.3365376e-05
5.3201497e-05
6.6401625e-05
8.4333068e-05
0.00010941922
0.00014637346
0.00020557705
0.00031438277
0.00056788749
0.0014417765
2.3713812e-05
2.4728926e-05
2.7027637e-05
3.0712737e-05
3.6027121e-05
4.3335674e-05
5.3177842e-05
6.6385476e-05
8.4325415e-05
0.00010942016
0.00014638167
0.00020558891
0.00031439048
0.00056787261
0.0014416589
2.3675117e-05
2.4690648e-05
2.6990415e-05
3.0677463e-05
3.5995002e-05
4.3308169e-05
5.3156497e-05
6.6371668e-05
8.4320025e-05
0.00010942317
0.00014639165
0.00020560218
0.00031439935
0.00056785907
0.0014415459
2.3637946e-05
2.4653945e-05
2.6954874e-05
3.0644015e-05
3.5964869e-05
4.3282796e-05
5.3137383e-05
6.6360109e-05
8.4316797e-05
0.00010942815
0.0001464033
0.00020561679
0.0003144093
0.00056784682
0.0014414374
2.3602278e-05
2.4618793e-05
2.6920983e-05
3.0612352e-05
3.593667e-05
4.3259492e-05
5.3120422e-05
6.635071e-05
8.4315632e-05
0.00010943498
0.00014641651
0.00020563263
0.00031442027
0.00056783583
0.0014413334
2.3568091e-05
2.4585168e-05
2.6888713e-05
3.0582436e-05
3.5910356e-05
4.3238192e-05
5.3105538e-05
6.634338e-05
8.4316432e-05
0.00010944357
0.00014643118
0.00020564963
0.00031443217
0.00056782603
0.0014412338
2.3535363e-05
2.4553044e-05
2.6858031e-05
3.0554226e-05
3.5885874e-05
4.3218832e-05
5.3092653e-05
6.6338031e-05
8.4319101e-05
0.00010945381
0.00014644723
0.00020566769
0.00031444495
0.00056781739
0.0014411386
2.350407e-05
2.4522395e-05
2.6828907e-05
3.0527682e-05
3.5863173e-05
4.3201349e-05
5.3081691e-05
6.6334577e-05
8.4323543e-05
0.00010946562
0.00014646456
0.00020568673
0.00031445854
0.00056780987
0.0014410476
2.3474189e-05
2.4493195e-05
2.6801307e-05
3.0502764e-05
3.5842203e-05
4.318568e-05
5.3072577e-05
6.6332933e-05
8.4329667e-05
0.0001094789
0.00014648307
0.00020570669
0.00031447289
0.0005678034
0.0014409608
2.3445695e-05
2.4465416e-05
2.67752e-05
3.047943e-05
3.5822911e-05
4.3171762e-05
5.3065238e-05
6.6333013e-05
8.4337383e-05
0.00010949355
0.00014650268
0.00020572747
0.00031448792
0.00056779796
0.0014408781
2.3418562e-05
2.4439031e-05
2.6750551e-05
3.0457639e-05
3.5805247e-05
4.3159533e-05
5.3059599e-05
6.6334737e-05
8.4346602e-05
0.00010950948
0.00014652331
0.00020574901
0.00031450358
0.0005677935
0.0014407995
2.3392765e-05
2.4414011e-05
2.6727328e-05
3.043735e-05
3.578916e-05
4.314893e-05
5.3055589e-05
6.6338023e-05
8.4357239e-05
0.00010952662
0.00014654488
0.00020577123
0.00031451982
0.00056778998
0.0014407248
2.3368277e-05
2.4390328e-05
2.6705495e-05
3.0418521e-05
3.5774599e-05
4.3139894e-05
5.3053137e-05
6.6342792e-05
8.4369208e-05
0.00010954487
0.0001465673
0.00020579408
0.00031453658
0.00056778735
0.001440654
2.3345071e-05
2.4367951e-05
2.668502e-05
3.0401111e-05
3.5761513e-05
4.3132362e-05
5.3052172e-05
6.6348966e-05
8.4382428e-05
0.00010956415
0.00014659051
0.00020581747
0.00031455382
0.00056778559
0.001440587
2.3323119e-05
2.4346852e-05
2.6665867e-05
3.0385078e-05
3.5749852e-05
4.3126277e-05
5.3052626e-05
6.6356468e-05
8.4396819e-05
0.00010958439
0.00014661442
0.00020584136
0.00031457148
0.00056778465
0.0014405237
2.3302394e-05
2.4327e-05
2.6648002e-05
3.0370381e-05
3.5739566e-05
4.3121578e-05
5.3054431e-05
6.6365226e-05
8.4412303e-05
0.0001096055
0.00014663897
0.00020586568
0.00031458952
0.00056778449
0.0014404641
2.3282868e-05
2.4308365e-05
2.6631389e-05
3.0356978e-05
3.5730606e-05
4.3118207e-05
5.3057521e-05
6.6375165e-05
8.4428806e-05
0.00010962742
0.00014666408
0.00020589037
0.00031460789
0.00056778508
0.0014404079
2.3264512e-05
2.4290917e-05
2.6615995e-05
3.0344829e-05
3.5722922e-05
4.3116107e-05
5.306183e-05
6.6386216e-05
8.4446252e-05
0.00010965007
0.0001466897
0.00020591538
0.00031462655
0.00056778639
0.0014403552
2.3247297e-05
2.4274625e-05
2.6601784e-05
3.0333891e-05
3.5716466e-05
4.3115221e-05
5.3067294e-05
6.6398309e-05
8.4464572e-05
0.00010967338
0.00014671576
0.00020594065
0.00031464546
0.00056778838
0.0014403059
2.3231195e-05
2.4259458e-05
2.6588721e-05
3.0324124e-05
3.571119e-05
4.3115494e-05
5.3073852e-05
6.6411376e-05
8.4483695e-05
0.00010969728
0.0001467422
0.00020596614
0.00031466458
0.00056779101
0.0014402598
2.3216177e-05
2.4245386e-05
2.6576771e-05
3.0315487e-05
3.5707046e-05
4.311687e-05
5.3081442e-05
6.6425351e-05
8.4503555e-05
0.00010972172
0.00014676896
0.0002059918
0.00031468387
0.00056779426
0.0014402169
2.3202213e-05
2.4232376e-05
2.65659e-05
3.0307941e-05
3.5703987e-05
4.3119297e-05
5.3090003e-05
6.6440172e-05
8.4524087e-05
0.00010974662
0.00014679599
0.00020601757
0.0003147033
0.00056779809
0.0014401772
2.3189274e-05
2.4220399e-05
2.6556072e-05
3.0301445e-05
3.5701967e-05
4.312272e-05
5.3099477e-05
6.6455775e-05
8.4545228e-05
0.00010977194
0.00014682323
0.00020604342
0.00031472282
0.00056780247
0.0014401404
2.317733e-05
2.4209423e-05
2.6547253e-05
3.0295959e-05
3.5700941e-05
4.3127089e-05
5.3109808e-05
6.6472101e-05
8.4566917e-05
0.0001097976
0.00014685062
0.0002060693
0.00031474241
0.00056780736
0.0014401066
2.3166354e-05
2.4199418e-05
2.653941e-05
3.0291444e-05
3.5700862e-05
4.3132351e-05
5.3120939e-05
6.648909e-05
8.4589096e-05
0.00010982356
0.00014687813
0.00020609517
0.00031476203
0.00056781273
0.0014400757
2.3156314e-05
2.4190351e-05
2.6532506e-05
3.0287861e-05
3.5701687e-05
4.3138458e-05
5.3132816e-05
6.6506686e-05
8.4611707e-05
0.00010984976
0.00014690571
0.000206121
0.00031478165
0.00056781855
0.0014400475
2.3147182e-05
2.4182194e-05
2.6526509e-05
3.0285172e-05
3.5703373e-05
4.3145361e-05
5.3145387e-05
6.6524833e-05
8.4634697e-05
0.00010987615
0.0001469333
0.00020614674
0.00031480124
0.00056782478
0.001440022
2.3138929e-05
2.4174914e-05
2.6521386e-05
3.0283339e-05
3.5705876e-05
4.3153012e-05
5.3158599e-05
6.6543478e-05
8.4658011e-05
0.00010990268
0.00014696088
0.00020617236
0.00031482076
0.0005678314
0.001439999
2.3131526e-05
2.4168483e-05
2.6517102e-05
3.0282325e-05
3.5709154e-05
4.3161365e-05
5.3172402e-05
6.656257e-05
8.4681601e-05
0.00010992931
0.00014698839
0.00020619783
0.00031484021
0.00056783837
0.0014399786
2.3124944e-05
2.4162868e-05
2.6513625e-05
3.0282092e-05
3.5713167e-05
4.3170373e-05
5.3186749e-05
6.6582059e-05
8.4705417e-05
0.00010995598
0.00014701579
0.00020622312
0.00031485953
0.00056784566
0.0014399605
2.3119154e-05
2.4158042e-05
2.6510922e-05
3.0282606e-05
3.5717874e-05
4.3179994e-05
5.3201593e-05
6.6601897e-05
8.4729413e-05
0.00010998267
0.00014704306
0.00020624819
0.00031487872
0.00056785324
0.0014399448
2.3114128e-05
2.4153973e-05
2.6508961e-05
3.0283829e-05
3.5723236e-05
4.3190184e-05
5.3216887e-05
6.6622037e-05
8.4753545e-05
0.00011000932
0.00014707016
0.00020627302
0.00031489776
0.00056786108
0.0014399312
2.3109837e-05
2.4150634e-05
2.6507711e-05
3.0285728e-05
3.5729213e-05
4.3200901e-05
5.3232588e-05
6.6642436e-05
8.4777769e-05
0.0001100359
0.00014709705
0.00020629759
0.00031491661
0.00056786917
0.0014399198
2.3106255e-05
2.4147993e-05
2.6507139e-05
3.0288268e-05
3.5735769e-05
4.3212105e-05
5.3248653e-05
6.6663051e-05
8.4802046e-05
0.00011006238
0.00014712371
0.00020632187
0.00031493527
0.00056787747
0.0014399103
2.3103352e-05
2.4146025e-05
2.6507217e-05
3.0291415e-05
3.5742867e-05
4.3223756e-05
5.3265041e-05
6.6683841e-05
8.4826337e-05
0.00011008872
0.00014715011
0.00020634584
0.00031495371
0.00056788598
0.0014399028
2.3101103e-05
2.4144699e-05
2.6507913e-05
3.0295137e-05
3.5750471e-05
4.3235817e-05
5.3281714e-05
6.6704767e-05
8.4850606e-05
0.00011011488
0.00014717622
0.00020636949
0.00031497192
0.00056789466
0.0014398971
2.3099479e-05
2.4143988e-05
2.6509197e-05
3.0299402e-05
3.5758547e-05
4.3248249e-05
5.3298632e-05
6.6725791e-05
8.4874817e-05
0.00011014084
0.00014720202
0.00020639278
0.00031498989
0.0005679035
0.0014398932
2.3098455e-05
2.4143864e-05
2.6511041e-05
3.0304177e-05
3.576706e-05
4.3261019e-05
5.331576e-05
6.6746879e-05
8.4898939e-05
0.00011016657
0.00014722748
0.00020641572
0.00031500761
0.00056791248
0.0014398909
2.3098004e-05
2.4144301e-05
2.6513416e-05
3.0309432e-05
3.5775977e-05
4.327409e-05
5.3333062e-05
6.6767995e-05
8.4922938e-05
0.00011019204
0.00014725259
0.00020643827
0.00031502507
0.0005679216
0.0014398903
2.30981e-05
2.4145273e-05
2.6516293e-05
3.0315138e-05
3.5785267e-05
4.3287429e-05
5.3350505e-05
6.6789108e-05
8.4946788e-05
0.00011021722
0.00014727732
0.00020646044
0.00031504225
0.00056793084
0.0014398911
2.3098718e-05
2.4146752e-05
2.6519646e-05
3.0321265e-05
3.5794899e-05
4.3301005e-05
5.3368056e-05
6.6810186e-05
8.4970458e-05
0.00011024211
0.00014730167
0.00020648221
0.00031505915
0.00056794018
0.0014398935
2.3099833e-05
2.4148713e-05
2.6523447e-05
3.0327784e-05
3.5804842e-05
4.3314786e-05
5.3385684e-05
6.6831201e-05
8.4993923e-05
0.00011026666
0.0001473256
0.00020650356
0.00031507575
0.00056794962
0.0014398972
2.3101419e-05
2.4151131e-05
2.652767e-05
3.0334667e-05
3.5815068e-05
4.3328743e-05
5.340336e-05
6.6852123e-05
8.5017159e-05
0.00011029087
0.00014734911
0.00020652448
0.00031509206
0.00056795914
0.0014399022
2.3103454e-05
2.4153982e-05
2.6532289e-05
3.0341888e-05
3.5825547e-05
4.3342845e-05
5.3421054e-05
6.6872927e-05
8.5040141e-05
0.00011031471
0.00014737219
0.00020654498
0.00031510806
0.00056796872
0.0014399085
2.3105913e-05
2.415724e-05
2.6537279e-05
3.0349419e-05
3.5836253e-05
4.3357067e-05
5.3438741e-05
6.6893586e-05
8.5062848e-05
0.00011033816
0.00014739481
0.00020656502
0.00031512374
0.00056797835
0.0014399161
2.3108773e-05
2.4160883e-05
2.6542615e-05
3.0357236e-05
3.5847159e-05
4.337138e-05
5.3456394e-05
6.6914078e-05
8.5085259e-05
0.00011036121
0.00014741697
0.00020658462
0.0003151391
0.00056798801
0.0014399248
2.311201e-05
2.4164887e-05
2.6548273e-05
3.0365314e-05
3.5858239e-05
4.3385759e-05
5.3473988e-05
6.693438e-05
8.5107354e-05
0.00011038385
0.00014743866
0.00020660375
0.00031515412
0.0005679977
0.0014399346
2.3115604e-05
2.4169229e-05
2.655423e-05
3.0373627e-05
3.5869469e-05
4.340018e-05
5.3491499e-05
6.6954469e-05
8.5129116e-05
0.00011040606
0.00014745986
0.00020662242
0.00031516881
0.00056800738
0.0014399454
2.3119531e-05
2.4173887e-05
2.6560463e-05
3.0382154e-05
3.5880825e-05
4.3414618e-05
5.3508906e-05
6.6974327e-05
8.5150528e-05
0.00011042782
0.00014748057
0.00020664062
0.00031518314
0.00056801705
0.0014399573
2.312377e-05
2.4178839e-05
2.656695e-05
3.039087e-05
3.5892284e-05
4.3429052e-05
5.3526186e-05
6.6993933e-05
8.5171573e-05
0.00011044913
0.00014750078
0.00020665833
0.00031519712
0.00056802667
0.0014399701
2.3128301e-05
2.4184065e-05
2.657367e-05
3.0399754e-05
3.5903824e-05
4.344346e-05
5.3543321e-05
6.7013271e-05
8.5192238e-05
0.00011046997
0.00014752049
0.00020667556
0.00031521074
0.00056803625
0.0014399837
2.3133103e-05
2.4189543e-05
2.65806e-05
3.0408786e-05
3.5915423e-05
4.3457821e-05
5.356029e-05
6.7032323e-05
8.5212509e-05
0.00011049033
0.00014753968
0.0002066923
0.00031522399
0.00056804574
0.0014399982
2.3138157e-05
2.4195255e-05
2.6587722e-05
3.0417943e-05
3.5927062e-05
4.3472116e-05
5.3577077e-05
6.7051075e-05
8.5232375e-05
0.00011051021
0.00014755834
0.00020670855
0.00031523686
0.00056805515
0.0014400134
2.3143443e-05
2.420118e-05
2.6595015e-05
3.0427208e-05
3.5938721e-05
4.3486327e-05
5.3593663e-05
6.7069513e-05
8.5251824e-05
0.0001105296
0.00014757649
0.00020672431
0.00031524937
0.00056806449
0.0014400293
2.3148943e-05
2.4207299e-05
2.6602462e-05
3.043656e-05
3.5950382e-05
4.3500436e-05
5.3610035e-05
6.7087623e-05
8.5270847e-05
0.0001105485
0.00014759411
0.00020673958
0.00031526151
0.00056807368
0.0014400457
2.3154638e-05
2.4213596e-05
2.6610042e-05
3.0445983e-05
3.5962027e-05
4.3514427e-05
5.3626177e-05
6.7105393e-05
8.5289436e-05
0.00011056689
0.00014761121
0.00020675435
0.00031527326
0.00056808267
0.0014400627
2.3160511e-05
2.4220051e-05
2.661774e-05
3.0455458e-05
3.597364e-05
4.3528283e-05
5.3642076e-05
6.7122815e-05
8.5307584e-05
0.00011058478
0.00014762778
0.00020676863
0.00031528464
0.00056809143
0.0014400801
2.3166546e-05
2.4226649e-05
2.6625537e-05
3.0464969e-05
3.5985204e-05
4.3541992e-05
5.365772e-05
6.7139877e-05
8.5325283e-05
0.00011060216
0.00014764383
0.00020678243
0.00031529565
0.0005680999
0.0014400979
2.3172725e-05
2.4233372e-05
2.6633419e-05
3.04745e-05
3.5996704e-05
4.3555539e-05
5.3673097e-05
6.7156571e-05
8.5342531e-05
0.00011061903
0.00014765935
0.00020679575
0.00031530626
0.00056810813
0.001440116
2.3179033e-05
2.4240205e-05
2.6641369e-05
3.0484035e-05
3.6008128e-05
4.3568912e-05
5.3688198e-05
6.7172891e-05
8.5359322e-05
0.00011063539
0.00014767435
0.00020680858
0.00031531646
0.00056811612
0.0014401343
2.3185454e-05
2.4247133e-05
2.6649372e-05
3.0493562e-05
3.601946e-05
4.3582099e-05
5.3703012e-05
6.7188829e-05
8.5375654e-05
0.00011065125
0.00014768884
0.00020682095
0.00031532621
0.00056812392
0.0014401528
2.3191974e-05
2.4254141e-05
2.6657413e-05
3.0503065e-05
3.6030689e-05
4.359509e-05
5.3717531e-05
6.7204381e-05
8.5391525e-05
0.0001106666
0.00014770282
0.00020683285
0.00031533554
0.00056813154
0.0014401715
2.3198579e-05
2.4261214e-05
2.666548e-05
3.0512533e-05
3.6041803e-05
4.3607873e-05
5.3731749e-05
6.7219541e-05
8.5406934e-05
0.00011068144
0.00014771629
0.00020684426
0.00031534446
0.00056813899
0.0014401904
2.3205255e-05
2.4268341e-05
2.667356e-05
3.0521952e-05
3.605279e-05
4.3620441e-05
5.3745657e-05
6.7234307e-05
8.5421881e-05
0.00011069579
0.00014772926
0.00020685517
0.00031535299
0.00056814629
0.0014402093
2.3211988e-05
2.4275506e-05
2.6681638e-05
3.0531311e-05
3.6063641e-05
4.3632785e-05
5.3759251e-05
6.7248675e-05
8.5436366e-05
0.00011070964
0.00014774173
0.00020686558
0.00031536116
0.00056815343
0.0014402284
2.3218766e-05
2.4282699e-05
2.6689705e-05
3.0540598e-05
3.6074345e-05
4.3644896e-05
5.3772525e-05
6.7262644e-05
8.545039e-05
0.00011072299
0.0001477537
0.00020687551
0.00031536897
0.00056816043
0.0014402476
2.3225577e-05
2.4289907e-05
2.6697747e-05
3.0549804e-05
3.6084895e-05
4.3656768e-05
5.3785475e-05
6.7276212e-05
8.5463956e-05
0.00011073586
0.00014776515
0.00020688498
0.00031537643
0.00056816729
0.0014402668
2.3232409e-05
2.4297118e-05
2.6705755e-05
3.0558919e-05
3.609528e-05
4.3668396e-05
5.3798097e-05
6.7289378e-05
8.5477066e-05
0.00011074824
0.00014777609
0.00020689399
0.00031538355
0.00056817401
0.001440286
2.3239251e-05
2.4304322e-05
2.6713718e-05
3.0567933e-05
3.6105494e-05
4.3679772e-05
5.3810388e-05
6.7302142e-05
8.5489719e-05
0.00011076013
0.00014778653
0.00020690256
0.00031539035
0.00056818059
0.0014403053
2.3246093e-05
2.4311508e-05
2.6721626e-05
3.0576837e-05
3.6115529e-05
4.3690892e-05
5.3822346e-05
6.7314506e-05
8.5501925e-05
0.00011077151
0.00014779648
0.0002069107
0.00031539683
0.00056818704
0.0014403246
2.3252923e-05
2.4318667e-05
2.672947e-05
3.0585623e-05
3.612538e-05
4.3701752e-05
5.3833968e-05
6.7326468e-05
8.5513678e-05
0.0001107824
0.00014780595
0.00020691842
0.000315403
0.00056819334
0.0014403439
2.3259733e-05
2.4325788e-05
2.6737242e-05
3.0594284e-05
3.6135039e-05
4.3712348e-05
5.3845254e-05
6.7338034e-05
8.552497e-05
0.00011079281
0.00014781495
0.00020692573
0.00031540886
0.00056819951
0.0014403631
2.3266512e-05
2.4332863e-05
2.6744932e-05
3.0602813e-05
3.6144502e-05
4.3722676e-05
5.3856204e-05
6.73492e-05
8.5535803e-05
0.00011080274
0.00014782349
0.00020693263
0.00031541443
0.00056820552
0.0014403823
2.3273253e-05
2.4339884e-05
2.6752534e-05
3.0611203e-05
3.6153763e-05
4.3732735e-05
5.3866818e-05
6.7359961e-05
8.5546185e-05
0.0001108122
0.00014783158
0.00020693914
0.00031541969
0.00056821138
0.0014404014
2.3279947e-05
2.4346842e-05
2.6760039e-05
3.0619448e-05
3.6162819e-05
4.3742522e-05
5.3877094e-05
6.7370316e-05
8.5556121e-05
0.00011082121
0.00014783923
0.00020694527
0.00031542467
0.00056821709
0.0014404205
2.3286586e-05
2.435373e-05
2.6767442e-05
3.0627543e-05
3.6171667e-05
4.3752038e-05
5.3887026e-05
6.7380269e-05
8.5565616e-05
0.00011082976
0.00014784646
0.00020695102
0.00031542937
0.00056822263
0.0014404394
2.3293162e-05
2.4360542e-05
2.6774736e-05
3.0635483e-05
3.6180303e-05
4.3761278e-05
5.3896614e-05
6.7389824e-05
8.5574679e-05
0.00011083787
0.00014785326
0.00020695641
0.00031543379
0.00056822801
0.0014404582
2.329967e-05
2.4367269e-05
2.6781916e-05
3.0643264e-05
3.6188726e-05
4.3770236e-05
5.3905859e-05
6.7398985e-05
8.5583315e-05
0.00011084555
0.00014785965
0.00020696145
0.00031543794
0.00056823323
0.0014404768
2.3306102e-05
2.4373908e-05
2.6788977e-05
3.0650883e-05
3.6196928e-05
4.3778913e-05
5.3914764e-05
6.7407757e-05
8.5591533e-05
0.0001108528
0.00014786564
0.00020696614
0.00031544182
0.00056823827
0.0014404951
2.3312453e-05
2.4380452e-05
2.6795914e-05
3.0658334e-05
3.6204908e-05
4.3787308e-05
5.392333e-05
6.7416145e-05
8.559934e-05
0.00011085965
0.00014787125
0.00020697049
0.00031544544
0.00056824315
0.0014405133
2.3318718e-05
2.4386896e-05
2.6802723e-05
3.0665613e-05
3.6212663e-05
4.3795422e-05
5.393156e-05
6.7424155e-05
8.5606744e-05
0.00011086608
0.00014787647
0.00020697451
0.00031544881
0.00056824785
0.0014405312
2.3324891e-05
2.4393236e-05
2.6809397e-05
3.0672717e-05
3.6220192e-05
4.3803254e-05
5.3939459e-05
6.7431792e-05
8.5613753e-05
0.00011087213
0.00014788133
0.00020697822
0.00031545194
0.00056825238
0.0014405489
2.3330967e-05
2.4399465e-05
2.6815934e-05
3.0679643e-05
3.6227494e-05
4.3810807e-05
5.3947029e-05
6.7439064e-05
8.5620376e-05
0.00011087778
0.00014788583
0.00020698163
0.00031545483
0.00056825675
0.0014405662
2.3336942e-05
2.4405581e-05
2.682233e-05
3.0686389e-05
3.6234568e-05
4.3818082e-05
5.3954275e-05
6.7445976e-05
8.5626622e-05
0.00011088307
0.00014788999
0.00020698474
0.00031545749
0.00056826095
0.0014405832
2.334281e-05
2.4411577e-05
2.6828581e-05
3.0692952e-05
3.6241414e-05
4.3825081e-05
5.3961201e-05
6.7452536e-05
8.56325e-05
0.00011088799
0.00014789381
0.00020698757
0.00031545993
0.00056826499
0.0014405999
2.3348569e-05
2.4417452e-05
2.6834685e-05
3.0699331e-05
3.6248032e-05
4.3831806e-05
5.3967813e-05
6.7458751e-05
8.5638019e-05
0.00011089256
0.00014789731
0.00020699012
0.00031546216
0.00056826887
0.0014406163
2.3354213e-05
2.4423202e-05
2.6840638e-05
3.0705526e-05
3.6254424e-05
4.3838262e-05
5.3974116e-05
6.7464628e-05
8.5643188e-05
0.00011089679
0.0001479005
0.00020699241
0.00031546419
0.0005682726
0.0014406323
2.335974e-05
2.4428823e-05
2.684644e-05
3.0711535e-05
3.626059e-05
4.384445e-05
5.3980114e-05
6.7470174e-05
8.5648018e-05
0.00011090069
0.00014790339
0.00020699444
0.00031546603
0.00056827618
0.0014406479
2.3365148e-05
2.4434313e-05
2.6852088e-05
3.0717357e-05
3.6266532e-05
4.3850374e-05
5.3985814e-05
6.7475399e-05
8.5652516e-05
0.00011090427
0.00014790598
0.00020699624
0.00031546768
0.00056827962
0.0014406632
2.3370432e-05
2.443967e-05
2.685758e-05
3.0722994e-05
3.6272251e-05
4.3856039e-05
5.3991221e-05
6.7480309e-05
8.5656693e-05
0.00011090754
0.0001479083
0.0002069978
0.00031546915
0.00056828293
0.0014406781
2.3375591e-05
2.4444892e-05
2.6862917e-05
3.0728445e-05
3.6277749e-05
4.3861447e-05
5.3996341e-05
6.7484912e-05
8.5660558e-05
0.00011091051
0.00014791035
0.00020699914
0.00031547046
0.00056828609
0.0014406927
2.3380623e-05
2.4449977e-05
2.6868097e-05
3.0733711e-05
3.6283029e-05
4.3866603e-05
5.4001181e-05
6.7489216e-05
8.5664121e-05
0.00011091319
0.00014791213
0.00020700026
0.0003154716
0.00056828913
0.0014407069
2.3385526e-05
2.4454924e-05
2.6873119e-05
3.0738792e-05
3.6288093e-05
4.3871511e-05
5.4005747e-05
6.749323e-05
8.566739e-05
0.00011091559
0.00014791367
0.00020700118
0.00031547258
0.00056829205
0.0014407207
2.3390299e-05
2.4459732e-05
2.6877984e-05
3.0743689e-05
3.6292943e-05
4.3876175e-05
5.4010044e-05
6.7496961e-05
8.5670376e-05
0.00011091772
0.00014791498
0.00020700191
0.00031547342
0.00056829484
0.0014407342
2.339494e-05
2.44644e-05
2.6882691e-05
3.0748404e-05
3.6297582e-05
4.3880601e-05
5.401408e-05
6.7500417e-05
8.5673087e-05
0.00011091959
0.00014791605
0.00020700244
0.00031547411
0.00056829751
0.0014407474
2.3399448e-05
2.4468928e-05
2.6887241e-05
3.0752939e-05
3.6302013e-05
4.3884793e-05
5.401786e-05
6.7503606e-05
8.5675533e-05
0.00011092122
0.0001479169
0.00020700279
0.00031547466
0.00056830005
0.0014407602
2.3403824e-05
2.4473314e-05
2.6891634e-05
3.0757294e-05
3.630624e-05
4.3888755e-05
5.4021391e-05
6.7506536e-05
8.5677722e-05
0.0001109226
0.00014791754
0.00020700298
0.00031547508
0.00056830248
0.0014407727
2.3408065e-05
2.447756e-05
2.689587e-05
3.0761472e-05
3.6310265e-05
4.3892493e-05
5.402468e-05
6.7509215e-05
8.5679663e-05
0.00011092375
0.00014791798
0.00020700299
0.00031547536
0.00056830479
0.0014407849
2.3412173e-05
2.4481665e-05
2.6899951e-05
3.0765474e-05
3.6314092e-05
4.3896011e-05
5.4027733e-05
6.751165e-05
8.5681366e-05
0.00011092468
0.00014791822
0.00020700285
0.00031547553
0.00056830698
0.0014407967
2.3416147e-05
2.448563e-05
2.6903878e-05
3.0769303e-05
3.6317725e-05
4.3899314e-05
5.4030557e-05
6.7513851e-05
8.5682838e-05
0.0001109254
0.00014791828
0.00020700255
0.00031547556
0.00056830904
0.0014408081
2.3419988e-05
2.4489454e-05
2.6907652e-05
3.0772962e-05
3.6321167e-05
4.3902409e-05
5.4033159e-05
6.7515824e-05
8.5684088e-05
0.00011092591
0.00014791816
0.00020700211
0.00031547549
0.00056831099
0.0014408193
2.3423696e-05
2.449314e-05
2.6911275e-05
3.0776452e-05
3.6324422e-05
4.3905299e-05
5.4035544e-05
6.7517577e-05
8.5685125e-05
0.00011092622
0.00014791787
0.00020700154
0.00031547529
0.00056831281
0.0014408301
2.3427271e-05
2.4496688e-05
2.6914748e-05
3.0779776e-05
3.6327494e-05
4.3907991e-05
5.4037719e-05
6.7519117e-05
8.5685957e-05
0.00011092635
0.00014791743
0.00020700083
0.00031547499
0.00056831451
0.0014408405
2.3430714e-05
2.4500099e-05
2.6918073e-05
3.0782938e-05
3.6330387e-05
4.3910489e-05
5.4039692e-05
6.7520454e-05
8.5686594e-05
0.0001109263
0.00014791682
0.00020699999
0.00031547458
0.00056831609
0.0014408506
2.3434028e-05
2.4503374e-05
2.6921252e-05
3.078594e-05
3.6333106e-05
4.3912799e-05
5.4041469e-05
6.7521594e-05
8.5687042e-05
0.00011092608
0.00014791608
0.00020699904
0.00031547408
0.00056831754
0.0014408603
2.3437212e-05
2.4506515e-05
2.6924287e-05
3.0788786e-05
3.6335654e-05
4.3914927e-05
5.4043056e-05
6.7522545e-05
8.5687311e-05
0.0001109257
0.00014791519
0.00020699798
0.00031547348
0.00056831888
0.0014408697
2.3440268e-05
2.4509524e-05
2.6927181e-05
3.0791478e-05
3.6338035e-05
4.3916878e-05
5.4044461e-05
6.7523315e-05
8.5687408e-05
0.00011092517
0.00014791418
0.00020699681
0.00031547279
0.00056832011
0.0014408787
2.3443197e-05
2.4512402e-05
2.6929936e-05
3.0794019e-05
3.6340255e-05
4.3918658e-05
5.404569e-05
6.7523912e-05
8.5687342e-05
0.00011092449
0.00014791305
0.00020699554
0.00031547201
0.00056832122
0.0014408873
2.3446002e-05
2.4515152e-05
2.6932554e-05
3.0796414e-05
3.6342318e-05
4.3920272e-05
5.404675e-05
6.7524342e-05
8.5687122e-05
0.00011092367
0.0001479118
0.00020699419
0.00031547116
0.00056832222
0.0014408955
2.3448684e-05
2.4517775e-05
2.6935039e-05
3.0798666e-05
3.6344228e-05
4.3921726e-05
5.4047648e-05
6.7524614e-05
8.5686754e-05
0.00011092273
0.00014791045
0.00020699275
0.00031547024
0.00056832313
0.0014409034
2.3451245e-05
2.4520274e-05
2.6937392e-05
3.0800778e-05
3.634599e-05
4.3923026e-05
5.4048389e-05
6.7524735e-05
8.5686247e-05
0.00011092166
0.000147909
0.00020699124
0.00031546925
0.00056832394
0.0014409108
2.3453687e-05
2.452265e-05
2.6939617e-05
3.0802754e-05
3.6347608e-05
4.3924178e-05
5.4048981e-05
6.7524712e-05
8.5685609e-05
0.00011092048
0.00014790746
0.00020698966
0.00031546821
0.00056832466
0.0014409179
2.3456011e-05
2.4524907e-05
2.6941716e-05
3.0804598e-05
3.6349087e-05
4.3925186e-05
5.4049431e-05
6.7524553e-05
8.5684848e-05
0.0001109192
0.00014790584
0.00020698802
0.00031546712
0.00056832531
0.0014409247
2.3458221e-05
2.4527046e-05
2.6943693e-05
3.0806312e-05
3.6350431e-05
4.3926056e-05
5.4049744e-05
6.7524265e-05
8.568397e-05
0.00011091782
0.00014790414
0.00020698633
0.00031546598
0.00056832588
0.0014409311
2.3460318e-05
2.452907e-05
2.6945551e-05
3.0807902e-05
3.6351646e-05
4.3926794e-05
5.4049927e-05
6.7523854e-05
8.5682983e-05
0.00011091635
0.00014790237
0.00020698458
0.0003154648
0.00056832638
0.0014409372
2.3462304e-05
2.4530981e-05
2.6947291e-05
3.080937e-05
3.6352735e-05
4.3927406e-05
5.4049986e-05
6.7523327e-05
8.5681895e-05
0.0001109148
0.00014790054
0.0002069828
0.00031546358
0.00056832682
0.0014409429
2.3464182e-05
2.4532783e-05
2.6948918e-05
3.081072e-05
3.6353703e-05
4.3927896e-05
5.4049927e-05
6.7522691e-05
8.5680711e-05
0.00011091317
0.00014789866
0.00020698097
0.00031546234
0.0005683272
0.0014409484
2.3465954e-05
2.4534476e-05
2.6950434e-05
3.0811956e-05
3.6354555e-05
4.3928269e-05
5.4049756e-05
6.7521952e-05
8.5679438e-05
0.00011091147
0.00014789672
0.00020697911
0.00031546107
0.00056832754
0.0014409535
2.3467623e-05
2.4536065e-05
2.6951843e-05
3.0813082e-05
3.6355294e-05
4.3928531e-05
5.4049478e-05
6.7521116e-05
8.5678083e-05
0.0001109097
0.00014789474
0.00020697722
0.00031545978
0.00056832782
0.0014409584
2.346919e-05
2.4537551e-05
2.6953147e-05
3.08141e-05
3.6355925e-05
4.3928686e-05
5.4049099e-05
6.7520189e-05
8.5676651e-05
0.00011090788
0.00014789272
0.00020697531
0.00031545847
0.00056832805
0.001440963
2.3470659e-05
2.4538937e-05
2.6954349e-05
3.0815015e-05
3.6356452e-05
4.392874e-05
5.4048625e-05
6.7519177e-05
8.5675149e-05
0.000110906
0.00014789066
0.00020697338
0.00031545713
0.00056832824
0.0014409674
2.3472031e-05
2.4540227e-05
2.6955452e-05
3.081583e-05
3.6356879e-05
4.3928697e-05
5.404806e-05
6.7518084e-05
8.567358e-05
0.00011090407
0.00014788857
0.00020697142
0.00031545578
0.00056832838
0.0014409715
2.3473309e-05
2.4541421e-05
2.695646e-05
3.0816548e-05
3.6357211e-05
4.3928561e-05
5.4047409e-05
6.7516917e-05
8.5671952e-05
0.0001109021
0.00014788646
0.00020696945
0.00031545441
0.00056832847
0.0014409755
2.3474496e-05
2.4542524e-05
2.6957374e-05
3.0817173e-05
3.635745e-05
4.3928338e-05
5.4046678e-05
6.7515681e-05
8.5670268e-05
0.00011090009
0.00014788431
0.00020696747
0.00031545303
0.00056832851
0.0014409792
2.3475594e-05
2.4543537e-05
2.6958199e-05
3.0817709e-05
3.6357602e-05
4.392803e-05
5.4045871e-05
6.7514379e-05
8.5668533e-05
0.00011089805
0.00014788215
0.00020696548
0.00031545163
0.0005683285
0.0014409827
2.3476606e-05
2.4544464e-05
2.6958938e-05
3.0818158e-05
3.6357669e-05
4.3927644e-05
5.4044993e-05
6.7513018e-05
8.5666752e-05
0.00011089597
0.00014787998
0.00020696347
0.00031545021
0.00056832843
0.001440986
2.3477535e-05
2.4545307e-05
2.6959592e-05
3.0818524e-05
3.6357657e-05
4.3927182e-05
5.4044048e-05
6.7511601e-05
8.566493e-05
0.00011089387
0.00014787778
0.00020696146
0.00031544878
0.0005683283
0.0014409891
2.3478382e-05
2.454607e-05
2.6960165e-05
3.0818811e-05
3.6357567e-05
4.392665e-05
5.404304e-05
6.7510134e-05
8.5663071e-05
0.00011089175
0.00014787558
0.00020695944
0.00031544733
0.00056832811
0.0014409919
2.3479151e-05
2.4546753e-05
2.6960661e-05
3.0819022e-05
3.6357406e-05
4.3926051e-05
5.4041975e-05
6.750862e-05
8.5661179e-05
0.0001108896
0.00014787337
0.00020695743
0.00031544587
0.00056832786
0.0014409946
2.3479844e-05
2.4547362e-05
2.6961082e-05
3.0819159e-05
3.6357175e-05
4.3925389e-05
5.4040856e-05
6.7507064e-05
8.5659258e-05
0.00011088744
0.00014787116
0.00020695541
0.0003154444
0.00056832755
0.001440997
2.3480464e-05
2.4547897e-05
2.6961431e-05
3.0819228e-05
3.6356879e-05
4.3924669e-05
5.4039688e-05
6.7505471e-05
8.5657314e-05
0.00011088527
0.00014786895
0.00020695339
0.00031544293
0.00056832718
0.0014409991
2.3481014e-05
2.4548363e-05
2.6961712e-05
3.081923e-05
3.6356521e-05
4.3923894e-05
5.4038475e-05
6.7503845e-05
8.565535e-05
0.0001108831
0.00014786674
0.00020695139
0.00031544144
0.00056832676
0.0014410011
2.3481496e-05
2.4548761e-05
2.6961927e-05
3.0819169e-05
3.6356105e-05
4.3923068e-05
5.4037222e-05
6.750219e-05
8.565337e-05
0.00011088092
0.00014786453
0.00020694939
0.00031543996
0.00056832629
0.0014410027
2.3481913e-05
2.4549095e-05
2.6962079e-05
3.0819049e-05
3.6355635e-05
4.3922196e-05
5.4035931e-05
6.750051e-05
8.5651378e-05
0.00011087874
0.00014786234
0.00020694741
0.00031543848
0.00056832577
0.0014410042
2.3482268e-05
2.4549367e-05
2.6962171e-05
3.0818872e-05
3.6355114e-05
4.3921281e-05
5.4034608e-05
6.749881e-05
8.5649379e-05
0.00011087657
0.00014786017
0.00020694545
0.00031543701
0.00056832522
0.0014410054
2.3482563e-05
2.454958e-05
2.6962206e-05
3.0818642e-05
3.6354546e-05
4.3920326e-05
5.4033255e-05
6.7497093e-05
8.5647376e-05
0.00011087441
0.00014785801
0.00020694351
0.00031543555
0.00056832464
0.0014410063
2.34828e-05
2.4549736e-05
2.6962187e-05
3.0818362e-05
3.6353934e-05
4.3919336e-05
5.4031878e-05
6.7495363e-05
8.5645373e-05
0.00011087225
0.00014785588
0.00020694159
0.00031543411
0.00056832404
0.0014410071
2.3482982e-05
2.4549839e-05
2.6962117e-05
3.0818035e-05
3.635328e-05
4.3918313e-05
5.4030479e-05
6.7493623e-05
8.5643374e-05
0.00011087012
0.00014785377
0.00020693971
0.0003154327
0.00056832344
0.0014410076
2.3483112e-05
2.4549891e-05
2.6961998e-05
3.0817663e-05
3.635259e-05
4.3917262e-05
5.4029062e-05
6.7491879e-05
8.5641383e-05
0.000110868
0.00014785169
0.00020693786
0.00031543131
0.00056832283
0.001441008
2.3483192e-05
2.4549893e-05
2.6961833e-05
3.0817251e-05
3.6351864e-05
4.3916185e-05
5.4027631e-05
6.7490131e-05
8.5639401e-05
0.00011086591
0.00014784964
0.00020693604
0.00031542996
0.00056832222
0.0014410082
2.3483224e-05
2.4549849e-05
2.6961624e-05
3.0816799e-05
3.6351107e-05
4.3915085e-05
5.4026188e-05
6.7488384e-05
8.5637432e-05
0.00011086384
0.00014784762
0.00020693427
0.00031542864
0.00056832163
0.0014410082
2.348321e-05
2.4549761e-05
2.6961374e-05
3.0816311e-05
3.635032e-05
4.3913965e-05
5.4024735e-05
6.7486641e-05
8.5635479e-05
0.00011086179
0.00014784564
0.00020693253
0.00031542735
0.00056832105
0.0014410081
2.3483153e-05
2.454963e-05
2.6961085e-05
3.081579e-05
3.6349508e-05
4.3912829e-05
5.4023277e-05
6.7484903e-05
8.5633544e-05
0.00011085978
0.00014784369
0.00020693083
0.0003154261
0.00056832049
0.001441008
2.3483054e-05
2.454946e-05
2.696076e-05
3.0815237e-05
3.6348671e-05
4.3911677e-05
5.4021815e-05
6.7483173e-05
8.5631629e-05
0.00011085779
0.00014784178
0.00020692917
0.00031542488
0.00056831994
0.0014410077
2.3482916e-05
2.4549252e-05
2.69604e-05
3.0814655e-05
3.6347812e-05
4.3910513e-05
5.4020351e-05
6.7481454e-05
8.5629734e-05
0.00011085584
0.00014783991
0.00020692754
0.00031542369
0.0005683194
0.0014410074
2.3482741e-05
2.4549008e-05
2.6960008e-05
3.0814045e-05
3.6346933e-05
4.3909339e-05
5.4018888e-05
6.7479746e-05
8.5627863e-05
0.00011085392
0.00014783808
0.00020692596
0.00031542253
0.00056831888
0.0014410071
2.348253e-05
2.454873e-05
2.6959585e-05
3.0813411e-05
3.6346037e-05
4.3908156e-05
5.4017427e-05
6.7478051e-05
8.5626015e-05
0.00011085203
0.00014783628
0.0002069244
0.00031542139
0.00056831835
0.0014410067
2.3482285e-05
2.454842e-05
2.6959134e-05
3.0812754e-05
3.6345126e-05
4.3906967e-05
5.4015969e-05
6.7476371e-05
8.5624192e-05
0.00011085017
0.00014783452
0.00020692289
0.00031542028
0.00056831782
0.0014410063
2.3482009e-05
2.454808e-05
2.6958656e-05
3.0812075e-05
3.63442e-05
4.3905773e-05
5.4014518e-05
6.7474707e-05
8.5622394e-05
0.00011084835
0.00014783279
0.0002069214
0.00031541918
0.00056831728
0.0014410059
2.3481703e-05
2.4547712e-05
2.6958153e-05
3.0811378e-05
3.6343263e-05
4.3904576e-05
5.4013073e-05
6.747306e-05
8.5620622e-05
0.00011084655
0.0001478311
0.00020691994
0.0003154181
0.00056831672
0.0014410055
2.3481369e-05
2.4547317e-05
2.6957627e-05
3.0810662e-05
3.6342315e-05
4.3903378e-05
5.4011637e-05
6.7471432e-05
8.5618878e-05
0.00011084479
0.00014782945
0.00020691852
0.00031541703
0.00056831613
0.0014410049
2.3481009e-05
2.4546898e-05
2.6957081e-05
3.0809931e-05
3.6341359e-05
4.390218e-05
5.4010211e-05
6.7469823e-05
8.5617162e-05
0.00011084307
0.00014782783
0.00020691712
0.00031541597
0.00056831551
0.0014410044
2.3480625e-05
2.4546456e-05
2.6956515e-05
3.0809187e-05
3.6340397e-05
4.3900985e-05
5.4008797e-05
6.7468235e-05
8.5615475e-05
0.00011084138
0.00014782624
0.00020691575
0.00031541492
0.00056831486
0.0014410037
2.3480218e-05
2.4545993e-05
2.6955931e-05
3.080843e-05
3.6339429e-05
4.3899793e-05
5.4007395e-05
6.746667e-05
8.5613818e-05
0.00011083972
0.00014782469
0.00020691441
0.00031541388
0.00056831417
0.001441003
2.3479791e-05
2.4545511e-05
2.6955332e-05
3.0807663e-05
3.6338459e-05
4.3898606e-05
5.4006008e-05
6.7465128e-05
8.5612191e-05
0.0001108381
0.00014782318
0.0002069131
0.00031541285
0.00056831346
0.0014410021
2.3479345e-05
2.4545011e-05
2.6954719e-05
3.0806887e-05
3.6337487e-05
4.3897427e-05
5.4004638e-05
6.7463611e-05
8.5610598e-05
0.00011083652
0.0001478217
0.00020691182
0.00031541184
0.00056831271
0.0014410011
2.3478881e-05
2.4544496e-05
2.6954094e-05
3.0806105e-05
3.6336516e-05
4.3896256e-05
5.4003285e-05
6.7462121e-05
8.5609039e-05
0.00011083498
0.00014782027
0.00020691058
0.00031541085
0.00056831194
0.001441
2.3478402e-05
2.4543967e-05
2.6953459e-05
3.0805317e-05
3.6335546e-05
4.3895096e-05
5.4001952e-05
6.7460659e-05
8.5607515e-05
0.00011083347
0.00014781887
0.00020690938
0.00031540988
0.00056831117
0.0014409987
2.3477909e-05
2.4543425e-05
2.6952814e-05
3.0804526e-05
3.633458e-05
4.3893948e-05
5.400064e-05
6.7459226e-05
8.5606028e-05
0.00011083201
0.00014781752
0.00020690822
0.00031540896
0.00056831038
0.0014409973
2.3477403e-05
2.4542873e-05
2.6952162e-05
3.0803734e-05
3.633362e-05
4.3892814e-05
5.399935e-05
6.7457824e-05
8.5604579e-05
0.0001108306
0.00014781622
0.0002069071
0.00031540807
0.00056830961
0.0014409958
2.3476887e-05
2.4542311e-05
2.6951505e-05
3.0802941e-05
3.6332666e-05
4.3891694e-05
5.3998083e-05
6.7456454e-05
8.5603169e-05
0.00011082922
0.00014781497
0.00020690604
0.00031540722
0.00056830886
0.0014409942
2.3476361e-05
2.4541741e-05
2.6950843e-05
3.0802149e-05
3.633172e-05
4.389059e-05
5.3996842e-05
6.7455118e-05
8.56018e-05
0.0001108279
0.00014781376
0.00020690502
0.00031540641
0.00056830816
0.0014409925
2.3475826e-05
2.4541165e-05
2.6950178e-05
3.0801359e-05
3.6330783e-05
4.3889504e-05
5.3995626e-05
6.7453815e-05
8.5600472e-05
0.00011082662
0.0001478126
0.00020690405
0.00031540565
0.0005683075
0.0014409908
2.3475284e-05
2.4540582e-05
2.6949511e-05
3.0800572e-05
3.6329857e-05
4.3888436e-05
5.3994437e-05
6.7452547e-05
8.5599186e-05
0.00011082538
0.0001478115
0.00020690313
0.00031540494
0.00056830691
0.001440989
2.3474736e-05
2.4539996e-05
2.6948843e-05
3.079979e-05
3.6328941e-05
4.3887387e-05
5.3993275e-05
6.7451314e-05
8.5597941e-05
0.00011082419
0.00014781044
0.00020690226
0.00031540427
0.00056830637
0.0014409873
2.3474183e-05
2.4539406e-05
2.6948175e-05
3.0799013e-05
3.6328038e-05
4.3886357e-05
5.399214e-05
6.7450116e-05
8.5596736e-05
0.00011082305
0.00014780942
0.00020690143
0.00031540364
0.00056830588
0.0014409857
2.3473626e-05
2.4538814e-05
2.6947508e-05
3.0798242e-05
3.6327146e-05
4.3885346e-05
5.3991032e-05
6.7448951e-05
8.5595571e-05
0.00011082195
0.00014780845
0.00020690063
0.00031540305
0.00056830543
0.0014409841
2.3473066e-05
2.453822e-05
2.6946843e-05
3.0797478e-05
3.6326268e-05
4.3884356e-05
5.3989951e-05
6.7447821e-05
8.5594445e-05
0.00011082089
0.00014780752
0.00020689987
0.00031540248
0.000568305
0.0014409827
2.3472504e-05
2.4537625e-05
2.694618e-05
3.0796721e-05
3.6325403e-05
4.3883386e-05
5.3988898e-05
6.7446723e-05
8.5593357e-05
0.00011081987
0.00014780662
0.00020689914
0.00031540191
0.00056830457
0.0014409814
2.3471941e-05
2.453703e-05
2.6945521e-05
3.0795972e-05
3.6324552e-05
4.3882436e-05
5.3987871e-05
6.7445658e-05
8.5592304e-05
0.00011081889
0.00014780576
0.00020689842
0.00031540135
0.0005683041
0.0014409801
2.3471377e-05
2.4536437e-05
2.6944865e-05
3.0795231e-05
3.6323714e-05
4.3881506e-05
5.398687e-05
6.7444623e-05
8.5591286e-05
0.00011081794
0.00014780492
0.00020689772
0.00031540078
0.00056830359
0.001440979
2.3470813e-05
2.4535845e-05
2.6944214e-05
3.07945e-05
3.6322891e-05
4.3880597e-05
5.3985895e-05
6.744362e-05
8.55903e-05
0.00011081702
0.0001478041
0.00020689703
0.0003154002
0.00056830301
0.0014409778
2.3470251e-05
2.4535256e-05
2.6943569e-05
3.0793778e-05
3.6322083e-05
4.3879708e-05
5.3984946e-05
6.7442647e-05
8.5589347e-05
0.00011081613
0.00014780331
0.00020689635
0.00031539959
0.00056830235
0.0014409766
2.3469691e-05
2.453467e-05
2.694293e-05
3.0793066e-05
3.632129e-05
4.387884e-05
5.3984024e-05
6.7441704e-05
8.5588424e-05
0.00011081527
0.00014780254
0.00020689568
0.00031539897
0.00056830161
0.0014409753
2.3469134e-05
2.4534088e-05
2.6942298e-05
3.0792365e-05
3.6320514e-05
4.3877993e-05
5.3983128e-05
6.7440791e-05
8.5587532e-05
0.00011081443
0.0001478018
0.00020689502
0.00031539835
0.00056830081
0.0014409739
2.3468581e-05
2.4533512e-05
2.6941673e-05
3.0791676e-05
3.6319754e-05
4.3877169e-05
5.3982259e-05
6.7439908e-05
8.5586672e-05
0.00011081363
0.00014780108
0.00020689439
0.00031539773
0.00056829995
0.0014409723
2.3468033e-05
2.4532941e-05
2.6941058e-05
3.0791e-05
3.6319011e-05
4.3876367e-05
5.3981418e-05
6.7439057e-05
8.5585846e-05
0.00011081287
0.0001478004
0.00020689379
0.00031539713
0.00056829909
0.0014409705
2.346749e-05
2.4532378e-05
2.6940452e-05
3.0790337e-05
3.6318288e-05
4.387559e-05
5.3980606e-05
6.7438238e-05
8.5585056e-05
0.00011081214
0.00014779976
0.00020689323
0.00031539657
0.00056829825
0.0014409684
2.3466953e-05
2.4531822e-05
2.6939856e-05
3.0789689e-05
3.6317583e-05
4.3874837e-05
5.3979823e-05
6.7437455e-05
8.5584305e-05
0.00011081145
0.00014779916
0.00020689272
0.00031539608
0.00056829748
0.0014409662
2.3466424e-05
2.4531274e-05
2.6939272e-05
3.0789056e-05
3.6316899e-05
4.3874109e-05
5.3979071e-05
6.7436707e-05
8.5583594e-05
0.00011081081
0.00014779861
0.00020689227
0.00031539568
0.00056829684
0.0014409638
2.3465901e-05
2.4530735e-05
2.6938699e-05
3.0788439e-05
3.6316235e-05
4.3873408e-05
5.3978351e-05
6.7435996e-05
8.5582924e-05
0.00011081022
0.00014779812
0.00020689189
0.00031539537
0.00056829636
0.0014409613
2.3465386e-05
2.4530205e-05
2.6938138e-05
3.0787837e-05
3.6315592e-05
4.3872732e-05
5.3977662e-05
6.7435321e-05
8.5582297e-05
0.00011080967
0.00014779768
0.00020689158
0.00031539517
0.00056829609
0.0014409589
2.3464883e-05
2.4529688e-05
2.6937593e-05
3.0787256e-05
3.6314974e-05
4.3872086e-05
5.3977007e-05
6.7434684e-05
8.558171e-05
0.00011080917
0.00014779729
0.00020689133
0.00031539507
0.00056829599
0.0014409567
)
;

boundaryField
{
    water_inlet
    {
        type            turbulentMixingLengthDissipationRateInlet;
        mixingLength    0.005;
        phi             phi;
        k               k;
        value           uniform 0.00011791765;
    }
    water_outlet
    {
        type            inletOutlet;
        inletValue      uniform 0.0001;
        value           nonuniform List<scalar> 
15
(
2.3464883e-05
2.4529688e-05
2.6937593e-05
3.0787256e-05
3.6314974e-05
4.3872086e-05
5.3977007e-05
6.7434684e-05
8.558171e-05
0.00011080917
0.00014779729
0.00020689133
0.00031539507
0.00056829599
0.0014409567
)
;
    }
    water_wedge1
    {
        type            wedge;
    }
    water_wedge2
    {
        type            wedge;
    }
    water_to_rock
    {
        type            epsilonWallFunction;
        blending        stepwise;
        value           nonuniform List<scalar> 
400
(
0.00073980483
0.0010520452
0.0013270628
0.0015411415
0.0016895689
0.0017792142
0.0018218943
0.0018300463
0.0018145574
0.0017840405
0.001744886
0.0017016307
0.00165739
0.0016142425
0.0015735325
0.0015360911
0.0015023901
0.0014726449
0.0014468811
0.00142498
0.0014067117
0.0013917631
0.0013797649
0.0013703185
0.0013630208
0.0013574861
0.001353362
0.0013503406
0.0013481619
0.0013466143
0.00134553
0.0013447795
0.0013442658
0.0013439174
0.0013436835
0.0013435288
0.0013434302
0.001343373
0.0013433493
0.0013433553
0.0013433902
0.0013434553
0.0013435527
0.0013436849
0.0013438547
0.0013440645
0.0013443165
0.0013446125
0.0013449537
0.001345341
0.001345775
0.0013462556
0.0013467828
0.001347356
0.0013479746
0.0013486378
0.0013493444
0.0013500934
0.0013508836
0.0013517136
0.0013525823
0.0013534882
0.0013544295
0.0013554045
0.0013564111
0.0013574471
0.0013585106
0.0013595998
0.0013607134
0.0013618504
0.0013630097
0.0013641908
0.0013653932
0.0013666162
0.0013678587
0.0013691201
0.0013703994
0.0013716961
0.0013730091
0.0013743378
0.0013756813
0.0013770387
0.0013784092
0.0013797921
0.0013811864
0.0013825914
0.0013840063
0.0013854302
0.0013868624
0.0013883021
0.0013897484
0.0013912006
0.001392658
0.0013941197
0.001395585
0.0013970533
0.0013985236
0.0013999953
0.0014014675
0.0014029397
0.0014044109
0.0014058804
0.0014073474
0.001408811
0.0014102703
0.0014117245
0.0014131725
0.0014146134
0.001416046
0.0014174693
0.001418882
0.001420283
0.0014216709
0.0014230444
0.0014244021
0.0014257426
0.0014270645
0.0014283662
0.0014296463
0.0014309033
0.0014321357
0.001433342
0.0014345208
0.0014356706
0.0014367902
0.0014378781
0.0014389332
0.0014399543
0.0014409403
0.0014418902
0.0014428032
0.0014436784
0.0014445151
0.0014453129
0.0014460713
0.0014467899
0.0014474686
0.0014481073
0.001448706
0.001449265
0.0014497845
0.0014502649
0.0014507068
0.0014511108
0.0014514777
0.0014518082
0.0014521032
0.0014523639
0.0014525911
0.0014527861
0.0014529501
0.0014530841
0.0014531896
0.0014532677
0.0014533197
0.001453347
0.0014533508
0.0014533323
0.001453293
0.0014532339
0.0014531563
0.0014530615
0.0014529504
0.0014528244
0.0014526843
0.0014525314
0.0014523665
0.0014521906
0.0014520046
0.0014518094
0.0014516057
0.001451394
0.0014511751
0.0014509494
0.0014507178
0.0014504809
0.0014502396
0.0014499945
0.0014497464
0.0014494958
0.0014492435
0.0014489901
0.001448736
0.0014484819
0.0014482283
0.0014479755
0.0014477241
0.0014474744
0.0014472268
0.0014469816
0.0014467392
0.0014464997
0.0014462635
0.0014460307
0.0014458016
0.0014455763
0.001445355
0.0014451378
0.0014449249
0.0014447164
0.0014445123
0.0014443128
0.001444118
0.0014439279
0.0014437425
0.001443562
0.0014433864
0.0014432156
0.0014430497
0.0014428888
0.0014427328
0.0014425817
0.0014424354
0.0014422941
0.0014421575
0.0014420258
0.0014418988
0.0014417765
0.0014416589
0.0014415459
0.0014414374
0.0014413334
0.0014412338
0.0014411386
0.0014410476
0.0014409608
0.0014408781
0.0014407995
0.0014407248
0.001440654
0.001440587
0.0014405237
0.0014404641
0.0014404079
0.0014403552
0.0014403059
0.0014402598
0.0014402169
0.0014401772
0.0014401404
0.0014401066
0.0014400757
0.0014400475
0.001440022
0.001439999
0.0014399786
0.0014399605
0.0014399448
0.0014399312
0.0014399198
0.0014399103
0.0014399028
0.0014398971
0.0014398932
0.0014398909
0.0014398903
0.0014398911
0.0014398935
0.0014398972
0.0014399022
0.0014399085
0.0014399161
0.0014399248
0.0014399346
0.0014399454
0.0014399573
0.0014399701
0.0014399837
0.0014399982
0.0014400134
0.0014400293
0.0014400457
0.0014400627
0.0014400801
0.0014400979
0.001440116
0.0014401343
0.0014401528
0.0014401715
0.0014401904
0.0014402093
0.0014402284
0.0014402476
0.0014402668
0.001440286
0.0014403053
0.0014403246
0.0014403439
0.0014403631
0.0014403823
0.0014404014
0.0014404205
0.0014404394
0.0014404582
0.0014404768
0.0014404951
0.0014405133
0.0014405312
0.0014405489
0.0014405662
0.0014405832
0.0014405999
0.0014406163
0.0014406323
0.0014406479
0.0014406632
0.0014406781
0.0014406927
0.0014407069
0.0014407207
0.0014407342
0.0014407474
0.0014407602
0.0014407727
0.0014407849
0.0014407967
0.0014408081
0.0014408193
0.0014408301
0.0014408405
0.0014408506
0.0014408603
0.0014408697
0.0014408787
0.0014408873
0.0014408955
0.0014409034
0.0014409108
0.0014409179
0.0014409247
0.0014409311
0.0014409372
0.0014409429
0.0014409484
0.0014409535
0.0014409584
0.001440963
0.0014409674
0.0014409715
0.0014409755
0.0014409792
0.0014409827
0.001440986
0.0014409891
0.0014409919
0.0014409946
0.001440997
0.0014409991
0.0014410011
0.0014410027
0.0014410042
0.0014410054
0.0014410063
0.0014410071
0.0014410076
0.001441008
0.0014410082
0.0014410082
0.0014410081
0.001441008
0.0014410077
0.0014410074
0.0014410071
0.0014410067
0.0014410063
0.0014410059
0.0014410055
0.0014410049
0.0014410044
0.0014410037
0.001441003
0.0014410021
0.0014410011
0.001441
0.0014409987
0.0014409973
0.0014409958
0.0014409942
0.0014409925
0.0014409908
0.001440989
0.0014409873
0.0014409857
0.0014409841
0.0014409827
0.0014409814
0.0014409801
0.001440979
0.0014409778
0.0014409766
0.0014409753
0.0014409739
0.0014409723
0.0014409705
0.0014409684
0.0014409662
0.0014409638
0.0014409613
0.0014409589
0.0014409567
)
;
    }
}


// ************************************************************************* //
