/*--------------------------------*- C++ -*----------------------------------*\
| =========                 |                                                 |
| \\      /  F ield         | OpenFOAM: The Open Source CFD Toolbox           |
|  \\    /   O peration     | Version:  2506                                  |
|   \\  /    A nd           | Website:  www.openfoam.com                      |
|    \\/     M anipulation  |                                                 |
\*---------------------------------------------------------------------------*/
FoamFile
{
    version     2.0;
    format      ascii;
    arch        "LSB;label=32;scalar=64";
    class       surfaceScalarField;
    location    "7000/water";
    object      phi;
}
// * * * * * * * * * * * * * * * * * * * * * * * * * * * * * * * * * * * * * //

dimensions      [1 0 -1 0 0 0 0];

oriented        oriented;

internalField   nonuniform List<scalar> 
1890
(
-4.1736248e-05
0.0022168351
-0.00015753622
0.0059586937
-0.00032930669
0.0087985477
-0.00054203244
0.010900937
-0.00078239505
0.012402155
-0.0010351826
0.013412336
-0.0012746193
0.014013996
-0.0014359745
0.014245356
-0.001284859
0.0140006
0.012745539
-3.1455825e-05
0.0022482909
-0.00011269724
0.0060399351
-0.0002321939
0.0089180443
-0.0003799943
0.011048737
-0.00054594268
0.012568103
-0.00071649919
0.013582893
-0.00086674535
0.014164242
-0.00093361982
0.01431223
-0.0007339453
0.013800926
0.012011594
-2.9138835e-05
0.0022774298
-0.00010672999
0.0061175262
-0.00022105551
0.0090323698
-0.00036160345
0.011189285
-0.00051700171
0.012723501
-0.00067116283
0.013737054
-0.0007939628
0.014287042
-0.00081139971
0.014329667
-0.0005673012
0.013556827
0.011444293
-2.7339931e-05
0.0023047697
-0.00010102596
0.0061912123
-0.00020924236
0.0091405862
-0.00034097897
0.011321022
-0.00048374673
0.012866269
-0.0006191152
0.013872422
-0.00071088302
0.01437881
-0.00067660207
0.014295386
-0.000420264
0.013300489
0.011024029
-2.5625207e-05
0.0023303949
-9.4386048e-05
0.0062599731
-0.0001950667
0.0092412669
-0.00031669828
0.011442653
-0.00044589451
0.012995465
-0.00056132342
0.013987851
-0.00061882735
0.014436314
-0.00053651312
0.014213072
-0.00029565544
0.013059632
0.010728373
-2.4159464e-05
0.0023545544
-8.8799391e-05
0.0063246131
-0.00018306025
0.0093355278
-0.00029574135
0.011555335
-0.00041210837
0.013111832
-0.0005066226
0.014082366
-0.00052703598
0.014456728
-0.00040878359
0.01409482
-0.0002004318
0.01285128
0.010527941
-2.296547e-05
0.0023775199
-8.4333429e-05
0.006385981
-0.00017335334
0.0094245477
-0.00027826853
0.01166025
-0.00038232688
0.013215891
-0.0004543789
0.014154418
-0.00043820564
0.014440554
-0.00030321644
0.013959831
-0.00013378822
0.012681852
0.010394153
-2.2023836e-05
0.0023995437
-8.0769763e-05
0.006444727
-0.00016540571
0.0095091837
-0.00026327195
0.011758116
-0.00035472689
0.013307346
-0.00040244381
0.014202135
-0.00035545927
0.01439357
-0.00022236943
0.013826741
-8.9855457e-05
0.012549338
0.010304298
-2.1260561e-05
0.0024208043
-7.7812575e-05
0.006501279
-0.00015855227
0.0095899234
-0.00024948519
0.011849049
-0.00032712211
0.013384983
-0.00034954545
0.014224558
-0.00028212817
0.014326153
-0.00016300081
0.013707613
-6.1424914e-05
0.012447762
0.010242873
-2.0607167e-05
0.0024414114
-7.5216703e-05
0.0065558885
-0.00015223242
0.0096669391
-0.00023577767
0.011932594
-0.00029784598
0.013447051
-0.00029644707
0.014223159
-0.00022023768
0.014249943
-0.0001198035
0.013607179
-4.2688118e-05
0.012370646
0.010200185
-2.0018309e-05
0.0024614298
-7.2804792e-05
0.006608675
-0.00014600148
0.0097401357
-0.00022120586
0.012007799
-0.00026613528
0.01349198
-0.00024532
0.014202344
-0.00016974857
0.014174372
-8.7951998e-05
0.013525383
-2.98063e-05
0.012312501
0.010170378
-1.9463559e-05
0.0024808933
-7.0441487e-05
0.0066596529
-0.00013947764
0.0098091719
-0.00020502223
0.012073343
-0.00023228182
0.01351924
-0.00019838663
0.014168449
-0.00012919958
0.014105185
-6.3920577e-05
0.013460104
-2.0487313e-05
0.012269067
0.010149891
-1.8918749e-05
0.0024998121
-6.8008129e-05
0.0067087423
-0.00013229879
0.0098734625
-0.00018675603
0.0121278
-0.00019748268
0.013529967
-0.00015698167
0.014127948
-9.6701844e-05
0.014044905
-4.5355996e-05
0.013408758
-1.3427242e-05
0.012237139
0.010136464
-1.8360386e-05
0.0025181724
-6.5381792e-05
0.0067557637
-0.00012410694
0.0099321877
-0.00016633466
0.012170028
-0.00016333323
0.013526965
-0.00012140684
0.014086021
-7.0529798e-05
0.013994028
-3.0718909e-05
0.013368947
-7.888731e-06
0.012214308
0.010128575
-1.7761422e-05
0.0025359339
-6.2419641e-05
0.0068004219
-0.00011457686
0.0099843449
-0.00014416237
0.012199614
-0.00013123948
0.013514042
-9.1272127e-05
0.014046054
-4.9294455e-05
0.01395205
-1.8984362e-05
0.013338637
-3.4312239e-06
0.012198755
0.010125144
-1.7087921e-05
0.0025530218
-5.8952493e-05
0.0068422865
-0.00010349019
0.010028883
-0.00012105219
0.012217176
-0.00010208244
0.013495073
-6.5897979e-05
0.014009869
-3.1930689e-05
0.013918083
-9.4495787e-06
0.013316156
2.8766337e-07
0.012189018
0.010125431
-1.6296462e-05
0.0025693182
-5.4793172e-05
0.0068807832
-9.0831938e-05
0.010064921
-9.7998162e-05
0.012224342
-7.620917e-05
0.013473284
-4.457113e-05
0.013978231
-1.7626309e-05
0.013891138
-1.5565848e-06
0.013300086
3.3720959e-06
0.012184089
0.010128804
-1.5331756e-05
0.00258465
-4.9761858e-05
0.0069152133
-7.6852305e-05
0.010092012
-7.589815e-05
0.012223388
-5.3588608e-05
0.013450974
-2.6634347e-05
0.013951277
-5.725313e-06
0.013870229
4.9979953e-06
0.013289363
5.8495454e-06
0.012183238
0.010134653
-1.4126737e-05
0.0025987767
-4.3732659e-05
0.0069448192
-6.2044187e-05
0.010110323
-5.5379735e-05
0.012216723
-3.3986376e-05
0.013429581
-1.1512436e-05
0.013928803
4.2370969e-06
0.013854479
1.0367914e-05
0.013283232
7.8669167e-06
0.012185739
0.01014252
-1.2609174e-05
0.0026113859
-3.6694865e-05
0.0069689049
-4.7031809e-05
0.01012066
-3.6776237e-05
0.012206468
-1.7081854e-05
0.013409886
1.3268449e-06
0.013910394
1.2525679e-05
0.01384328
1.4772874e-05
0.013280985
9.5151319e-06
0.012190997
0.010152035
-1.0718703e-05
0.0026221046
-2.880122e-05
0.0069869874
-3.2421148e-05
0.01012428
-2.0183031e-05
0.01219423
-2.4832339e-06
0.013392186
1.2169228e-05
0.013895742
1.9374013e-05
0.013836076
1.8387287e-05
0.013281971
1.0860026e-05
0.012198524
0.010162895
-8.4364034e-06
0.002630541
-2.0369819e-05
0.0069989208
-1.8685758e-05
0.010122596
-5.5195152e-06
0.012181063
1.0028946e-05
0.013376638
2.1194541e-05
0.013884576
2.5021012e-05
0.013832249
2.1342524e-05
0.01328565
1.1949627e-05
0.012207917
0.010174845
-5.8190848e-06
0.0026363601
-1.1825885e-05
0.0070049276
-6.1113915e-06
0.010116882
7.2757295e-06
0.012167676
2.0569374e-05
0.013363344
2.8683046e-05
0.013876463
2.9652676e-05
0.01383128
2.3736573e-05
0.013291566
1.2818185e-05
0.012218835
0.010187663
-3.0143446e-06
0.0026393744
-3.5963436e-06
0.0070055096
5.102265e-06
0.010108183
1.8190406e-05
0.012154588
2.9353985e-05
0.013352181
3.4839495e-05
0.013870977
3.3406409e-05
0.013832713
2.5640483e-05
0.013299332
1.3489887e-05
0.012230986
0.010201153
-2.3417055e-07
0.0026396086
3.9069143e-06
0.0070013686
1.4740157e-05
0.01009735
2.7285203e-05
0.012142043
3.6559941e-05
0.013342906
3.9812546e-05
0.013867725
3.6377778e-05
0.013836147
2.7101318e-05
0.013308608
1.3979353e-05
0.012244108
0.010215132
2.2771198e-06
0.0026373315
1.0309003e-05
0.0069933367
2.2682257e-05
0.010084977
3.4656709e-05
0.012130069
4.230985e-05
0.013335253
4.3698348e-05
0.013866336
3.8623372e-05
0.013841222
2.8142967e-05
0.013319089
1.429166e-05
0.012257959
0.010229424
4.3220052e-06
0.0026330095
1.5395873e-05
0.0069822628
2.8921838e-05
0.010071451
4.0375114e-05
0.012118615
4.6679695e-05
0.013328948
4.6548316e-05
0.013866468
4.0166057e-05
0.013847605
2.8768683e-05
0.013330486
1.4422981e-05
0.012272305
0.010243847
5.8175388e-06
0.002627192
1.9124602e-05
0.0069689558
3.3494589e-05
0.010057081
4.4501487e-05
0.012107608
4.97178e-05
0.013323732
4.8385205e-05
0.0138678
4.1006564e-05
0.013854983
2.896817e-05
0.013342525
1.4363776e-05
0.012286909
0.010258211
6.7758348e-06
0.0026204161
2.1562893e-05
0.0069541687
3.6487808e-05
0.010042156
4.7109337e-05
0.012096987
5.1468185e-05
0.013319373
4.9223452e-05
0.013870045
4.1139011e-05
0.013863068
2.8727845e-05
0.013354936
1.4103929e-05
0.012301533
0.010272315
7.269189e-06
0.0026131469
2.2857354e-05
0.0069385805
3.8041638e-05
0.010026971
4.8301454e-05
0.012086727
5.1991507e-05
0.013315683
4.9088801e-05
0.013872948
4.056669e-05
0.01387159
2.8041635e-05
0.013367461
1.3637861e-05
0.012315937
0.010285952
7.3943326e-06
0.0026057526
2.3198294e-05
0.0069227766
3.8340284e-05
0.010011829
4.8217591e-05
0.01207685
5.1379422e-05
0.013312521
4.8033717e-05
0.013876293
3.9315538e-05
0.013880308
2.6920765e-05
0.013379855
1.2969787e-05
0.012329888
0.010298922
7.2473581e-06
0.0025985052
2.2788171e-05
0.0069072358
3.759522e-05
0.0099970223
4.7031126e-05
0.012067414
4.9758561e-05
0.013309794
4.61442e-05
0.013879908
3.7440915e-05
0.013889011
2.5398736e-05
0.013391898
1.2115946e-05
0.012343171
0.010311038
6.9112282e-06
0.002591594
2.1818878e-05
0.0068923281
3.6026152e-05
0.0099828151
4.4937995e-05
0.012058502
4.7285538e-05
0.013307446
4.3538192e-05
0.013883655
3.5027449e-05
0.013897522
2.3531418e-05
0.013403394
1.1104581e-05
0.012355597
0.010322143
6.4521004e-06
0.0025851419
2.0458708e-05
0.0068783215
3.3844302e-05
0.0099694295
4.2142184e-05
0.012050204
4.4135817e-05
0.013305453
4.0357235e-05
0.013887434
3.2182736e-05
0.013905697
2.139242e-05
0.013414184
9.9732675e-06
0.012367017
0.010332116
5.920241e-06
0.0025792217
1.884726e-05
0.0068653945
3.1240612e-05
0.0099570362
3.8841911e-05
0.012042603
4.0490549e-05
0.013303804
3.6754867e-05
0.013891169
2.9027693e-05
0.013913424
1.9065876e-05
0.013424146
8.7648582e-06
0.012377318
0.010340881
5.3526762e-06
0.002573869
1.7095606e-05
0.0068536516
2.8379344e-05
0.0099457524
3.5219051e-05
0.012035763
3.6524586e-05
0.013302499
3.2884938e-05
0.013894809
2.568632e-05
0.013920622
1.6638733e-05
0.013433193
7.5233695e-06
0.012386433
0.010348404
4.7760564e-06
0.002569093
1.5289209e-05
0.0068431384
2.539604e-05
0.0099356456
3.1432493e-05
0.012029727
3.239733e-05
0.013301534
2.8891795e-05
0.013898314
2.2276708e-05
0.013927238
1.4193883e-05
0.013441276
6.2903179e-06
0.012394337
0.010354695
4.2091464e-06
0.0025648838
1.3491875e-05
0.0068338557
2.2398439e-05
0.009926739
2.7615056e-05
0.01202451
2.8246849e-05
0.013300902
2.4903157e-05
0.013901658
1.8904154e-05
0.013933237
1.180481e-05
0.013448376
5.1018134e-06
0.01240104
0.010359796
3.6648374e-06
0.002561219
1.1749829e-05
0.0068257707
1.9469184e-05
0.0099190197
2.3873255e-05
0.012020106
2.4187173e-05
0.013300588
2.1026085e-05
0.013904819
1.5656994e-05
0.013938606
9.5323922e-06
0.0134545
3.9871412e-06
0.012406585
0.010363783
3.1516342e-06
0.0025580673
1.0095291e-05
0.006818827
1.6669124e-05
0.0099124458
2.028871e-05
0.012016486
2.0307712e-05
0.013300569
1.7345093e-05
0.013907782
1.2604328e-05
0.013943346
7.4230361e-06
0.013459682
2.9675902e-06
0.01241104
0.010366751
2.6748261e-06
0.0025553925
8.5495944e-06
0.0068129523
1.4040923e-05
0.0099069545
1.692082e-05
0.012013607
1.6674661e-05
0.013300815
1.3922621e-05
0.013910534
9.7961051e-06
0.013947473
5.5088396e-06
0.013463969
2.0569562e-06
0.012414492
0.010368808
2.2373142e-06
0.0025531552
7.1256644e-06
0.0068080639
1.1612358e-05
0.0099024678
1.380977e-05
0.012011409
1.333324e-05
0.013301292
1.0800601e-05
0.013913067
7.2642807e-06
0.013951009
3.8084973e-06
0.013467425
1.2619513e-06
0.012417039
0.01037007
1.8402843e-06
0.0025513149
5.8301222e-06
0.0068040741
9.3995038e-06
0.0098988984
1.0979998e-05
0.012009829
1.0311024e-05
0.013301961
8.0035474e-06
0.013915374
5.0257038e-06
0.013953987
2.3298449e-06
0.01347012
5.8402674e-07
0.012418785
0.010370654
1.4836656e-06
0.0025498312
4.6648488e-06
0.0068008929
7.4092549e-06
0.009896154
8.443142e-06
0.012008795
7.6208522e-06
0.013302783
5.5412415e-06
0.013917454
3.0845275e-06
0.013956444
1.0727195e-06
0.013472132
3.0919931e-08
0.012419826
0.010370685
1.1664543e-06
0.0025486648
3.6280538e-06
0.0067984313
5.6411037e-06
0.009894141
6.2001201e-06
0.012008236
5.2629497e-06
0.01330372
3.4110098e-06
0.013919306
1.4357485e-06
0.013958419
3.848806e-08
0.01347353
-4.1225057e-07
0.012420277
0.010370273
8.8699765e-07
0.0025477778
2.7153519e-06
0.006796603
4.0891744e-06
0.0098927672
4.2440478e-06
0.012008081
3.2287512e-06
0.013304735
1.6030051e-06
0.013920931
7.3899988e-08
0.013959948
-7.9645081e-07
0.0134744
-7.7061621e-07
0.012420251
0.010369502
6.4326415e-07
0.0025471345
1.9207662e-06
0.0067953255
2.7442429e-06
0.0098919437
2.5633682e-06
0.012008262
1.5053757e-06
0.013305793
1.0684302e-07
0.01392233
-1.029403e-06
0.013961084
-1.4650059e-06
0.013474835
-1.0487308e-06
0.012419835
0.010368453
4.3298155e-07
0.0025467015
1.2372867e-06
0.0067945212
1.5949497e-06
0.009891586
1.1440407e-06
0.012008713
7.911795e-08
0.013306858
-1.108011e-06
0.013923517
-1.9114627e-06
0.013961888
-1.9808672e-06
0.013474905
-1.2531646e-06
0.012419107
0.0103672
2.5380541e-07
0.0025464477
6.575792e-07
0.0067941174
6.2975849e-07
0.0098916139
-2.8340944e-08
0.012009371
-1.0799139e-06
0.01330791
-2.0795589e-06
0.013924517
-2.5928483e-06
0.013962401
-2.359499e-06
0.013474672
-1.3922305e-06
0.01241814
0.010365808
1.0346722e-07
0.0025463443
1.7456788e-07
0.0067940463
-1.6491463e-07
0.0098919533
-9.8053313e-07
0.012010186
-2.007145e-06
0.013308937
-2.8318033e-06
0.013925341
-3.0949498e-06
0.013962664
-2.6175765e-06
0.013474194
-1.4749819e-06
0.012416997
0.010364333
-2.0503236e-08
0.0025463648
-2.2097973e-07
0.0067942467
-8.0900027e-07
0.0098925413
-1.7415281e-06
0.012011119
-2.7258228e-06
0.013309921
-3.3883699e-06
0.013926004
-3.4395667e-06
0.013962716
-2.7716917e-06
0.013473526
-1.5101421e-06
0.012415736
0.010362823
-1.2111867e-07
0.0025464859
-5.3986041e-07
0.0067946655
-1.3211906e-06
0.0098933227
-2.330321e-06
0.012012128
-3.2586568e-06
0.013310849
-3.7730527e-06
0.013926518
-3.6482134e-06
0.013962591
-2.8378746e-06
0.013472716
-1.5060057e-06
0.012414404
0.010361317
-2.0114875e-07
0.002546687
-7.9075335e-07
0.0067952551
-1.7150352e-06
0.0098942469
-2.7659614e-06
0.012013179
-3.6281526e-06
0.013311711
-4.0089762e-06
0.013926899
-3.7413863e-06
0.013962323
-2.8310218e-06
0.013471806
-1.4700252e-06
0.012413043
0.010359847
-2.6284451e-07
0.0025469499
-9.8103975e-07
0.0067959733
-2.0039621e-06
0.0098952699
-3.0671573e-06
0.012014242
-3.8561963e-06
0.0133125
-4.1183212e-06
0.013927161
-3.738418e-06
0.013961943
-2.764949e-06
0.013470832
-1.4090309e-06
0.012411687
0.010358438
-3.0833766e-07
0.0025472582
-1.1178889e-06
0.0067967828
-2.2010401e-06
0.009896353
-3.2520005e-06
0.012015293
-3.9637463e-06
0.013313212
-4.1220375e-06
0.013927319
-3.6573016e-06
0.013961478
-2.6523143e-06
0.013469827
-1.3291647e-06
0.012410364
0.010357109
-3.3966089e-07
0.0025475979
-1.2081941e-06
0.0067976514
-2.3188251e-06
0.0098974636
-3.337762e-06
0.012016312
-3.9706058e-06
0.013313845
-4.0396667e-06
0.013927388
-3.5145775e-06
0.013960953
-2.5046068e-06
0.013468817
-1.2359817e-06
0.012409095
0.010355873
-3.5873048e-07
0.0025479566
-1.2584831e-06
0.0067985511
-2.369174e-06
0.0098985743
-3.3406184e-06
0.012017283
-3.8950901e-06
0.013314399
-3.8890008e-06
0.013927382
-3.3250336e-06
0.013960389
-2.3318767e-06
0.013467824
-1.1341978e-06
0.012407898
0.010354738
-3.6734775e-07
0.002548324
-1.274876e-06
0.0067994586
-2.363137e-06
0.0098996626
-3.2754841e-06
0.012018196
-3.753843e-06
0.013314878
-3.6859083e-06
0.013927314
-3.1015807e-06
0.013959805
-2.1427109e-06
0.013466865
-1.0277848e-06
0.012406783
0.010353711
-3.6717433e-07
0.0025486911
-1.2630146e-06
0.0068003545
-2.3108215e-06
0.0099007104
-3.1558308e-06
0.012019041
-3.5616283e-06
0.013315284
-3.4441641e-06
0.013927197
-2.8551186e-06
0.013959216
-1.9440875e-06
0.013465954
-9.1979011e-07
0.012405758
0.010352791
-3.5974344e-07
0.0025490509
-1.2280635e-06
0.0068012228
-2.2213932e-06
0.0099017037
-2.9937047e-06
0.012019813
-3.331422e-06
0.013315621
-3.175604e-06
0.013927041
-2.5947694e-06
0.013958635
-1.7416802e-06
0.013465101
-8.1262604e-07
0.012404829
0.010351978
-3.4644953e-07
0.0025493973
-1.1747015e-06
0.006802051
-2.1030746e-06
0.0099026321
-2.7997677e-06
0.01202051
-3.0745074e-06
0.013315896
-2.8903092e-06
0.013926857
-2.3281138e-06
0.013958073
-1.5400551e-06
0.013464313
-7.0813714e-07
0.012403997
0.01035127
-3.2855942e-07
0.0025497259
-1.1071476e-06
0.0068028296
-1.9632099e-06
0.0099034881
-2.5834237e-06
0.01202113
-2.8006884e-06
0.013316113
-2.596901e-06
0.013926653
-2.0615148e-06
0.013957538
-1.3429782e-06
0.013463594
-6.0782856e-07
0.012403262
0.010350662
-3.0721665e-07
0.0025500331
-1.0291873e-06
0.0068035516
-1.808329e-06
0.0099042673
-2.3529376e-06
0.012021675
-2.5184741e-06
0.013316279
-2.3027533e-06
0.013926437
-1.8003586e-06
0.013957035
-1.1536258e-06
0.013462948
-5.1298283e-07
0.012402622
0.010350149
-2.8343992e-07
0.0025503165
-9.4417753e-07
0.0068042123
-1.644167e-06
0.0099049673
-2.1154773e-06
0.012022146
-2.2351302e-06
0.013316398
-2.0140675e-06
0.013926216
-1.5490994e-06
0.01395657
-9.7457262e-07
0.013462373
-4.2461401e-07
0.012402072
0.010349725
-2.5812838e-07
0.0025505747
-8.5506119e-07
0.0068048093
-1.475695e-06
0.0099055879
-1.8771606e-06
0.012022547
-1.9567442e-06
0.013316478
-1.7359166e-06
0.013925996
-1.3112726e-06
0.013956146
-8.0780671e-07
0.01346187
-3.434978e-07
0.012401607
0.010349381
-2.3205752e-07
0.0025508067
-7.6436001e-07
0.0068053416
-1.3071137e-06
0.0099061307
-1.6430481e-06
0.012022883
-1.6882073e-06
0.013316523
-1.4722229e-06
0.01392578
-1.0894702e-06
0.013955763
-6.5465478e-07
0.013461435
-2.7006065e-07
0.012401223
0.010349111
-2.0588322e-07
0.0025510126
-6.7418573e-07
0.0068058099
-1.1418711e-06
0.0099065983
-1.417182e-06
0.012023159
-1.4332711e-06
0.013316539
-1.2258131e-06
0.013925572
-8.853673e-07
0.013955422
-5.1580996e-07
0.013461065
-2.0443219e-07
0.012400911
0.010348907
-1.80147e-07
0.0025511927
-5.8625876e-07
0.006806216
-9.8271324e-07
0.0099069948
-1.2026615e-06
0.012023379
-1.1946533e-06
0.013316531
-9.9854351e-07
0.013925376
-6.9985898e-07
0.013955124
-3.9143332e-07
0.013460757
-1.4647486e-07
0.012400666
0.01034876
-1.5528574e-07
0.002551348
-5.0194284e-07
0.0068065626
-8.3175088e-07
0.0099073246
-1.0017582e-06
0.012023549
-9.7418982e-07
0.013316504
-7.9147168e-07
0.013925193
-5.3322559e-07
0.013954865
-2.8131299e-07
0.013460505
-9.5896253e-08
0.012400481
0.010348664
-1.3163975e-07
0.0025514797
-4.2227953e-07
0.0068068533
-6.9053457e-07
0.0099075929
-8.1603242e-07
0.012023674
-7.7297992e-07
0.013316461
-6.0502096e-07
0.013925025
-3.8527795e-07
0.013954646
-1.8494696e-07
0.013460305
-5.2287784e-08
0.012400348
0.010348612
-1.0947042e-07
0.0025515891
-3.4804162e-07
0.0068070918
-5.6015761e-07
0.009907805
-6.4648121e-07
0.01202376
-5.9157677e-07
0.013316406
-4.3917129e-07
0.013924873
-2.5555031e-07
0.013954462
-1.0168117e-07
0.013460151
-1.4772098e-08
0.012400261
0.010348597
-8.8964741e-08
0.0025516781
-2.7976968e-07
0.0068072827
-4.4133004e-07
0.0099079665
-4.9365036e-07
0.012023813
-4.301062e-07
0.013316342
-2.9357557e-07
0.013924736
-1.4331967e-07
0.013954312
-3.0405419e-08
0.013460038
1.7075614e-08
0.012400214
0.010348614
-7.0252576e-08
0.0025517484
-2.1781535e-07
0.0068074302
-3.3445684e-07
0.0099080832
-3.5773145e-07
0.012023836
-2.8836686e-07
0.013316273
-1.6759248e-07
0.013924616
-4.7476331e-08
0.013954192
2.9531802e-08
0.013459961
4.2757423e-08
0.012400201
0.010348657
-5.3405511e-08
0.0025518018
-1.6234706e-07
0.0068075392
-2.3964025e-07
0.0099081605
-2.385432e-07
0.012023835
-1.6574684e-07
0.0133162
-6.0096839e-08
0.01392451
3.2950345e-08
0.013954099
7.8057487e-08
0.013459916
6.2526251e-08
0.012400216
0.01034872
-3.8443057e-08
0.0025518402
-1.1336578e-07
0.0068076141
-1.5669903e-07
0.0099082038
-1.3553035e-07
0.012023814
-6.1153982e-08
0.013316126
3.0101148e-08
0.013924419
9.8292564e-08
0.01395403
1.1580818e-07
0.013459898
7.721324e-08
0.012400255
0.010348797
-2.5341443e-08
0.0025518656
-7.0731106e-08
0.0068076595
-8.5197765e-08
0.0099082183
-4.7747221e-08
0.012023776
2.6586986e-08
0.013316051
1.03578e-07
0.013924342
1.4940172e-07
0.013953985
1.4403209e-07
0.013459904
8.7481864e-08
0.012400311
0.010348884
-1.40313e-08
0.0025518796
-3.4149255e-08
0.0068076796
-2.4397163e-08
0.0099082085
2.5806051e-08
0.012023726
9.8177536e-08
0.013315979
1.6133588e-07
0.013924279
1.8790963e-07
0.013953958
1.6398355e-07
0.013459927
9.4004286e-08
0.012400381
0.010348978
-4.4045137e-09
0.002551884
-3.1984314e-09
0.0068076784
2.635043e-08
0.009908179
8.5762679e-08
0.012023667
1.5462953e-07
0.01331591
2.0515082e-07
0.013924228
2.1543511e-07
0.013953948
1.7684869e-07
0.013459966
9.7357941e-08
0.012400461
0.010349076
3.6411882e-09
0.0025518804
2.2419823e-08
0.0068076596
6.7526075e-08
0.0099081339
1.3306875e-07
0.012023601
1.9765213e-07
0.013315846
2.3679766e-07
0.013924189
2.3355122e-07
0.013953951
1.8378445e-07
0.013460016
9.8150728e-08
0.012400546
0.010349174
1.0187367e-08
0.0025518702
4.2984544e-08
0.0068076268
9.9884431e-08
0.009908077
1.6912009e-07
0.012023532
2.2889536e-07
0.013315786
2.5795408e-07
0.01392416
2.4372983e-07
0.013953965
1.8583491e-07
0.013460074
9.6882993e-08
0.012400635
0.010349271
1.5353665e-08
0.0025518548
5.8979871e-08
0.0068075832
1.2439398e-07
0.0099080116
1.9526872e-07
0.012023461
2.4992592e-07
0.013315731
2.7017717e-07
0.01392414
2.4728945e-07
0.013953988
1.8392586e-07
0.013460137
9.4014646e-08
0.012400725
0.010349365
1.9277065e-08
0.0025518355
7.0899161e-08
0.0068075316
1.4197265e-07
0.0099079405
2.127737e-07
0.01202339
2.6216284e-07
0.013315682
2.748328e-07
0.013924127
2.4535288e-07
0.013954018
1.788085e-07
0.013460204
8.9877015e-08
0.012400814
0.010349455
2.2096924e-08
0.0025518134
7.9219358e-08
0.0068074745
1.5348728e-07
0.0099078662
2.2280095e-07
0.012023321
2.6689548e-07
0.013315638
2.7313075e-07
0.013924121
2.3888618e-07
0.013954052
1.7110421e-07
0.013460271
8.4768957e-08
0.012400901
0.010349539
2.3942252e-08
0.0025517895
8.4386387e-08
0.006807414
1.5973547e-07
0.0099077909
2.2639964e-07
0.012023254
2.6524934e-07
0.013315599
2.6609691e-07
0.01392412
2.2866382e-07
0.013954089
1.6126806e-07
0.013460339
7.8816292e-08
0.012400983
0.010349618
2.4948235e-08
0.0025517646
8.6840994e-08
0.0068073521
1.6149126e-07
0.0099077162
2.2458041e-07
0.012023191
2.5831169e-07
0.013315565
2.5471495e-07
0.013924123
2.1544547e-07
0.013954129
1.497724e-07
0.013460404
7.2263261e-08
0.012401061
0.01034969
2.5236155e-08
0.0025517393
8.6993394e-08
0.0068072904
1.594739e-07
0.0099076438
2.1827733e-07
0.012023132
2.4707095e-07
0.013315536
2.3987766e-07
0.013924131
1.9990558e-07
0.013954169
1.37022e-07
0.013460467
6.5226232e-08
0.012401132
0.010349756
2.4935126e-08
0.0025517144
8.526003e-08
0.00680723
1.5441024e-07
0.0099075746
2.0843268e-07
0.012023078
2.3254877e-07
0.013315512
2.2253194e-07
0.013924141
1.8280471e-07
0.013954208
1.2354012e-07
0.013460527
5.8007051e-08
0.012401198
0.010349814
2.4156778e-08
0.0025516902
8.2021342e-08
0.0068071722
1.4696595e-07
0.0099075097
1.9591764e-07
0.012023029
2.1567373e-07
0.013315492
2.0354073e-07
0.013924153
1.6483743e-07
0.013954247
1.0978378e-07
0.013460582
5.077473e-08
0.012401257
0.010349864
2.301387e-08
0.0025516672
7.7645964e-08
0.0068071175
1.3778499e-07
0.0099074495
1.8156491e-07
0.012022986
1.9735242e-07
0.013315477
1.8375216e-07
0.013924166
1.4671151e-07
0.013954284
9.6260369e-08
0.013460632
4.3830956e-08
0.012401309
0.010349908
2.1600182e-08
0.0025516456
7.2451911e-08
0.0068070667
1.2741703e-07
0.0099073945
1.6607919e-07
0.012022947
1.783231e-07
0.013315464
1.6384168e-07
0.013924181
1.2895507e-07
0.013954319
8.3325839e-08
0.013460678
3.732022e-08
0.012401355
0.010349946
1.9999396e-08
0.0025516256
6.6713493e-08
0.00680702
1.1633091e-07
0.0099073449
1.5004059e-07
0.012022913
1.5918031e-07
0.013315455
1.4432431e-07
0.013924196
1.1195637e-07
0.013954351
7.121701e-08
0.013460718
3.1368529e-08
0.012401395
0.010349977
1.8275273e-08
0.0025516073
6.0644374e-08
0.0068069776
1.0487613e-07
0.0099073007
1.3386649e-07
0.012022884
1.4031148e-07
0.013315449
1.2549056e-07
0.013924211
9.5877523e-08
0.013954381
5.9976665e-08
0.013460754
2.5939607e-08
0.012401429
0.010350003
1.6483507e-08
0.0025515908
5.4417645e-08
0.0068069397
9.3329094e-08
0.0099072618
1.178614e-07
0.01202286
1.2197558e-07
0.013315445
1.075016e-07
0.013924225
8.0766242e-08
0.013954408
4.9575967e-08
0.013460786
2.0992848e-08
0.012401458
0.010350024
1.4665175e-08
0.0025515762
4.816229e-08
0.0068069062
8.1883566e-08
0.009907228
1.0222931e-07
0.012022839
1.043212e-07
0.013315443
9.0408897e-08
0.013924239
6.6577009e-08
0.013954431
3.9900098e-08
0.013460812
1.6414358e-08
0.012401481
0.01035004
1.2861764e-08
0.0025515633
4.1998715e-08
0.006806877
7.0724255e-08
0.0099071993
8.7162069e-08
0.012022823
8.7499738e-08
0.013315442
7.4294712e-08
0.013924252
5.3315726e-08
0.013954452
3.0913784e-08
0.013460835
1.2182227e-08
0.0124015
0.010350052
1.1104984e-08
0.0025515522
3.602658e-08
0.0068068521
6.0004224e-08
0.0099071753
7.2833648e-08
0.01202281
7.166168e-08
0.013315443
5.9259579e-08
0.013924264
4.1029837e-08
0.013954471
2.2612614e-08
0.013460853
8.2575057e-09
0.012401514
0.010350061
9.429794e-09
0.0025515428
3.0351012e-08
0.0068068312
4.9895196e-08
0.0099071558
5.9448603e-08
0.012022801
5.7016422e-08
0.013315446
4.5490449e-08
0.013924276
2.9873989e-08
0.013954486
1.5127719e-08
0.013460868
4.7371284e-09
0.012401525
0.010350065
7.8600395e-09
0.0025515349
2.5056058e-08
0.006806814
4.0542079e-08
0.0099071403
4.7195363e-08
0.012022794
4.3768189e-08
0.013315449
3.3189348e-08
0.013924287
2.0033674e-08
0.013954499
8.6107357e-09
0.013460879
1.7260536e-09
0.012401532
0.010350067
6.4253568e-09
0.0025515285
2.0231377e-08
0.0068068002
3.2124386e-08
0.0099071284
3.6365953e-08
0.01202279
3.2319024e-08
0.013315453
2.2837747e-08
0.013924296
1.2006226e-08
0.01395451
3.480205e-09
0.013460888
-5.6269964e-10
0.012401536
0.010350067
2.9034581e-09
9.0936608e-09
1.4303846e-08
1.5942263e-08
1.3848565e-08
9.3763168e-09
4.5134308e-09
8.8746134e-10
-5.2537519e-10
)
;

boundaryField
{
    water_inlet
    {
        type            calculated;
        value           nonuniform List<scalar> 10(-0.0021750989 -0.0058428937 -0.0086267772 -0.010688211 -0.012161792 -0.013159549 -0.01377456 -0.014084001 -0.014151716 -0.014030398);
    }
    water_outlet
    {
        type            calculated;
        value           nonuniform List<scalar> 10(0.0025515256 0.006806794 0.0099071232 0.012022788 0.013315455 0.013924301 0.013954515 0.013460891 0.012401537 0.010350066);
    }
    water_wedge1
    {
        type            wedge;
        value           nonuniform List<scalar> 
1000
(
-1.1296161e-13
-1.4267975e-13
-1.1216477e-13
-1.0631339e-13
-9.9352888e-14
-9.3387213e-14
-8.8691555e-14
-8.4954446e-14
-8.1977092e-14
-7.948961e-14
-7.7282413e-14
-7.5239815e-14
-7.3263699e-14
-7.1278584e-14
-6.9186482e-14
-6.6855892e-14
-6.4134983e-14
-6.0816647e-14
-5.6666185e-14
-5.1411413e-14
-4.4795153e-14
-3.6656272e-14
-2.7078487e-14
-1.6560281e-14
-5.8660066e-15
4.0622801e-15
1.2374639e-14
1.8674259e-14
2.2898967e-14
2.5294817e-14
2.6223412e-14
2.6007869e-14
2.502428e-14
2.3516507e-14
2.1688462e-14
1.9701375e-14
1.7623073e-14
1.5585931e-14
1.3615162e-14
1.1731952e-14
9.9975313e-15
8.3915079e-15
6.9295702e-15
5.6161462e-15
4.4400201e-15
3.4011059e-15
2.4922232e-15
1.7134431e-15
1.046429e-15
4.8018334e-16
1.4797538e-17
-3.6686634e-16
-6.7577931e-16
-9.1260717e-16
-1.0839174e-15
-1.2030993e-15
-1.2840639e-15
-1.326378e-15
-1.3307099e-15
-1.310702e-15
-1.2686257e-15
-1.204932e-15
-1.1291878e-15
-1.0448645e-15
-9.545003e-16
-8.681414e-16
-7.719198e-16
-6.7308638e-16
-5.8749303e-16
-4.9822485e-16
-4.132682e-16
-3.4393748e-16
-2.7349763e-16
-2.0812642e-16
-1.555926e-16
-1.0598423e-16
-6.0764285e-17
-2.3038791e-17
3.127291e-18
2.9107612e-17
4.8495346e-17
5.9627202e-17
7.4505224e-17
7.8770228e-17
8.4107005e-17
8.8652172e-17
8.6573977e-17
8.6546642e-17
7.7301217e-17
6.9248794e-17
7.165089e-17
6.7287203e-17
5.5979768e-17
4.7510869e-17
3.9932729e-17
4.0661538e-17
3.7851474e-17
2.1283608e-17
1.8665374e-17
1.3125358e-17
-6.8081378e-13
-1.033545e-12
-8.3928935e-13
-7.9752825e-13
-7.4939925e-13
-7.0313869e-13
-6.6536452e-13
-6.3522808e-13
-6.1093643e-13
-5.9052952e-13
-5.7244982e-13
-5.5560555e-13
-5.3912543e-13
-5.2219995e-13
-5.0397567e-13
-4.8343361e-13
-4.5934469e-13
-4.3018849e-13
-3.9436589e-13
-3.5055283e-13
-2.9813873e-13
-2.3765732e-13
-1.7103736e-13
-1.0155685e-13
-3.3369173e-14
2.8952267e-14
8.149016e-14
1.2215497e-13
1.5064459e-13
1.6797667e-13
1.7589028e-13
1.7634594e-13
1.7126076e-13
1.6226798e-13
1.5072702e-13
1.376933e-13
1.2393092e-13
1.1004425e-13
9.6444581e-14
8.3437144e-14
7.1222561e-14
5.9898666e-14
4.9549034e-14
4.0195001e-14
3.1825956e-14
2.4422888e-14
1.7935462e-14
1.2314587e-14
7.512906e-15
3.4687667e-15
1.1582125e-16
-2.6154952e-15
-4.7992957e-15
-6.4997403e-15
-7.7679654e-15
-8.6547922e-15
-9.2117878e-15
-9.4944291e-15
-9.5348412e-15
-9.3781426e-15
-9.0661652e-15
-8.6214057e-15
-8.0815196e-15
-7.476272e-15
-6.8313051e-15
-6.1647979e-15
-5.4846169e-15
-4.8108358e-15
-4.1624126e-15
-3.5420627e-15
-2.9617466e-15
-2.4217921e-15
-1.9241663e-15
-1.4797841e-15
-1.0846471e-15
-7.3690956e-16
-4.2763373e-16
-1.6664915e-16
4.713377e-17
2.2404612e-16
3.614213e-16
4.7215263e-16
5.5134966e-16
6.0183127e-16
6.3298741e-16
6.4200901e-16
6.4019493e-16
6.2625056e-16
5.9691939e-16
5.5974938e-16
5.2124381e-16
4.7853651e-16
4.2942723e-16
3.8103822e-16
3.3620863e-16
2.9174253e-16
2.5027735e-16
2.060393e-16
1.6749986e-16
9.8122625e-17
3.1339114e-12
4.8023026e-12
3.9072366e-12
3.711389e-12
3.4900548e-12
3.2689324e-12
3.0860166e-12
2.9387779e-12
2.8176143e-12
2.7124751e-12
2.6152697e-12
2.5197197e-12
2.4205103e-12
2.3123566e-12
2.1894922e-12
2.046111e-12
1.8774905e-12
1.6810975e-12
1.4574238e-12
1.210553e-12
9.4810034e-13
6.8018131e-13
4.1761205e-13
1.7020545e-13
-5.3300148e-14
-2.4554797e-13
-4.0218483e-13
-5.2206357e-13
-6.0638454e-13
-6.5807413e-13
-6.8128449e-13
-6.8085248e-13
-6.6173878e-13
-6.2865116e-13
-5.8577038e-13
-5.36632e-13
-4.8412443e-13
-4.305035e-13
-3.7749561e-13
-3.2636739e-13
-2.7801064e-13
-2.3301002e-13
-1.9172889e-13
-1.5434423e-13
-1.2088775e-13
-9.1300035e-14
-6.5425029e-14
-4.3090752e-14
-2.4087689e-14
-8.1859494e-15
4.8854209e-15
1.547244e-14
2.3846668e-14
3.0244434e-14
3.4887477e-14
3.8010679e-14
3.9835203e-14
4.0528528e-14
4.0295864e-14
3.9297122e-14
3.7686274e-14
3.5612267e-14
3.317662e-14
3.0503249e-14
2.7679458e-14
2.4794558e-14
2.1929834e-14
1.9115936e-14
1.6414843e-14
1.3854217e-14
1.1459162e-14
9.2658992e-15
7.2601278e-15
5.4580279e-15
3.860658e-15
2.4678896e-15
1.2837336e-15
2.6706382e-16
-5.7587934e-16
-1.2599507e-15
-1.8018917e-15
-2.1949495e-15
-2.4801423e-15
-2.6641303e-15
-2.7517957e-15
-2.7696991e-15
-2.7197644e-15
-2.6226342e-15
-2.4930545e-15
-2.3321474e-15
-2.1533131e-15
-1.9586883e-15
-1.765831e-15
-1.5727113e-15
-1.3713539e-15
-1.1787564e-15
-9.9298084e-16
-8.2618669e-16
-6.7712648e-16
-3.9475064e-16
-3.7211499e-12
-5.4869315e-12
-4.4854223e-12
-4.2512644e-12
-3.987373e-12
-3.7244128e-12
-3.5031619e-12
-3.3195208e-12
-3.1610767e-12
-3.0149834e-12
-2.8702772e-12
-2.7175003e-12
-2.5486781e-12
-2.3580425e-12
-2.1427128e-12
-1.9031516e-12
-1.6434536e-12
-1.3711222e-12
-1.0958694e-12
-8.2768893e-13
-5.7486093e-13
-3.4280274e-13
-1.3424093e-13
4.928442e-14
2.0667136e-13
3.3756224e-13
4.4238587e-13
5.2197894e-13
5.7746081e-13
6.1045276e-13
6.2317697e-13
6.1835302e-13
5.9905148e-13
5.6840711e-13
5.294334e-13
4.8487266e-13
4.3708146e-13
3.8804603e-13
3.393341e-13
2.9215012e-13
2.4739088e-13
2.0567233e-13
1.6738078e-13
1.3273722e-13
1.0180875e-13
7.453813e-14
5.0818607e-14
3.0488814e-14
1.3375327e-14
-7.8044542e-16
-1.2314738e-14
-2.1515389e-14
-2.8629755e-14
-3.3889475e-14
-3.7526854e-14
-3.9760064e-14
-4.079156e-14
-4.0820883e-14
-4.0026929e-14
-3.8572758e-14
-3.6597748e-14
-3.4227553e-14
-3.1584076e-14
-2.8768267e-14
-2.5870878e-14
-2.2963287e-14
-2.0103181e-14
-1.734387e-14
-1.4719485e-14
-1.2260573e-14
-9.9876473e-15
-7.9089778e-15
-6.0356234e-15
-4.3710599e-15
-2.9138851e-15
-1.6520706e-15
-5.7358073e-16
3.2446825e-16
1.0572876e-15
1.6360566e-15
2.076169e-15
2.3970943e-15
2.6082136e-15
2.7296707e-15
2.7718958e-15
2.7435225e-15
2.6645986e-15
2.5415651e-15
2.3874163e-15
2.2118184e-15
2.0215162e-15
1.8288575e-15
1.6303994e-15
1.4314448e-15
1.2376383e-15
1.0510294e-15
8.7733421e-16
7.1648346e-16
5.6899072e-16
3.1887932e-16
-1.0858293e-12
-1.5239476e-12
-1.2531001e-12
-1.1819257e-12
-1.1008304e-12
-1.020964e-12
-9.5196967e-13
-8.9178088e-13
-8.3604963e-13
-7.8041468e-13
-7.216244e-13
-6.5787443e-13
-5.887875e-13
-5.1529743e-13
-4.3944313e-13
-3.6393376e-13
-2.9151049e-13
-2.243197e-13
-1.6359059e-13
-1.0968345e-13
-6.2334414e-14
-2.1024775e-14
1.4664301e-14
4.5072701e-14
7.0536521e-14
9.1398168e-14
1.0791546e-13
1.2027463e-13
1.2863278e-13
1.3318025e-13
1.3420617e-13
1.3208524e-13
1.2729009e-13
1.2033174e-13
1.1173499e-13
1.0201208e-13
9.1619058e-14
8.0966808e-14
7.0385968e-14
6.0131653e-14
5.0412486e-14
4.1368511e-14
3.3088361e-14
2.5628651e-14
1.900479e-14
1.3207928e-14
8.2084698e-15
3.9737027e-15
4.6004297e-16
-2.406932e-15
-4.7038428e-15
-6.4958941e-15
-7.8321936e-15
-8.7648257e-15
-9.3560655e-15
-9.6493636e-15
-9.6926235e-15
-9.5319992e-15
-9.2058132e-15
-8.756055e-15
-8.2075438e-15
-7.5882334e-15
-6.9238478e-15
-6.2355534e-15
-5.5482081e-15
-4.867989e-15
-4.209961e-15
-3.5832222e-15
-2.9916767e-15
-2.4490037e-15
-1.9519686e-15
-1.5024681e-15
-1.1010653e-15
-7.4542879e-16
-4.4125237e-16
-1.8086372e-16
3.9028238e-17
2.1807159e-16
3.6172572e-16
4.6907025e-16
5.5152126e-16
6.0634231e-16
6.3464984e-16
6.5122198e-16
6.4625546e-16
6.3022592e-16
6.0516031e-16
5.6548535e-16
5.2709495e-16
4.8048763e-16
4.3511571e-16
3.9250357e-16
3.425787e-16
2.9953484e-16
2.5208482e-16
2.0958771e-16
1.7436809e-16
1.3683748e-16
1.0725609e-16
5.8247157e-17
-1.5235298e-12
-2.0202546e-12
-1.664252e-12
-1.5632239e-12
-1.4418433e-12
-1.3187419e-12
-1.2058542e-12
-1.0997878e-12
-9.9514753e-13
-8.8831154e-13
-7.7850196e-13
-6.6751253e-13
-5.5886432e-13
-4.565001e-13
-3.6346653e-13
-2.8124943e-13
-2.0991642e-13
-1.4863814e-13
-9.6213331e-14
-5.1345171e-14
-1.2894403e-14
1.9892091e-14
4.7610011e-14
7.0812955e-14
8.9994882e-14
1.0552882e-13
1.1763404e-13
1.2643526e-13
1.3201335e-13
1.34467e-13
1.3396483e-13
1.3075982e-13
1.2520638e-13
1.1771649e-13
1.0873904e-13
9.8731337e-14
8.8120128e-14
7.7294539e-14
6.6579452e-14
5.62384e-14
4.6474293e-14
3.7432606e-14
2.9206185e-14
2.1843394e-14
1.5363115e-14
9.7517137e-15
4.9836973e-15
1.0114196e-15
-2.2395927e-15
-4.8495215e-15
-6.8887951e-15
-8.4176063e-15
-9.4968715e-15
-1.0182855e-14
-1.053341e-14
-1.0606383e-14
-1.044851e-14
-1.0104337e-14
-9.6164577e-15
-9.0203405e-15
-8.3501994e-15
-7.6285007e-15
-6.8770926e-15
-6.1193754e-15
-5.3732634e-15
-4.6526567e-15
-3.9656939e-15
-3.320882e-15
-2.721331e-15
-2.1721605e-15
-1.6789381e-15
-1.2386519e-15
-8.5063811e-16
-5.1106772e-16
-2.1919583e-16
2.2109874e-17
2.19949e-16
3.781418e-16
5.006492e-16
5.9072139e-16
6.5287233e-16
6.9020215e-16
7.0468831e-16
7.0492557e-16
6.8965467e-16
6.6168519e-16
6.2472585e-16
5.781178e-16
5.3118425e-16
4.8127803e-16
4.3007507e-16
3.8082914e-16
3.2953541e-16
2.834493e-16
2.3866137e-16
1.9379263e-16
1.5432353e-16
1.1810073e-16
8.835046e-17
4.5414112e-17
9.8320253e-12
1.2244872e-11
9.79259e-12
9.0793716e-12
8.2358051e-12
7.3209265e-12
6.4223783e-12
5.5553774e-12
4.7220485e-12
3.9327724e-12
3.2079149e-12
2.5666169e-12
2.0172476e-12
1.556377e-12
1.1733964e-12
8.5558114e-13
5.9099694e-13
3.6947185e-13
1.8288634e-13
2.5106673e-14
-1.0818491e-13
-2.2005561e-13
-3.1333859e-13
-3.9062791e-13
-4.5387437e-13
-5.0435151e-13
-5.427394e-13
-5.6930671e-13
-5.8413988e-13
-5.8738044e-13
-5.7943068e-13
-5.6108212e-13
-5.3353625e-13
-4.9833874e-13
-4.5725778e-13
-4.1213464e-13
-3.6475906e-13
-3.1676575e-13
-2.6956531e-13
-2.2430689e-13
-1.8186591e-13
-1.4285716e-13
-1.0766937e-13
-7.6495213e-14
-4.9376716e-14
-2.6268976e-14
-6.9785857e-15
8.8433738e-15
2.1578357e-14
3.155817e-14
3.9067722e-14
4.4391698e-14
4.7814018e-14
4.9609866e-14
5.0041251e-14
4.9353051e-14
4.7770298e-14
4.5494232e-14
4.2699499e-14
3.9536885e-14
3.6132518e-14
3.2597182e-14
2.9027098e-14
2.5501269e-14
2.2086338e-14
1.8833263e-14
1.578007e-14
1.2953206e-14
1.0367614e-14
8.0304403e-15
5.9419026e-15
4.0982902e-15
2.4925422e-15
1.1151636e-15
-4.3788172e-17
-9.9528792e-16
-1.7522574e-15
-2.3331793e-15
-2.7601608e-15
-3.0542001e-15
-3.2349781e-15
-3.3198086e-15
-3.323887e-15
-3.2580998e-15
-3.1348881e-15
-2.9662569e-15
-2.7634182e-15
-2.5385044e-15
-2.3005528e-15
-2.059339e-15
-1.8221296e-15
-1.5921117e-15
-1.3722531e-15
-1.1615319e-15
-9.6168144e-16
-7.7462778e-16
-6.0168992e-16
-4.4676171e-16
-3.1433752e-16
-1.505548e-16
-2.1664282e-13
-2.7929044e-13
-2.0492007e-13
-1.7660059e-13
-1.5135423e-13
-1.264284e-13
-1.0306159e-13
-8.2197091e-14
-6.4406934e-14
-4.9843329e-14
-3.8255182e-14
-2.9142923e-14
-2.1963496e-14
-1.6250946e-14
-1.1647834e-14
-7.8914124e-15
-4.7861709e-15
-2.1940867e-15
-2.4081398e-17
1.7925978e-15
3.3083697e-15
4.5670315e-15
5.6088144e-15
6.4653071e-15
7.1578805e-15
7.6993857e-15
8.0963812e-15
8.3498757e-15
8.457588e-15
8.4181378e-15
8.2344982e-15
7.9145674e-15
7.4731758e-15
6.9309337e-15
6.3108151e-15
5.6388958e-15
4.9403053e-15
4.2389713e-15
3.5548204e-15
2.9032534e-15
2.2974487e-15
1.7460339e-15
1.2537367e-15
8.2327118e-16
4.5599988e-16
1.4814303e-16
-1.0513658e-16
-3.0942698e-16
-4.7019173e-16
-5.9167109e-16
-6.7867906e-16
-7.3517329e-16
-7.6572813e-16
-7.7467794e-16
-7.6556516e-16
-7.4187663e-16
-7.074111e-16
-6.6506783e-16
-6.1652488e-16
-5.6367586e-16
-5.0945323e-16
-4.5483351e-16
-4.0058863e-16
-3.4765723e-16
-2.9674e-16
-2.4958442e-16
-2.0603153e-16
-1.6594815e-16
-1.2982849e-16
-9.6871737e-17
-6.7932043e-17
-4.3258615e-17
-2.2063132e-17
-4.0063171e-18
1.1405747e-17
2.342822e-17
3.2324314e-17
3.8864725e-17
4.3452338e-17
4.6588455e-17
4.7991282e-17
4.8211578e-17
4.7216779e-17
4.5449521e-17
4.3203873e-17
4.0247298e-17
3.6898714e-17
3.2977026e-17
2.918233e-17
2.5560177e-17
2.1902805e-17
1.8295609e-17
1.4829577e-17
1.2052198e-17
9.1093896e-18
6.1620373e-18
3.9336131e-18
1.9129155e-18
1.9718154e-19
-1.6707536e-18
-1.97577e-12
-5.5527703e-12
-4.1251326e-12
-3.2301861e-12
-2.5097122e-12
-1.8982094e-12
-1.3933883e-12
-1.003481e-12
-7.2027226e-13
-5.207413e-13
-3.7985148e-13
-2.7783282e-13
-2.0135056e-13
-1.420663e-13
-9.4841196e-14
-5.6227497e-14
-2.415296e-14
2.4685981e-15
2.4521242e-14
4.2747236e-14
5.7794145e-14
7.0216298e-14
8.0443151e-14
8.8774701e-14
9.5412898e-14
1.0047268e-13
1.0398978e-13
1.0593857e-13
1.0626377e-13
1.0491928e-13
1.0190741e-13
9.7305415e-14
9.1274677e-14
8.4052674e-14
7.5931595e-14
6.7229556e-14
5.8264463e-14
4.933105e-14
4.0683755e-14
3.2527669e-14
2.5014536e-14
1.8245133e-14
1.2274256e-14
7.1537464e-15
2.8725505e-15
-6.618297e-16
-3.5382859e-15
-5.8273627e-15
-7.5785506e-15
-8.8450147e-15
-9.6878322e-15
-1.016612e-14
-1.0337987e-14
-1.0256964e-14
-9.9717129e-15
-9.5282595e-15
-8.9664928e-15
-8.3220702e-15
-7.6241693e-15
-6.8968007e-15
-6.1607909e-15
-5.4304034e-15
-4.7195075e-15
-4.0392226e-15
-3.3977788e-15
-2.8032604e-15
-2.2588009e-15
-1.7664628e-15
-1.3265049e-15
-9.3751504e-16
-5.9723116e-16
-3.0125159e-16
-4.9605273e-17
1.5795049e-16
3.2381513e-16
4.506946e-16
5.4456327e-16
6.0919409e-16
6.4953174e-16
6.6986465e-16
6.7300472e-16
6.627122e-16
6.4143313e-16
6.1098459e-16
5.7319891e-16
5.2999428e-16
4.8262138e-16
4.3277119e-16
3.8248836e-16
3.3379042e-16
2.87783e-16
2.4461912e-16
2.0454746e-16
1.674288e-16
1.3269409e-16
1.0029383e-16
7.0684258e-17
4.455256e-17
2.3060508e-17
4.3131976e-18
5.1320966e-13
1.0604982e-13
1.36747e-14
-1.4044929e-14
-1.9623733e-14
-1.8328931e-14
-1.5181699e-14
-1.1900641e-14
-9.0775813e-15
-6.8243662e-15
-5.0703915e-15
-3.7044271e-15
-2.6287031e-15
-1.7694243e-15
-1.0735921e-15
-4.9858148e-16
-1.2767342e-17
3.9286428e-16
7.2421328e-16
9.9356357e-16
1.213547e-15
1.394579e-15
1.5423079e-15
1.6616166e-15
1.7553884e-15
1.8248135e-15
1.8704336e-15
1.8909108e-15
1.8849849e-15
1.8515416e-15
1.7900319e-15
1.7017445e-15
1.5889568e-15
1.4559004e-15
1.3077177e-15
1.1498593e-15
9.8842975e-16
8.2846895e-16
6.7435108e-16
5.2996893e-16
3.9755087e-16
2.7914186e-16
1.7543804e-16
8.7507738e-17
1.6022115e-17
-4.2185753e-17
-8.9442088e-17
-1.2684894e-16
-1.5475723e-16
-1.7388186e-16
-1.860423e-16
-1.9190417e-16
-1.9254185e-16
-1.8894401e-16
-1.8193871e-16
-1.7256438e-16
-1.6121895e-16
-1.4871262e-16
-1.3545287e-16
-1.2156912e-16
-1.0805801e-16
-9.4935361e-17
-8.2071006e-17
-6.9893436e-17
-5.8414676e-17
-4.7935162e-17
-3.8450834e-17
-2.9936379e-17
-2.2311747e-17
-1.5433496e-17
-9.6892121e-18
-4.6383763e-18
-3.5470493e-19
2.9190204e-18
5.6096551e-18
7.656689e-18
9.1590247e-18
1.0049937e-17
1.0401714e-17
1.0792575e-17
1.0744654e-17
1.0258704e-17
9.8864705e-18
9.0947152e-18
8.3574572e-18
7.6058539e-18
6.7989639e-18
5.9838711e-18
4.729075e-18
3.8156583e-18
3.1332345e-18
2.3106503e-18
1.5656889e-18
8.4884423e-19
1.6727582e-19
-5.4042231e-19
-1.0076849e-18
-1.2473647e-18
-1.8187155e-18
-2.2902287e-18
)
;
    }
    water_wedge2
    {
        type            wedge;
        value           nonuniform List<scalar> 
1000
(
-1.1294686e-13
-1.4266363e-13
-1.1216429e-13
-1.0631628e-13
-9.9365417e-14
-9.339024e-14
-8.867752e-14
-8.4955528e-14
-8.1970379e-14
-7.9472129e-14
-7.7272135e-14
-7.5230092e-14
-7.3261133e-14
-7.1273625e-14
-6.9174967e-14
-6.6849644e-14
-6.4126464e-14
-6.0811692e-14
-5.6664139e-14
-5.1416059e-14
-4.4794393e-14
-3.6644792e-14
-2.7088147e-14
-1.6555633e-14
-5.8616861e-15
4.0487042e-15
1.2384994e-14
1.8673135e-14
2.290749e-14
2.5302661e-14
2.6201779e-14
2.6018326e-14
2.5029442e-14
2.3520262e-14
2.1692389e-14
1.9684763e-14
1.7646309e-14
1.5597816e-14
1.3619769e-14
1.1761442e-14
1.0006155e-14
8.3997985e-15
6.9384144e-15
5.619356e-15
4.448215e-15
3.414295e-15
2.5108233e-15
1.7218036e-15
1.0488855e-15
4.8722153e-16
1.8727471e-17
-3.6095968e-16
-6.6079455e-16
-8.9700641e-16
-1.0785612e-15
-1.2068889e-15
-1.2821095e-15
-1.3178027e-15
-1.3254769e-15
-1.3027042e-15
-1.2574714e-15
-1.1986724e-15
-1.1252169e-15
-1.0412146e-15
-9.508289e-16
-8.4980582e-16
-7.5691891e-16
-6.6898138e-16
-5.7344002e-16
-4.8981841e-16
-4.1214119e-16
-3.3058421e-16
-2.6292318e-16
-2.0359909e-16
-1.4506362e-16
-9.7117964e-17
-5.7840721e-17
-2.3357193e-17
1.1106754e-17
3.4752069e-17
5.482503e-17
7.39484e-17
8.1105941e-17
9.1610682e-17
9.4734412e-17
9.3270587e-17
9.3976741e-17
8.9049859e-17
9.056616e-17
8.8832321e-17
7.5177027e-17
6.7309324e-17
6.5787446e-17
6.1157759e-17
5.5658539e-17
4.2147e-17
3.2728863e-17
3.7827188e-17
2.992443e-17
1.2663649e-17
-6.8080734e-13
-1.0335385e-12
-8.3929033e-13
-7.9752682e-13
-7.493932e-13
-7.0313075e-13
-6.6535072e-13
-6.3521963e-13
-6.1093422e-13
-5.9051884e-13
-5.7244702e-13
-5.5560346e-13
-5.3912198e-13
-5.2219486e-13
-5.0395893e-13
-4.8342911e-13
-4.5933919e-13
-4.3018433e-13
-3.9436268e-13
-3.5054819e-13
-2.9813495e-13
-2.3765031e-13
-1.710401e-13
-1.015482e-13
-3.3363784e-14
2.8940975e-14
8.1489726e-14
1.2215242e-13
1.5065053e-13
1.6797936e-13
1.7587664e-13
1.7634404e-13
1.7125956e-13
1.6228446e-13
1.5074543e-13
1.3768561e-13
1.2392967e-13
1.1004464e-13
9.6460892e-14
8.3458877e-14
7.1228194e-14
5.9913125e-14
4.9562094e-14
4.0204343e-14
3.1839497e-14
2.4431237e-14
1.7945892e-14
1.2330487e-14
7.5236326e-15
3.4775764e-15
1.2826845e-16
-2.6069329e-15
-4.7945746e-15
-6.4908634e-15
-7.7555048e-15
-8.6438648e-15
-9.2053309e-15
-9.4792456e-15
-9.5214094e-15
-9.3676014e-15
-9.0499051e-15
-8.6130397e-15
-8.0802156e-15
-7.4761178e-15
-6.8231982e-15
-6.1448662e-15
-5.4684579e-15
-4.8030199e-15
-4.1531642e-15
-3.5347628e-15
-2.950113e-15
-2.4094226e-15
-1.9180646e-15
-1.4694938e-15
-1.0692716e-15
-7.1836038e-16
-4.2226283e-16
-1.6593261e-16
5.4446669e-17
2.3286335e-16
3.7794665e-16
4.8382135e-16
5.6248368e-16
6.1796463e-16
6.4765039e-16
6.6094733e-16
6.5309775e-16
6.3161469e-16
6.0554715e-16
5.7252612e-16
5.3035565e-16
4.8543986e-16
4.4272609e-16
3.9739776e-16
3.4862896e-16
3.015046e-16
2.5520209e-16
2.1700889e-16
1.7982461e-16
1.0332861e-16
3.133921e-12
4.8023122e-12
3.9072388e-12
3.711393e-12
3.4900601e-12
3.2689371e-12
3.0860195e-12
2.938783e-12
2.8176204e-12
2.7124776e-12
2.615271e-12
2.5197208e-12
2.4205119e-12
2.3123597e-12
2.1894953e-12
2.0461132e-12
1.8774921e-12
1.6810996e-12
1.4574262e-12
1.2105523e-12
9.4809814e-13
6.8018067e-13
4.176115e-13
1.702064e-13
-5.3302905e-14
-2.4555673e-13
-4.0218758e-13
-5.2206573e-13
-6.0638693e-13
-6.5807581e-13
-6.8129191e-13
-6.8085205e-13
-6.617367e-13
-6.2864796e-13
-5.8576744e-13
-5.3663676e-13
-4.8412507e-13
-4.3050314e-13
-3.7749118e-13
-3.2635567e-13
-2.7798952e-13
-2.3299172e-13
-1.9171357e-13
-1.5433137e-13
-1.2088296e-13
-9.1285913e-14
-6.541432e-14
-4.3072395e-14
-2.4072277e-14
-8.1879104e-15
4.9001189e-15
1.5486184e-14
2.3853934e-14
3.0247257e-14
3.4903599e-14
3.8031806e-14
3.9833479e-14
4.053759e-14
4.0305096e-14
3.9311013e-14
3.7705411e-14
3.5614068e-14
3.3182677e-14
3.0507145e-14
2.7692923e-14
2.4815882e-14
2.1932937e-14
1.9126092e-14
1.6422927e-14
1.3864909e-14
1.1478553e-14
9.264542e-15
7.2616468e-15
5.4665398e-15
3.8798202e-15
2.4929525e-15
1.2832398e-15
2.698731e-16
-5.7261067e-16
-1.2501163e-15
-1.7742408e-15
-2.1827883e-15
-2.4649043e-15
-2.6424599e-15
-2.7383556e-15
-2.7529194e-15
-2.7108493e-15
-2.6168914e-15
-2.4799914e-15
-2.3201169e-15
-2.141275e-15
-1.9553099e-15
-1.7552386e-15
-1.5516861e-15
-1.3600668e-15
-1.1704897e-15
-9.9193627e-16
-8.1842765e-16
-6.5725251e-16
-3.7983965e-16
-3.7211458e-12
-5.4869264e-12
-4.4854184e-12
-4.2512612e-12
-3.9873713e-12
-3.7244101e-12
-3.503159e-12
-3.319518e-12
-3.1610745e-12
-3.0149817e-12
-2.8702718e-12
-2.7174959e-12
-2.5486748e-12
-2.3580392e-12
-2.1427123e-12
-1.9031487e-12
-1.643451e-12
-1.3711189e-12
-1.0958679e-12
-8.2769629e-13
-5.7486459e-13
-3.4280066e-13
-1.3424463e-13
4.9282983e-14
2.0666996e-13
3.375539e-13
4.4238562e-13
5.2197942e-13
5.7745956e-13
6.1045118e-13
6.2316744e-13
6.1835525e-13
5.9905277e-13
5.6840665e-13
5.2943414e-13
4.8486675e-13
4.3708788e-13
3.8804985e-13
3.3933516e-13
2.9215965e-13
2.4740469e-13
2.0568547e-13
1.6740004e-13
1.3275358e-13
1.018128e-13
7.4546375e-14
5.0828805e-14
3.0508445e-14
1.3390157e-14
-7.8017056e-16
-1.2309991e-14
-2.1507132e-14
-2.8621286e-14
-3.38845e-14
-3.7519456e-14
-3.9747629e-14
-4.0783641e-14
-4.0816383e-14
-4.0022512e-14
-3.8560891e-14
-3.6581387e-14
-3.421722e-14
-3.1577347e-14
-2.8764127e-14
-2.5863031e-14
-2.2951404e-14
-2.0093572e-14
-1.7333227e-14
-1.4711078e-14
-1.2252233e-14
-9.9757606e-15
-7.899864e-15
-6.0291016e-15
-4.3650901e-15
-2.903629e-15
-1.6413358e-15
-5.6861543e-16
3.3157081e-16
1.0638751e-15
1.643418e-15
2.0868642e-15
2.4063299e-15
2.6220927e-15
2.7415206e-15
2.7806653e-15
2.7563738e-15
2.6738689e-15
2.5508076e-15
2.3966577e-15
2.2215326e-15
2.0346766e-15
1.8361446e-15
1.6383224e-15
1.4429238e-15
1.2503683e-15
1.0646445e-15
8.8634103e-16
7.2130731e-16
5.755916e-16
3.2827798e-16
-1.085825e-12
-1.5239431e-12
-1.2531002e-12
-1.1819266e-12
-1.1008303e-12
-1.0209627e-12
-9.5196823e-13
-8.9177932e-13
-8.3604806e-13
-7.8041313e-13
-7.2162283e-13
-6.5787263e-13
-5.8878449e-13
-5.1529585e-13
-4.3944315e-13
-3.6393391e-13
-2.9150867e-13
-2.2431656e-13
-1.6359016e-13
-1.0968462e-13
-6.2335712e-14
-2.1021524e-14
1.4664617e-14
4.5068102e-14
7.0535138e-14
9.139358e-14
1.079173e-13
1.2027833e-13
1.2863007e-13
1.331786e-13
1.3420198e-13
1.3208753e-13
1.2729027e-13
1.2032858e-13
1.1173391e-13
1.0200977e-13
9.1625017e-14
8.0971316e-14
7.0384408e-14
6.0137633e-14
5.0421272e-14
4.1377946e-14
3.3103154e-14
2.5642827e-14
1.9015394e-14
1.3212147e-14
8.2150574e-15
3.9890515e-15
4.7392177e-16
-2.4001166e-15
-4.7029182e-15
-6.4914345e-15
-7.8262776e-15
-8.764081e-15
-9.3490389e-15
-9.639749e-15
-9.6842279e-15
-9.5246463e-15
-9.2024534e-15
-8.7468592e-15
-8.1961394e-15
-7.578122e-15
-6.9162929e-15
-6.2323104e-15
-5.537897e-15
-4.8571169e-15
-4.1990363e-15
-3.5730492e-15
-2.9888758e-15
-2.4423628e-15
-1.9429461e-15
-1.4923254e-15
-1.091387e-15
-7.4162275e-16
-4.3412393e-16
-1.7184955e-16
4.6626113e-17
2.2609569e-16
3.6712216e-16
4.7820762e-16
5.5584846e-16
6.1007601e-16
6.4646036e-16
6.5630034e-16
6.5519664e-16
6.3822571e-16
6.0890209e-16
5.7809073e-16
5.3482777e-16
4.9289739e-16
4.4619915e-16
3.9568009e-16
3.5305405e-16
3.0534767e-16
2.6490839e-16
2.2352488e-16
1.8017718e-16
1.4571588e-16
1.1161478e-16
6.0669111e-17
-1.5235289e-12
-2.0202532e-12
-1.664252e-12
-1.5632248e-12
-1.4418422e-12
-1.3187399e-12
-1.2058542e-12
-1.0997875e-12
-9.9514726e-13
-8.8831143e-13
-7.785015e-13
-6.6751215e-13
-5.5886371e-13
-4.5649955e-13
-3.6346674e-13
-2.8125008e-13
-2.0991496e-13
-1.486377e-13
-9.6213527e-14
-5.1345887e-14
-1.2896009e-14
1.9894e-14
4.7609588e-14
7.081063e-14
8.9993779e-14
1.0552502e-13
1.1763451e-13
1.2643752e-13
1.3201382e-13
1.3446603e-13
1.3396069e-13
1.307608e-13
1.2520607e-13
1.1771434e-13
1.0873876e-13
9.8730827e-14
8.8123356e-14
7.7296657e-14
6.6580818e-14
5.6241493e-14
4.6480222e-14
3.7439466e-14
2.9213105e-14
2.1853657e-14
1.5370916e-14
9.7582429e-15
4.9916144e-15
1.0203951e-15
-2.2309224e-15
-4.8429928e-15
-6.8835262e-15
-8.4129641e-15
-9.4900487e-15
-1.0176859e-14
-1.0529884e-14
-1.0599641e-14
-1.044004e-14
-1.0097884e-14
-9.6116813e-15
-9.0170719e-15
-8.3417844e-15
-7.6173321e-15
-6.8689402e-15
-6.1136449e-15
-5.3675093e-15
-4.6440071e-15
-3.9560359e-15
-3.3103615e-15
-2.7143256e-15
-2.1693204e-15
-1.6732568e-15
-1.2303241e-15
-8.4031895e-16
-5.0388492e-16
-2.1692292e-16
2.8075097e-17
2.2862481e-16
3.8707479e-16
5.0787321e-16
5.967435e-16
6.5767904e-16
6.9518923e-16
7.1411615e-16
7.1190367e-16
6.9552805e-16
6.6763281e-16
6.3002376e-16
5.8865508e-16
5.3915628e-16
4.8842315e-16
4.3796789e-16
3.8672211e-16
3.3994288e-16
2.912042e-16
2.4514866e-16
2.0409346e-16
1.6379108e-16
1.2768357e-16
9.4692713e-17
4.8829912e-17
9.8320252e-12
1.2244872e-11
9.7925898e-12
9.079371e-12
8.2358052e-12
7.3209265e-12
6.4223775e-12
5.5553776e-12
4.7220488e-12
3.9327722e-12
3.2079148e-12
2.5666169e-12
2.0172475e-12
1.5563754e-12
1.1733952e-12
8.5558154e-13
5.909974e-13
3.6947227e-13
1.8288531e-13
2.5106145e-14
-1.0818552e-13
-2.2005556e-13
-3.1333798e-13
-3.9062944e-13
-4.5387549e-13
-5.043518e-13
-5.4273906e-13
-5.6930622e-13
-5.841405e-13
-5.873811e-13
-5.7943173e-13
-5.6108223e-13
-5.3353616e-13
-4.983406e-13
-4.5725815e-13
-4.1213359e-13
-3.6475781e-13
-3.1676507e-13
-2.6956581e-13
-2.2430568e-13
-1.8186197e-13
-1.4285232e-13
-1.0766386e-13
-7.6488792e-14
-4.9371462e-14
-2.6263772e-14
-6.9720153e-15
8.8503882e-15
2.1584242e-14
3.1563229e-14
3.9073132e-14
4.4397119e-14
4.7819478e-14
4.9615205e-14
5.0046232e-14
4.9358283e-14
4.7776074e-14
4.5500103e-14
4.2705458e-14
3.9541563e-14
3.6138505e-14
3.2605102e-14
2.903445e-14
2.5508129e-14
2.2092232e-14
1.883949e-14
1.5787662e-14
1.2960916e-14
1.0374571e-14
8.0356783e-15
5.9466658e-15
4.1045409e-15
2.5003e-15
1.1221343e-15
-3.8943382e-17
-9.9013266e-16
-1.7459305e-15
-2.3261747e-15
-2.7532174e-15
-3.047981e-15
-3.2295325e-15
-3.3143909e-15
-3.3169012e-15
-3.2514061e-15
-3.1291676e-15
-2.9606575e-15
-2.7579426e-15
-2.5314903e-15
-2.2937043e-15
-2.053099e-15
-1.815493e-15
-1.585845e-15
-1.3646223e-15
-1.1544004e-15
-9.5483101e-16
-7.6688246e-16
-5.9417314e-16
-4.3861224e-16
-3.0725009e-16
-1.4465619e-16
-2.1664396e-13
-2.7929205e-13
-2.0492152e-13
-1.7660185e-13
-1.5135507e-13
-1.2642895e-13
-1.0306218e-13
-8.2197442e-14
-6.4407121e-14
-4.9843459e-14
-3.8255216e-14
-2.9143328e-14
-2.1964057e-14
-1.6251682e-14
-1.1648638e-14
-7.8917273e-15
-4.7862208e-15
-2.1940972e-15
-2.4506022e-17
1.7924011e-15
3.3083202e-15
4.5668159e-15
5.6087561e-15
6.4649587e-15
7.1573418e-15
7.6995543e-15
8.0970175e-15
8.350066e-15
8.4573134e-15
8.4178441e-15
8.2338731e-15
7.9141261e-15
7.4730086e-15
6.9301686e-15
6.3104321e-15
5.6389045e-15
4.9410143e-15
4.2394576e-15
3.5547228e-15
2.9041906e-15
2.2994288e-15
1.7487328e-15
1.2574522e-15
8.2766742e-16
4.5961104e-16
1.523622e-16
-1.0015737e-16
-3.0435861e-16
-4.6518818e-16
-5.8703414e-16
-6.7379806e-16
-7.3046961e-16
-7.6118753e-16
-7.698779e-16
-7.6075553e-16
-7.3751155e-16
-7.028484e-16
-6.5958585e-16
-6.1092157e-16
-5.5904665e-16
-5.044285e-16
-4.4894521e-16
-3.9425802e-16
-3.4147003e-16
-2.9154641e-16
-2.4399849e-16
-1.9984674e-16
-1.5972587e-16
-1.2336006e-16
-9.155407e-17
-6.3292456e-17
-3.7997613e-17
-1.6120971e-17
2.2063926e-18
1.6708549e-17
2.8490414e-17
3.7867083e-17
4.475118e-17
4.9426525e-17
5.201614e-17
5.3377841e-17
5.3450741e-17
5.2682797e-17
5.0968233e-17
4.8325327e-17
4.5278742e-17
4.1823475e-17
3.8452301e-17
3.4769105e-17
3.0991647e-17
2.7508105e-17
2.4334573e-17
2.1399518e-17
1.814457e-17
1.5411538e-17
1.3057933e-17
1.0421178e-17
8.0997453e-18
6.1985873e-18
4.2816293e-18
-1.9757707e-12
-5.5527712e-12
-4.125134e-12
-3.2301874e-12
-2.5097131e-12
-1.8982095e-12
-1.3933885e-12
-1.003482e-12
-7.2027236e-13
-5.2074124e-13
-3.7985211e-13
-2.778338e-13
-2.0135114e-13
-1.4206654e-13
-9.4841884e-14
-5.6227989e-14
-2.4153172e-14
2.4684653e-15
2.4520888e-14
4.27469e-14
5.7794174e-14
7.021623e-14
8.0443186e-14
8.8774766e-14
9.5412841e-14
1.0047291e-13
1.0399021e-13
1.0593863e-13
1.0626337e-13
1.0491889e-13
1.0190726e-13
9.7305141e-14
9.1274296e-14
8.4052568e-14
7.5931392e-14
6.7229502e-14
5.8264741e-14
4.9331114e-14
4.068394e-14
3.2528173e-14
2.5016037e-14
1.8246889e-14
1.2276402e-14
7.1565138e-15
2.8746868e-15
-6.5852382e-16
-3.5347611e-15
-5.8236669e-15
-7.5743429e-15
-8.8414534e-15
-9.6835553e-15
-1.0162308e-14
-1.0334364e-14
-1.0252921e-14
-9.9680605e-15
-9.5241036e-15
-8.9622704e-15
-8.3175043e-15
-7.6197345e-15
-6.8932032e-15
-6.155986e-15
-5.4255026e-15
-4.714469e-15
-4.0338607e-15
-3.3933947e-15
-2.7982091e-15
-2.2535644e-15
-1.7613003e-15
-1.3215243e-15
-9.3345338e-16
-5.9261159e-16
-2.9664488e-16
-4.4743367e-17
1.6301156e-16
3.2819258e-16
4.5565317e-16
5.4912497e-16
6.1411442e-16
6.5454288e-16
6.7415505e-16
6.775706e-16
6.6724571e-16
6.4586761e-16
6.1552744e-16
5.7787769e-16
5.3415379e-16
4.8661119e-16
4.3717341e-16
3.8747766e-16
3.3885763e-16
2.9250348e-16
2.4949774e-16
2.0958596e-16
1.7237614e-16
1.3782831e-16
1.0580181e-16
7.6347466e-17
4.9894841e-17
2.822972e-17
9.6340945e-18
5.1320836e-13
1.0604838e-13
1.3673344e-14
-1.4046035e-14
-1.9624373e-14
-1.8329288e-14
-1.5182479e-14
-1.190148e-14
-9.0777154e-15
-6.8247757e-15
-5.0708828e-15
-3.7049259e-15
-2.6291553e-15
-1.7700241e-15
-1.0738533e-15
-4.9837574e-16
-1.32077e-17
3.9256337e-16
7.2368599e-16
9.9346228e-16
1.2139523e-15
1.3943763e-15
1.542393e-15
1.6618346e-15
1.7555235e-15
1.8251861e-15
1.8705128e-15
1.890986e-15
1.8850592e-15
1.8514181e-15
1.7899354e-15
1.7013827e-15
1.58869e-15
1.4557285e-15
1.307574e-15
1.1500837e-15
9.8852016e-16
8.2837756e-16
6.7437563e-16
5.2987522e-16
3.9794937e-16
2.799454e-16
1.7692563e-16
8.9509771e-17
1.7614098e-17
-4.0237249e-17
-8.7186917e-17
-1.2403123e-16
-1.5169565e-16
-1.7130769e-16
-1.8322001e-16
-1.8897211e-16
-1.8957821e-16
-1.859703e-16
-1.7907164e-16
-1.6942375e-16
-1.5803685e-16
-1.4532713e-16
-1.3191437e-16
-1.1850461e-16
-1.0476273e-16
-9.1192411e-17
-7.8344098e-17
-6.6125703e-17
-5.4795558e-17
-4.4251246e-17
-3.4619821e-17
-2.5976801e-17
-1.839099e-17
-1.1946576e-17
-6.1112782e-18
-1.1291525e-18
3.1033267e-18
6.7355935e-18
9.3981171e-18
1.1341409e-17
1.2668693e-17
1.3618466e-17
1.4278134e-17
1.421219e-17
1.4032618e-17
1.3851296e-17
1.321173e-17
1.2717326e-17
1.195493e-17
1.1043699e-17
1.0078608e-17
9.0668436e-18
8.4958112e-18
7.6403729e-18
6.651482e-18
5.9266268e-18
5.2512439e-18
4.6669782e-18
4.1536581e-18
3.76287e-18
3.2291687e-18
2.5752994e-18
2.4172783e-18
2.296838e-18
)
;
    }
    water_to_rock
    {
        type            calculated;
        value           uniform 0;
    }
}


// ************************************************************************* //
