/*--------------------------------*- C++ -*----------------------------------*\
| =========                 |                                                 |
| \\      /  F ield         | OpenFOAM: The Open Source CFD Toolbox           |
|  \\    /   O peration     | Version:  2506                                  |
|   \\  /    A nd           | Website:  www.openfoam.com                      |
|    \\/     M anipulation  |                                                 |
\*---------------------------------------------------------------------------*/
FoamFile
{
    version     2.0;
    format      ascii;
    arch        "LSB;label=32;scalar=64";
    class       volScalarField;
    location    "14000/water";
    object      k;
}
// * * * * * * * * * * * * * * * * * * * * * * * * * * * * * * * * * * * * * //

dimensions      [0 2 -2 0 0 0 0];

internalField   nonuniform List<scalar> 
6000
(
0.0002144485
0.00021444827
0.00021444833
0.00021444852
0.00021444878
0.00021444911
0.00021444953
0.00021445001
0.00021445038
0.00021444961
0.00021444477
0.00021444847
0.00021482328
0.00022098609
0.00033298785
0.00019735372
0.00019735408
0.00019735481
0.00019735601
0.00019735759
0.00019735962
0.00019736212
0.0001973649
0.00019736678
0.00019736231
0.00019733424
0.0001972933
0.00019808165
0.00021190706
0.00042108833
0.00018260526
0.00018260625
0.00018260756
0.00018260957
0.0001826122
0.00018261554
0.00018261945
0.00018262311
0.00018262253
0.00018260174
0.00018251429
0.00018235696
0.00018354965
0.00020571076
0.0004915993
0.00016977104
0.00016977195
0.00016977358
0.00016977617
0.00016977959
0.00016978384
0.00016978847
0.00016979119
0.00016978242
0.00016972799
0.0001695392
0.00016920344
0.00017083025
0.00020141509
0.00054314021
0.00015851703
0.00015851791
0.00015851979
0.00015852287
0.0001585269
0.00015853173
0.00015853623
0.00015853548
0.0001585108
0.00015840225
0.00015807228
0.00015752308
0.00015966967
0.00019844232
0.00057747636
0.00014858047
0.00014858142
0.00014858351
0.00014858695
0.00014859139
0.00014859636
0.00014859955
0.0001485919
0.00014854197
0.00014835849
0.00014785779
0.00014709963
0.00014993181
0.00019659445
0.00059772639
0.00013975169
0.00013975271
0.00013975496
0.00013975864
0.00013976325
0.00013976781
0.00013976817
0.00013974945
0.00013966425
0.0001393877
0.00013870223
0.00013778194
0.00014154644
0.00019585229
0.00060724748
0.00013186192
0.00013186298
0.00013186534
0.00013186914
0.00013187366
0.00013187713
0.00013187282
0.00013183836
0.00013170812
0.00013132527
0.00013045854
0.00012946164
0.00013447268
0.00019626303
0.00060905754
0.00012477404
0.00012477514
0.00012477755
0.00012478136
0.00012478548
0.00012478703
0.00012477592
0.00012472085
0.00012453699
0.00012404097
0.00012301362
0.00012205827
0.00012868159
0.00019789321
0.0006056161
0.00011837572
0.00011837682
0.00011837924
0.0001183829
0.00011838626
0.00011838492
0.00011836468
0.00011828424
0.00011804014
0.00011743108
0.00011627928
0.00011550993
0.00012414935
0.00020080676
0.00059880682
0.0001125741
0.0001125752
0.00011257756
0.00011258091
0.00011258305
0.00011257774
0.00011254594
0.00011243584
0.00011212738
0.0001114124
0.00011018555
0.00010976786
0.00012085593
0.00020505367
0.00059001308
0.00010729189
0.00010729297
0.0001072952
0.00010729803
0.00010729845
0.00010728799
0.00010724223
0.00010709893
0.00010672477
0.00010591759
0.00010467621
0.00010479348
0.00011878602
0.00021066301
0.00058022149
0.0001024643
0.00010246533
0.00010246733
0.00010246942
0.00010246756
0.00010245071
0.00010238875
0.00010220964
0.0001017714
0.00010089174
9.9705638e-05
0.000100557
0.00011793046
0.00021763683
0.00057012062
9.8036637e-05
9.8037572e-05
9.8039255e-05
9.8040328e-05
9.8035582e-05
9.8011091e-05
9.7930966e-05
9.7714594e-05
9.7216801e-05
9.6289669e-05
9.5236719e-05
9.703687e-05
0.00011828673
0.00022594366
0.0005601824
9.3962451e-05
9.3963259e-05
9.3964497e-05
9.3964262e-05
9.3955981e-05
9.3922652e-05
9.3822751e-05
9.3568903e-05
9.3018884e-05
9.2074025e-05
9.1239503e-05
9.4219615e-05
0.00011985802
0.00023551194
0.0005507241
9.0202076e-05
9.020271e-05
9.0203366e-05
9.0201504e-05
9.0189027e-05
9.0145749e-05
9.0024925e-05
8.9734681e-05
8.914241e-05
8.8213812e-05
8.7690325e-05
9.20998e-05
0.00012265037
0.00024622465
0.00054195294
8.6721448e-05
8.6721856e-05
8.6721775e-05
8.6717945e-05
8.6700619e-05
8.664642e-05
8.6504047e-05
8.61798e-05
8.5557736e-05
8.4683334e-05
8.4571272e-05
9.0679902e-05
0.00012666793
0.00025791693
0.00053399692
8.3491166e-05
8.3491287e-05
8.3490304e-05
8.3484151e-05
8.3461349e-05
8.3395437e-05
8.3231463e-05
8.2876915e-05
8.2239851e-05
8.1461425e-05
8.1869885e-05
8.9969913e-05
0.00013190642
0.00027037857
0.00052692519
8.0485733e-05
8.0485502e-05
8.0483437e-05
8.0474603e-05
8.0445747e-05
8.0367548e-05
8.018253e-05
7.9802669e-05
7.9167636e-05
7.8530889e-05
7.9578989e-05
8.9986538e-05
0.00013834557
0.00028336255
0.00052076146
7.7682937e-05
7.7682283e-05
7.767895e-05
7.7667083e-05
7.7631664e-05
7.7540855e-05
7.7335982e-05
7.6937064e-05
7.6323276e-05
7.5878109e-05
7.7696612e-05
9.0751816e-05
0.00014594134
0.00029659939
0.00051549302
7.5063349e-05
7.5062196e-05
7.5057404e-05
7.5042167e-05
7.4999765e-05
7.4896302e-05
7.4673418e-05
7.4262946e-05
7.369182e-05
7.3492783e-05
7.6225917e-05
9.229105e-05
0.00015461944
0.000309816
0.00051107779
7.2609902e-05
7.2608172e-05
7.260173e-05
7.2582813e-05
7.2533118e-05
7.2417256e-05
7.2178869e-05
7.1765596e-05
7.1260831e-05
7.1367745e-05
7.5175079e-05
9.4629939e-05
0.00016427135
0.00032275576
0.00050745065
7.0307551e-05
7.0305165e-05
7.0296888e-05
7.0274015e-05
7.0216842e-05
7.0089161e-05
6.9838457e-05
6.94324e-05
6.9020131e-05
6.949887e-05
7.4557053e-05
9.7790947e-05
0.00017475428
0.00033519669
0.00050453001
6.8142984e-05
6.8139863e-05
6.8129574e-05
6.8102519e-05
6.8037823e-05
6.7899244e-05
6.7640104e-05
6.7252585e-05
6.6961603e-05
6.7885016e-05
7.438916e-05
0.00010178904
0.0001858954
0.00034696444
0.00050222457
6.6104382e-05
6.6100451e-05
6.608799e-05
6.6056581e-05
6.5984475e-05
6.5836276e-05
6.5573296e-05
6.5217006e-05
6.5079053e-05
6.6528011e-05
7.4692423e-05
0.00010662718
0.00019750038
0.00035793856
0.00050043991
6.418122e-05
6.4176406e-05
6.4161633e-05
6.4125766e-05
6.4046535e-05
6.3890369e-05
6.3628889e-05
6.3317981e-05
6.3368113e-05
6.5432644e-05
7.5490605e-05
0.00011229203
0.00020936499
0.00036805173
0.00049908424
6.2364094e-05
6.2358333e-05
6.2341135e-05
6.230078e-05
6.2214894e-05
6.2052808e-05
6.1798947e-05
6.1549161e-05
6.182618e-05
6.4606648e-05
7.680889e-05
0.00011875054
0.00022128816
0.00037728353
0.00049807291
6.064458e-05
6.0637817e-05
6.0618111e-05
6.0573325e-05
6.0481451e-05
6.031591e-05
6.0076617e-05
5.9905429e-05
6.045239e-05
6.4060643e-05
7.8672185e-05
0.00012594803
0.00023308444
0.00038565069
0.00049733132
5.9015114e-05
5.9007302e-05
5.8985044e-05
5.8935977e-05
5.8838997e-05
5.8672904e-05
5.8456016e-05
5.8382826e-05
5.9247606e-05
6.380802e-05
8.1103077e-05
0.00013380821
0.00024459408
0.00039319634
0.00049679626
5.746888e-05
5.745999e-05
5.7435175e-05
5.7382083e-05
5.7281105e-05
5.7117831e-05
5.6932149e-05
5.6978499e-05
5.8214437e-05
6.3864706e-05
8.4119509e-05
0.00014223536
0.00025568959
0.00039997992
0.00049641599
5.599973e-05
5.5989745e-05
5.596242e-05
5.590567e-05
5.5802046e-05
5.5645466e-05
5.5500841e-05
5.5690668e-05
5.7357258e-05
6.4248809e-05
8.7732327e-05
0.0001511185
0.00026627829
0.00040606902
0.00049614946
5.4602101e-05
5.4591025e-05
5.4561286e-05
5.4501369e-05
5.4396714e-05
5.4251246e-05
5.4158685e-05
5.4518612e-05
5.6682234e-05
6.4980078e-05
9.1942938e-05
0.00016033717
0.00027630116
0.00041153335
0.00049596497
5.3270953e-05
5.3258808e-05
5.3226813e-05
5.3164353e-05
5.3060564e-05
5.2931212e-05
5.2903001e-05
5.3462663e-05
5.6197343e-05
6.6079179e-05
9.6741323e-05
0.00016976801
0.000285729
0.00041644085
0.00049583865
5.2001708e-05
5.198854e-05
5.1954511e-05
5.1890276e-05
5.1789556e-05
5.1681971e-05
5.1731808e-05
5.2524225e-05
5.5912363e-05
6.7566763e-05
0.00010210471
0.00017929136
0.00029455685
0.00042085544
0.00049575297
5.0790203e-05
5.0776083e-05
5.0740313e-05
5.067523e-05
5.0580113e-05
5.050065e-05
5.0643813e-05
5.1705788e-05
5.5838827e-05
6.9462328e-05
0.00010799713
0.00018879709
0.00030279789
0.00042483586
0.00049569544
4.9632648e-05
4.9617675e-05
4.9580534e-05
4.9515698e-05
4.942908e-05
4.9384875e-05
4.9638394e-05
5.1010966e-05
5.5989917e-05
7.1782918e-05
0.00011437
0.00019818901
0.00031047772
0.00042843533
0.0004956574
4.8525586e-05
4.8509888e-05
4.8471831e-05
4.8408525e-05
4.8333699e-05
4.8332748e-05
4.8715611e-05
5.0444524e-05
5.6380275e-05
7.4541724e-05
0.0001211637
0.00020738764
0.00031762941
0.00043170149
0.00049563313
4.7465859e-05
4.74496e-05
4.7411173e-05
4.7350883e-05
4.7291578e-05
4.7342831e-05
4.7876207e-05
5.0012417e-05
5.702572e-05
7.7746676e-05
0.00012831013
0.00021633121
0.00032428982
0.00043467667
0.00049561908
4.6450583e-05
4.6433963e-05
4.6395814e-05
4.6340247e-05
4.6300671e-05
4.641414e-05
4.7121628e-05
4.9721817e-05
5.7942847e-05
8.1399163e-05
0.00013573578
0.00022497509
0.00033049682
0.00043739817
0.00049561324
4.5477121e-05
4.5460379e-05
4.5423267e-05
4.5374375e-05
4.5359268e-05
4.5546142e-05
4.6454049e-05
4.9581125e-05
5.9148508e-05
8.5493016e-05
0.00014336521
0.00023329014
0.00033628764
0.00043989867
0.00049561471
4.4543061e-05
4.4526479e-05
4.4491284e-05
4.4451289e-05
4.446598e-05
4.4738756e-05
4.5876394e-05
4.9599966e-05
6.0659159e-05
9.001388e-05
0.0001511244
0.00024126036
0.00034169779
0.00044220662
0.00049562332
4.3646195e-05
4.3630105e-05
4.359784e-05
4.3569259e-05
4.3619731e-05
4.3992365e-05
4.5392377e-05
4.9789138e-05
6.24901e-05
9.4939089e-05
0.0001589437
0.0002488802
0.00034676053
0.00044434669
0.00049563933
4.2784505e-05
4.2769292e-05
4.2741115e-05
4.2726796e-05
4.2819756e-05
4.3307822e-05
4.5006531e-05
5.0160523e-05
6.4654627e-05
0.00010023808
0.00016676014
0.00025615208
0.00035150661
0.00044634014
0.00049566327
4.1956147e-05
4.1942252e-05
4.1919486e-05
4.1922641e-05
4.2065604e-05
4.2686474e-05
4.4724243e-05
5.0726938e-05
6.7163137e-05
0.00010587334
0.00017451901
0.00026308403
0.00035596427
0.00044820531
0.00049569579
4.1159436e-05
4.1147367e-05
4.1131511e-05
4.1155759e-05
4.1357137e-05
4.2130176e-05
4.455179e-05
5.1501908e-05
7.0022258e-05
0.0001118018
0.00018217461
0.0002696879
0.00036015925
0.00044995792
0.00049573755
4.039284e-05
4.0383173e-05
4.0375928e-05
4.0425336e-05
4.0694538e-05
4.1641323e-05
4.4496353e-05
5.2499371e-05
7.3234066e-05
0.00011797662
0.00018969027
0.00027597786
0.0003641149
0.00045161147
0.00049578915
3.9654963e-05
3.9648355e-05
3.9651641e-05
3.9730781e-05
4.0078323e-05
4.1222873e-05
4.4566032e-05
5.3733287e-05
7.6795472e-05
0.00012434897
0.00019703788
0.00028196939
0.00036785236
0.00045317755
0.00049585112
3.8944544e-05
3.8941738e-05
3.8957721e-05
3.9071722e-05
3.9509355e-05
4.0878379e-05
4.4769831e-05
5.5217175e-05
8.0697846e-05
0.00013087002
0.00020419699
0.00028767849
0.00037139067
0.00045466609
0.00049592389
3.8260447e-05
3.8262283e-05
3.8293404e-05
3.8448018e-05
3.8988856e-05
4.0612025e-05
4.5117615e-05
5.6963573e-05
8.4926936e-05
0.00013749257
0.00021115369
0.00029312118
0.00037474695
0.00045608565
0.00049600779
3.7601653e-05
3.7609082e-05
3.7658086e-05
3.7859757e-05
3.851843e-05
4.0428653e-05
4.5620031e-05
5.898345e-05
8.94631e-05
0.00014417247
0.00021789951
0.0002983132
0.00037793662
0.00045744357
0.00049610301
3.6967262e-05
3.6981351e-05
3.7051327e-05
3.7307273e-05
3.8100084e-05
4.0333801e-05
4.6288383e-05
6.1285588e-05
9.4281854e-05
0.00015086966
0.0002244303
0.00030326972
0.00038097347
0.0004587462
0.00049620968
3.6356483e-05
3.6378439e-05
3.6472854e-05
3.6791149e-05
3.7736253e-05
4.033372e-05
4.7134453e-05
6.3875995e-05
9.9354677e-05
0.00015754882
0.00023074528
0.00030800525
0.00038386992
0.00045999904
0.00049632782
3.5768637e-05
3.5799814e-05
3.5922562e-05
3.6312237e-05
3.7429828e-05
4.0435399e-05
4.8170263e-05
6.6757362e-05
0.00010465003
0.00016417963
0.0002368462
0.00031253357
0.00038663711
0.00046120683
0.00049645738
3.5203153e-05
3.5245078e-05
3.5400526e-05
3.587167e-05
3.7184185e-05
4.0646561e-05
4.940778e-05
6.9928654e-05
0.00011013449
0.00017073674
0.00024273673
0.00031686761
0.00038928504
0.00046237372
0.00049659825
3.4659571e-05
3.4713957e-05
3.4907005e-05
3.5470884e-05
3.7003216e-05
4.0975655e-05
5.0858557e-05
7.338483e-05
0.00011577387
0.00017719951
0.00024842186
0.00032101952
0.00039182274
0.00046350331
0.00049675024
3.4137541e-05
3.4206315e-05
3.4442453e-05
3.5111632e-05
3.689136e-05
4.1431808e-05
5.2533328e-05
7.7116771e-05
0.00012153433
0.00018355156
0.00025390757
0.00032500063
0.00039425831
0.00046459878
0.00049691315
3.3636827e-05
3.3722154e-05
3.4007531e-05
3.4796016e-05
3.6853631e-05
4.2024759e-05
5.4441568e-05
8.1111393e-05
0.00012738327
0.00018978031
0.00025920046
0.00032882149
0.00039659908
0.00046566289
0.00049708671
3.3157312e-05
3.3261621e-05
3.3603121e-05
3.4526502e-05
3.689565e-05
4.2764745e-05
5.6591038e-05
8.5351973e-05
0.00013329012
0.00019587638
0.00026430751
0.00033249189
0.00039885167
0.0004666981
0.00049727064
3.2699001e-05
3.2825019e-05
3.3230344e-05
3.4305957e-05
3.702366e-05
4.3662352e-05
5.8987344e-05
8.9818644e-05
0.00013922684
0.00020183315
0.00026923592
0.00033602092
0.00040102206
0.00046770657
0.00049746465
3.2262029e-05
3.2412818e-05
3.2890574e-05
3.413767e-05
3.7244542e-05
4.4728315e-05
6.1633539e-05
9.4489032e-05
0.00014516825
0.00020764625
0.00027399294
0.000339417
0.00040311569
0.00046869022
0.00049766841
3.1846672e-05
3.2025663e-05
3.2585463e-05
3.4025389e-05
3.7565809e-05
4.5973271e-05
6.452981e-05
9.933898e-05
0.00015109219
0.00021331317
0.00027858579
0.00034268791
0.00040513749
0.00046965077
0.00049788159
3.1453353e-05
3.1664391e-05
3.231696e-05
3.3973344e-05
3.7995593e-05
4.740747e-05
6.7673262e-05
0.0001043433
0.00015697949
0.0002188329
0.00028302152
0.00034584086
0.00040709192
0.00047058968
0.00049810386
3.1082656e-05
3.133005e-05
3.208734e-05
3.3986284e-05
3.85426e-05
4.9040445e-05
7.1057844e-05
0.00010947652
0.00016281381
0.00022420565
0.00028730704
0.0003488826
0.00040898323
0.00047150443
0.00049833477
3.0735342e-05
3.1023912e-05
3.1899227e-05
3.4069501e-05
3.9216036e-05
5.0880662e-05
7.4674404e-05
0.00011471354
0.00016858149
0.00022943258
0.000291449
0.00035181925
0.00041081466
0.00047239506
0.0004985739
3.0412362e-05
3.0747497e-05
3.1755624e-05
3.4228853e-05
4.0025512e-05
5.2935153e-05
7.8510891e-05
0.00012003018
0.00017427127
0.00023451558
0.00029545377
0.0003546564
0.0004125891
0.00047326294
0.0004988207
3.0114877e-05
3.0502598e-05
3.1659945e-05
3.4470784e-05
4.0980894e-05
5.5209165e-05
8.2552679e-05
0.00012540361
0.000179874
0.00023945713
0.00029932738
0.00035739917
0.00041430936
0.00047410988
0.00049907467
2.9844281e-05
3.02913e-05
3.1616046e-05
3.4802324e-05
4.2092127e-05
5.7705849e-05
8.6783001e-05
0.0001308127
0.00018538238
0.00024426013
0.0003030757
0.00036005263
0.00041597749
0.00047493647
0.0004993353
2.9602222e-05
3.0116017e-05
3.1628255e-05
3.5231088e-05
4.3369016e-05
6.0425998e-05
9.1183446e-05
0.00013623817
0.00019079076
0.00024892781
0.0003067043
0.00036262126
0.00041759497
0.00047574361
0.00049960216
2.9390631e-05
2.9979517e-05
3.1701407e-05
3.5765246e-05
4.4820964e-05
6.3367883e-05
9.5734499e-05
0.00014166268
0.00019609488
0.00025346362
0.00031021838
0.00036510887
0.00041916375
0.00047653272
0.00049987494
2.9211751e-05
2.9884955e-05
3.1840872e-05
3.6413473e-05
4.6456691e-05
6.652717e-05
0.00010041606
0.00014707086
0.00020129162
0.0002578711
0.00031362278
0.00036751899
0.00042068621
0.00047730509
0.00050015335
2.9068172e-05
2.9835913e-05
3.2052582e-05
3.7184871e-05
4.8283922e-05
6.9896954e-05
0.00010520797
0.0001524492
0.00020637891
0.00026215391
0.00031692216
0.000369855
0.00042216439
0.00047806211
0.00050043717
2.8962864e-05
2.983643e-05
3.2343046e-05
3.8088861e-05
5.0309078e-05
7.3467899e-05
0.00011009038
0.00015778598
0.0002113555
0.00026631581
0.00032012124
0.00037211979
0.0004235991
0.00047880559
0.00050072625
2.8899217e-05
2.9891046e-05
3.2719367e-05
3.9135037e-05
5.2536979e-05
7.7228477e-05
0.00011504418
0.00016307112
0.00021622088
0.0002703605
0.00032322388
0.00037431558
0.00042499293
0.00047953644
0.00050102046
2.8881088e-05
3.0004837e-05
3.318923e-05
4.0332979e-05
5.4970576e-05
8.116528e-05
0.00012005126
0.00016829604
0.00022097507
0.00027429148
0.00032623364
0.00037644508
0.00042634815
0.0004802552
0.00050131959
2.8912837e-05
3.0183452e-05
3.3760891e-05
4.169204e-05
5.7610741e-05
8.5263396e-05
0.00012509465
0.00017345351
0.00022561852
0.00027811216
0.00032915388
0.0003785112
0.00042766683
0.00048096232
0.00050162343
2.8999384e-05
3.0433148e-05
3.4443123e-05
4.3221095e-05
6.0456124e-05
8.9506817e-05
0.00013015872
0.00017853752
0.00023015223
0.00028182644
0.0003319884
0.00038051453
0.00042895135
0.00048165849
0.00050193178
2.9146247e-05
3.0760819e-05
3.5245152e-05
4.4928261e-05
6.3503088e-05
9.3878841e-05
0.00013522919
0.00018354312
0.00023457744
0.00028543742
0.00033473925
0.00038245832
0.00043020339
0.00048234435
0.00050224442
2.9359593e-05
3.1174012e-05
3.6176554e-05
4.6820616e-05
6.6745742e-05
9.8362466e-05
0.00014029313
0.00018846628
0.00023889548
0.00028894793
0.00033740909
0.00038434549
0.00043142428
0.00048302037
0.00050256118
2.9646284e-05
3.1680941e-05
3.7247114e-05
4.8903907e-05
7.0176052e-05
0.00010294073
0.00014533894
0.00019330375
0.00024310778
0.00029236072
0.00034000082
0.00038617866
0.00043261524
0.00048368688
0.00050288185
3.0013913e-05
3.2290471e-05
3.8466651e-05
5.1182285e-05
7.3784037e-05
0.00010759703
0.00015035632
0.00019805314
0.00024721655
0.0002956795
0.00034251494
0.00038796052
0.00043377759
0.00048434421
0.00050320621
3.0470836e-05
3.3012086e-05
3.9844806e-05
5.3658072e-05
7.7558027e-05
0.00011231532
0.00015533616
0.00020271255
0.00025122334
0.00029890572
0.00034495507
0.00038969318
0.00043491255
0.00048499265
0.00050353407
3.1026189e-05
3.3855832e-05
4.1390794e-05
5.6331586e-05
8.1484969e-05
0.00011708036
0.00016027041
0.00020728049
0.0002551296
0.00030204158
0.00034732434
0.0003913785
0.00043602116
0.00048563247
0.00050386521
3.1689884e-05
3.4832217e-05
4.3113129e-05
5.9201026e-05
8.5550755e-05
0.00012187775
0.00016515208
0.00021175605
0.0002589373
0.00030508876
0.00034962562
0.00039301822
0.00043710433
0.00048626388
0.00050419944
3.2472586e-05
3.5952076e-05
4.501933e-05
6.2262438e-05
8.9740557e-05
0.00012669411
0.00016997514
0.00021613886
0.00026264854
0.00030804845
0.00035186157
0.00039461409
0.00043816292
0.00048688706
0.00050453656
3.3385646e-05
3.7226388e-05
4.7115629e-05
6.5509764e-05
9.4039142e-05
0.00013151704
0.00017473428
0.00022042829
0.00026626394
0.000310924
0.00035403447
0.00039616767
0.00043919771
0.00048750214
0.00050487636
3.4441001e-05
3.8666052e-05
4.9406691e-05
6.8934956e-05
9.8431156e-05
0.0001363351
0.0001794248
0.00022462385
0.00026978484
0.00031371832
0.0003561464
0.00039768038
0.00044020941
0.00048810925
0.00050521865
3.5651014e-05
4.028161e-05
5.1895363e-05
7.2528169e-05
0.0001029014
0.00014113797
0.00018404323
0.00022872692
0.00027321051
0.00031643407
0.00035819941
0.00039915352
0.00044119866
0.00048870848
0.00050556323
3.7028259e-05
4.2082934e-05
5.4582479e-05
7.6277999e-05
0.00010743501
0.00014591617
0.00018858601
0.00023273623
0.0002765436
0.00031907359
0.0003601954
0.00040058829
0.00044216605
0.0004892999
0.00050590991
3.8585234e-05
4.4078884e-05
5.7466722e-05
8.0171748e-05
0.0001120176
0.000150661
0.00019304982
0.00023665133
0.00027978657
0.00032163904
0.00036213608
0.0004019858
0.00044311209
0.00048988354
0.00050625848
4.0334015e-05
4.6276945e-05
6.0544567e-05
8.4195741e-05
0.0001166355
0.00015536507
0.00019743349
0.0002404701
0.00028294156
0.00032413249
0.00036402304
0.00040334706
0.00044403724
0.00049045945
0.00050660877
4.2285836e-05
4.8682875e-05
6.3810294e-05
8.8335592e-05
0.00012127566
0.0001600212
0.00020173351
0.00024419364
0.00028601051
0.00032655587
0.00036585776
0.00040467298
0.00044494193
0.00049102763
0.00050696057
4.4450624e-05
5.1300368e-05
6.7256084e-05
9.2576473e-05
0.00012592576
0.00016462286
0.00020594663
0.00024782325
0.00028899522
0.00032891097
0.00036764157
0.0004059644
0.00044582652
0.00049158805
0.00050731371
4.6836506e-05
5.4130773e-05
7.0872191e-05
9.6903457e-05
0.0001305746
0.00016916555
0.00021006873
0.00025135998
0.00029189745
0.00033119942
0.00036937572
0.00040722208
0.00044669133
0.00049214069
0.00050766799
4.9449306e-05
5.7172875e-05
7.464713e-05
0.00010130155
0.00013521108
0.00017364217
0.00021409929
0.00025480481
0.00029471878
0.00033342273
0.00037106133
0.00040844668
0.00044753662
0.0004926855
0.00050802323
5.2292095e-05
6.0422769e-05
7.8568011e-05
0.00010575632
0.00013982637
0.00017804517
0.00021803756
0.00025815868
0.00029746072
0.00033558228
0.00037269941
0.00040963881
0.00044836262
0.0004932224
0.00050837923
5.5364801e-05
6.387381e-05
8.2620704e-05
0.00011025328
0.00014441
0.00018236984
0.00022188284
0.00026142249
0.00030012462
0.00033767933
0.00037429089
0.00041079901
0.00044916951
0.00049375132
0.00050873582
5.8663954e-05
6.7516737e-05
8.6790452e-05
0.00011477976
0.00014895022
0.00018661254
0.00022563451
0.00026459707
0.00030271172
0.00033971502
0.00037583658
0.00041192771
0.00044995745
0.00049427214
0.00050909281
6.2182566e-05
7.1339803e-05
9.1061843e-05
0.00011932104
0.00015343816
0.00019076987
0.00022929202
0.00026768315
0.00030522312
0.00034169034
0.00037733719
0.00041302533
0.00045072652
0.00049478474
0.00050945001
6.5910241e-05
7.5329232e-05
9.5419633e-05
0.00012386176
0.00015786619
0.00019483873
0.00023285484
0.0002706814
0.00030765983
0.0003436062
0.00037879336
0.00041409217
0.00045147679
0.00049528899
0.00050980722
6.9833721e-05
7.9469737e-05
9.9845342e-05
0.00012838917
0.00016222729
0.00019881624
0.00023632249
0.00027359239
0.00031002269
0.00034546336
0.00038020561
0.00041512851
0.00045220828
0.0004957847
0.00051016427
7.3936195e-05
8.3742464e-05
0.00010432177
0.00013289129
0.00016651495
0.00020269977
0.00023969447
0.00027641657
0.00031231245
0.00034726249
0.00038157438
0.00041613452
0.00045292096
0.00049627172
0.00051052094
7.8197606e-05
8.8127423e-05
0.00010883201
0.00013735688
0.00017072319
0.00020648687
0.00024297028
0.00027915433
0.00031452972
0.00034900412
0.00038290001
0.00041711033
0.00045361476
0.00049674983
0.00051087706
8.2595728e-05
9.2603755e-05
0.00011335961
0.00014177543
0.00017484652
0.00021017527
0.0002461494
0.00028180592
0.00031667499
0.00035068869
0.00038418276
0.00041805601
0.00045428959
0.00049721881
0.00051123241
8.7106824e-05
9.7150168e-05
0.00011788865
0.00014613718
0.00017887988
0.00021376288
0.00024923132
0.00028437153
0.00031874864
0.00035231652
0.0003854228
0.00041897155
0.00045494529
0.00049767842
0.00051158678
9.1706318e-05
0.00010174533
0.00012240394
0.00015043305
0.00018281867
0.00021724775
0.0002522155
0.00028685123
0.00032075092
0.00035388782
0.00038662021
0.00041985689
0.00045558167
0.00049812839
0.00051193996
9.6369419e-05
0.00010636827
0.00012689104
0.00015465472
0.00018665871
0.00022062812
0.00025510139
0.00028924502
0.00032268199
0.00035540272
0.00038777498
0.00042071189
0.00045619851
0.00049856843
0.00051229172
0.00010107169
0.00011099866
0.00013133637
0.00015879454
0.00019039622
0.00022390236
0.00025788846
0.00029155284
0.00032454191
0.00035686122
0.00038888704
0.00042153636
0.00045679553
0.00049899823
0.00051264185
0.00010578952
0.00011561713
0.00013572726
0.00016284554
0.00019402782
0.00022706902
0.00026057621
0.00029377456
0.00032633065
0.00035826326
0.00038995622
0.00042233006
0.00045737241
0.00049941744
0.00051299008
0.00011050053
0.00012020549
0.00014005203
0.00016680146
0.00019755055
0.00023012686
0.00026316415
0.00029591001
0.00032804809
0.00035960869
0.0003909823
0.00042309268
0.00045792882
0.00049982572
0.00051333618
0.00011518387
0.00012474688
0.00014429999
0.00017065668
0.00020096184
0.00023307479
0.00026565187
0.00029795899
0.00032969408
0.0003608973
0.00039196499
0.00042382386
0.00045846434
0.00050022268
0.00051367989
0.00011982041
0.00012922589
0.00014846148
0.00017440625
0.00020425948
0.00023591194
0.00026803901
0.0002999213
0.00033126841
0.0003621288
0.00039290392
0.0004245232
0.00045897857
0.00050060791
0.00051402092
0.00012439288
0.00013362867
0.00015252787
0.00017804586
0.0002074417
0.00023863767
0.00027032532
0.00030179676
0.00033277084
0.00036330287
0.0003937987
0.00042519025
0.00045947104
0.00050098099
0.00051435901
0.00012888593
0.00013794288
0.00015649157
0.00018157182
0.00021050708
0.00024125153
0.00027251066
0.00030358522
0.00033420112
0.00036441916
0.00039464891
0.00042582453
0.00045994126
0.00050134147
0.00051469384
0.0001332861
0.00014215775
0.00016034598
0.00018498107
0.00021345458
0.00024375333
0.00027459501
0.00030528659
0.00033555902
0.0003654773
0.00039545407
0.00042642553
0.00046038874
0.0005016889
0.00051502511
0.00013758181
0.00014626402
0.0001640855
0.00018827113
0.00021628352
0.00024614309
0.00027657849
0.00030690085
0.00033684433
0.00036647693
0.00039621371
0.00042699274
0.00046081295
0.0005020228
0.00051535251
0.00014176326
0.00015025384
0.00016770547
0.00019144007
0.00021899359
0.00024842108
0.00027846139
0.00030842808
0.0003380569
0.0003674177
0.00039692737
0.00042752562
0.00046121336
0.0005023427
0.0005156757
0.00014582231
0.00015412076
0.00017120212
0.00019448652
0.00022158482
0.00025058781
0.00028024416
0.00030986846
0.00033919662
0.00036829929
0.00039759458
0.00042802364
0.00046158945
0.00050264813
0.00051599435
0.00014975239
0.00015785957
0.00017457253
0.00019740961
0.00022405755
0.00025264402
0.00028192741
0.00031122231
0.0003402635
0.00036912145
0.00039821493
0.00042848629
0.00046194068
0.0005029386
0.0005163081
0.00015354833
0.00016146625
0.00017781457
0.00020020895
0.00022641244
0.00025459066
0.00028351194
0.00031249007
0.00034125762
0.00036988398
0.00039878801
0.0004289131
0.00046226657
0.00050321365
0.00051661661
0.00015720629
0.00016493784
0.00018092681
0.00020288459
0.00022865043
0.00025642893
0.00028499872
0.00031367233
0.00034217918
0.00037058676
0.00039931352
0.00042930362
0.00046256662
0.00050347285
0.00051691953
0.00016072354
0.00016827236
0.00018390853
0.00020543701
0.00023077275
0.00025816019
0.00028638891
0.00031476984
0.0003430285
0.00037122978
0.0003997912
0.00042965746
0.00046284041
0.00050371575
0.00051721648
0.00016409841
0.00017146867
0.00018675957
0.00020786703
0.00023278085
0.00025978605
0.00028768383
0.00031578347
0.00034380603
0.00037181312
0.00040022087
0.0004299743
0.00046308755
0.00050394197
0.00051750712
0.00016733013
0.00017452643
0.00018948034
0.00021017586
0.00023467643
0.00026130826
0.00028888497
0.00031671428
0.00034451237
0.000372337
0.00040060246
0.0004302539
0.00046330769
0.00050415116
0.00051779109
0.00017041871
0.00017744595
0.00019207173
0.00021236499
0.00023646139
0.00026272875
0.00028999398
0.00031756348
0.00034514825
0.00037280175
0.00040093601
0.00043049607
0.00046350057
0.000504343
0.00051806804
0.00017336487
0.00018022816
0.00019453504
0.00021443619
0.00023813779
0.0002640496
0.00029101265
0.00031833241
0.00034571455
0.00037320782
0.00040122165
0.00043070077
0.000463666
0.00050451723
0.00051833765
0.00017616991
0.00018287448
0.00019687198
0.00021639149
0.00023970791
0.00026527305
0.00029194292
0.00031902256
0.00034621228
0.00037355581
0.00040145967
0.00043086801
0.00046380386
0.00050467364
0.00051859958
0.00017883564
0.00018538678
0.00019908456
0.00021823311
0.00024117411
0.00026640142
0.00029278684
0.00031963558
0.00034664262
0.00037384647
0.00040165043
0.00043099794
0.00046391412
0.00050481209
0.00051885354
0.00018136429
0.0001877673
0.00020117508
0.00021996349
0.00024253892
0.00026743717
0.0002935466
0.00032017321
0.00034700685
0.00037408065
0.00040179447
0.00043109081
0.00046399684
0.0005049325
0.00051909922
0.00018375847
0.00019001861
0.00020314608
0.00022158519
0.00024380497
0.00026838283
0.00029422447
0.00032063734
0.00034730641
0.00037425937
0.00040189243
0.00043114699
0.00046405219
0.00050503485
0.00051933637
0.00018602106
0.00019214352
0.00020500029
0.00022310094
0.00024497495
0.00026924102
0.00029482282
0.00032102996
0.00034754287
0.00037438376
0.00040194508
0.00043116697
0.00046408042
0.00050511921
0.00051956475
0.00018815519
0.00019414508
0.00020674063
0.00022451356
0.00024605166
0.00027001442
0.00029534409
0.00032135315
0.00034771788
0.00037445509
0.00040195332
0.00043115133
0.00046408188
0.00050518569
0.00051978414
0.00019016418
0.00019602649
0.00020837014
0.00022582596
0.00024703794
0.00027070577
0.00029579079
0.0003216091
0.00034783324
0.00037447474
0.00040191817
0.00043110079
0.00046405702
0.00050523451
0.00051999434
0.00019205151
0.0001977911
0.00020989194
0.00022704114
0.00024793668
0.00027131783
0.00029616548
0.00032180005
0.00034789081
0.00037444419
0.00040184077
0.00043101617
0.00046400639
0.00050526591
0.00052019521
0.00019382076
0.00019944235
0.00021130929
0.00022816214
0.0002487508
0.0002718534
0.00029647077
0.00032192831
0.00034789258
0.00037436507
0.00040172237
0.00043089841
0.00046393062
0.00050528025
0.00052038662
0.00019547559
0.00020098377
0.00021262545
0.00022919202
0.00024948324
0.0002723153
0.00029670929
0.00032199627
0.00034784057
0.00037423904
0.00040156431
0.00043074853
0.00046383044
0.00050527791
0.00052056847
0.00019701973
0.00020241893
0.00021384376
0.0002301339
0.00025013694
0.00027270635
0.00029688369
0.00032200634
0.00034773691
0.00037406789
0.00040136803
0.00043056764
0.00046370664
0.00050525937
0.00052074069
0.00019845693
0.00020375143
0.00021496756
0.00023099088
0.00025071486
0.00027302938
0.00029699665
0.00032196096
0.00034758376
0.00037385347
0.00040113506
0.00043035695
0.00046356011
0.00050522514
0.00052090326
0.00019979094
0.00020498488
0.00021600021
0.00023176608
0.00025121994
0.00027328719
0.00029705084
0.0003218626
0.00034738332
0.00037359768
0.00040086699
0.00043011773
0.00046339179
0.00050517579
0.00052105617
0.00020102552
0.00020612289
0.00021694505
0.00023246259
0.0002516551
0.0002734826
0.00029704891
0.00032171374
0.00034713785
0.0003733025
0.00040056548
0.00042985134
0.00046320269
0.00050511193
0.00052119946
0.00020216439
0.00020716903
0.00021780542
0.00023308351
0.00025202325
0.00027361838
0.00029699354
0.00032151688
0.0003468496
0.00037296993
0.00040023226
0.00042955917
0.00046299387
0.00050503423
0.00052133319
0.00020321126
0.00020812686
0.00021858462
0.00023363187
0.00025232725
0.00027369726
0.00029688734
0.0003212745
0.00034652088
0.00037260201
0.00039986907
0.00042924267
0.00046276644
0.00050494338
0.00052145743
0.00020416978
0.00020899989
0.00021928591
0.00023411071
0.00025256993
0.00027372198
0.00029673293
0.00032098907
0.00034615396
0.0003722008
0.00039947772
0.00042890334
0.00046252153
0.0005048401
0.00052157232
0.00020504353
0.00020979159
0.00021991251
0.000234523
0.00025275411
0.0002736952
0.00029653288
0.00032066305
0.00034575113
0.00037176837
0.00039906
0.00042854268
0.00046226032
0.00050472514
0.00052167799
0.00020583605
0.00021050535
0.00022046761
0.00023487167
0.00025288252
0.00027361956
0.00029628973
0.00032029886
0.00034531467
0.00037130679
0.00039861776
0.00042816223
0.00046198399
0.00050459927
0.00052177461
0.00020655082
0.00021114453
0.00022095432
0.00023515961
0.00025295788
0.00027349764
0.00029600598
0.0003198989
0.00034484684
0.00037081815
0.00039815283
0.00042776354
0.00046169374
0.00050446325
0.00052186237
0.00020719122
0.0002117124
0.00022137569
0.00023538965
0.00025298283
0.00027333198
0.00029568408
0.00031946553
0.00034434987
0.00037030448
0.00039766703
0.00042734816
0.00046139078
0.00050431786
0.00052194146
0.00020776059
0.00021221216
0.00022173474
0.00023556456
0.00025295998
0.00027312506
0.00029532643
0.00031900106
0.00034382596
0.00036976783
0.00039716218
0.00042691762
0.00046107632
0.0005041639
0.00052201213
0.00020826217
0.00021264695
0.00022203438
0.00023568707
0.00025289185
0.00027287931
0.00029493539
0.00031850777
0.00034327726
0.00036921021
0.00039664008
0.00042647346
0.00046075154
0.00050400214
0.0005220746
0.00020869912
0.00021301983
0.00022227748
0.00023575981
0.00025278095
0.0002725971
0.00029451323
0.00031798788
0.0003427059
0.00036863357
0.0003961025
0.00042601719
0.00046041762
0.00050383335
0.00052212913
0.00020907452
0.00021333378
0.00022246684
0.00023578538
0.00025262968
0.00027228073
0.00029406221
0.00031744355
0.00034211395
0.00036803987
0.00039555118
0.00042555029
0.00046007573
0.0005036583
0.00052217599
0.00020939136
0.00021359169
0.00022260517
0.00023576631
0.00025244041
0.00027193247
0.00029358449
0.00031687688
0.00034150342
0.00036743097
0.00039498781
0.0004250742
0.000459727
0.00050347771
0.00052221545
0.00020965257
0.0002137964
0.00022269513
0.00023570505
0.00025221543
0.00027155448
0.00029308219
0.00031628994
0.00034087628
0.00036680872
0.00039441405
0.00042459035
0.00045937253
0.00050329232
0.00052224779
0.00020986098
0.00021395063
0.00022273929
0.00023560399
0.00025195698
0.0002711489
0.00029255736
0.0003156847
0.00034023444
0.0003661749
0.0003938315
0.00042410009
0.00045901338
0.00050310283
0.00052227331
0.00021001932
0.00021405706
0.00022274016
0.00023546545
0.00025166723
0.00027071779
0.00029201198
0.00031506309
0.00033957973
0.00036553124
0.00039324173
0.00042360476
0.0004586506
0.00050290992
0.0005222923
0.00021013026
0.00021411826
0.00022270016
0.0002352917
0.00025134828
0.00027026313
0.00029144798
0.00031442696
0.00033891393
0.0003648794
0.00039264623
0.00042310564
0.00045828517
0.00050271423
0.00052230505
0.00021019638
0.00021413673
0.00022262165
0.00023508491
0.00025100216
0.00026978686
0.0002908672
0.00031377811
0.00033823877
0.00036422097
0.00039204644
0.00042260394
0.00045791804
0.0005025164
0.00052231187
0.00021022018
0.0002141149
0.0002225069
0.0002348472
0.00025063085
0.00026929084
0.00029027144
0.00031311826
0.00033755589
0.00036355752
0.00039144375
0.00042210083
0.00045755012
0.00050231701
0.00052231304
0.00021020405
0.0002140551
0.00022235812
0.00023458062
0.00025023625
0.00026877687
0.00028966241
0.00031244907
0.00033686686
0.00036289049
0.00039083948
0.00042159744
0.00045718227
0.00050211663
0.00052230888
0.00021015035
0.0002139596
0.00022217746
0.00023428716
0.00024982021
0.00026824668
0.00028904178
0.00031177212
0.00033617321
0.00036222131
0.00039023488
0.00042109482
0.00045681529
0.00050191579
0.00052229965
0.00021006132
0.00021383058
0.00022196696
0.00023396873
0.0002493845
0.00026770193
0.00028841112
0.00031108894
0.00033547637
0.00036155131
0.00038963115
0.00042059397
0.00045644996
0.00050171499
0.00052228567
0.00020993913
0.00021367017
0.00022172863
0.00023362716
0.00024893083
0.00026714425
0.00028777197
0.00031040098
0.00033477773
0.00036088176
0.00038902942
0.00042009584
0.00045608698
0.00050151471
0.00052226721
0.00020978588
0.00021348038
0.00022146437
0.00023326426
0.00024846086
0.00026657515
0.00028712577
0.00030970962
0.00033407859
0.00036021388
0.00038843075
0.0004196013
0.00045572704
0.00050131538
0.00052224456
0.00020960359
0.00021326319
0.00022117605
0.00023288172
0.00024797615
0.00026599612
0.00028647393
0.00030901619
0.00033338018
0.00035954879
0.00038783615
0.0004191112
0.00045537076
0.00050111741
0.00052221798
0.0002093942
0.00021302049
0.00022086544
0.0002324812
0.00024747825
0.00026540858
0.00028581777
0.00030832194
0.0003326837
0.00035888758
0.00038724655
0.00041862629
0.0004550187
0.00050092119
0.00052218775
0.00020915959
0.00021275409
0.00022053426
0.0002320643
0.00024696861
0.00026481387
0.00028515855
0.00030762806
0.00033199024
0.00035823124
0.00038666284
0.0004181473
0.00045467141
0.00050072704
0.00052215412
0.00020890156
0.00021246575
0.00022018416
0.00023163252
0.00024644862
0.0002642133
0.00028449748
0.00030693568
0.00033130084
0.00035758072
0.00038608582
0.00041767488
0.00045432936
0.00050053531
0.00052211736
0.00020862184
0.00021215714
0.00021981672
0.00023118734
0.00024591964
0.00026360809
0.00028383571
0.00030624585
0.00033061649
0.0003569369
0.00038551625
0.00041720965
0.00045399301
0.00050034627
0.00052207769
0.00020832208
0.00021182988
0.00021943346
0.00023073016
0.00024538294
0.00026299942
0.00028317432
0.00030555959
0.00032993811
0.0003563006
0.00038495483
0.00041675214
0.00045366275
0.00050016019
0.00052203537
0.0002080039
0.00021148553
0.00021903585
0.00023026233
0.00024483975
0.00026238841
0.00028251434
0.00030487783
0.00032926655
0.00035567258
0.00038440219
0.00041630287
0.00045333893
0.00049997719
0.00052199062
0.00020766881
0.00021112556
0.00021862528
0.00022978512
0.00024429125
0.00026177612
0.00028185674
0.00030420147
0.00032860261
0.00035505353
0.00038385893
0.00041586229
0.00045302189
0.00049979675
0.00052194364
0.00020731828
0.0002107514
0.00021820309
0.00022929978
0.00024373854
0.00026116357
0.00028120242
0.00030353133
0.00032794703
0.0003544441
0.00038332557
0.0004154308
0.00045271179
0.00049961888
0.0005218946
0.00020695372
0.00021036441
0.00021777056
0.00022880747
0.00024318269
0.00026055171
0.00028055227
0.00030286818
0.0003273005
0.00035384488
0.00038280257
0.00041500872
0.0004524088
0.0004994438
0.00052184368
0.00020657647
0.0002099659
0.00021732891
0.00022830931
0.00024262471
0.00025994144
0.00027990707
0.00030221274
0.00032666365
0.0003532564
0.00038229039
0.00041459639
0.00045211284
0.00049927159
0.00052179101
0.00020618782
0.00020955712
0.00021687933
0.00022780639
0.00024206555
0.00025933361
0.0002792676
0.00030156569
0.00032603705
0.00035267914
0.00038178938
0.00041419402
0.00045182392
0.00049910248
0.00052173677
0.000205789
0.00020913926
0.00021642291
0.0002272997
0.00024150614
0.00025872905
0.00027863455
0.00030092764
0.00032542124
0.00035211353
0.00038129986
0.00041380176
0.00045154214
0.00049893674
0.00052168111
0.00020538118
0.00020871345
0.00021596072
0.00022679022
0.00024094733
0.00025812849
0.0002780086
0.00030029916
0.00032481669
0.00035155997
0.00038082214
0.00041341968
0.00045126751
0.0004987747
0.00052162423
0.00020496548
0.00020828078
0.00021549379
0.00022627887
0.00024038993
0.00025753265
0.00027739036
0.00029968077
0.00032422385
0.00035101881
0.00038035642
0.00041304781
0.00045100016
0.00049861661
0.00052156632
0.00020454297
0.00020784228
0.00021502307
0.00022576651
0.00023983471
0.00025694221
0.00027678039
0.00029907297
0.0003236431
0.00035049031
0.00037990284
0.00041268619
0.00045074028
0.00049846263
0.00052150753
0.00020411466
0.00020739894
0.00021454947
0.00022525399
0.0002392824
0.00025635778
0.00027617923
0.00029847617
0.00032307479
0.00034997474
0.00037946151
0.00041233477
0.0004504881
0.0004983129
0.00052144804
0.00020368152
0.00020695168
0.00021407387
0.00022474207
0.00023873369
0.00025577995
0.00027558736
0.00029789079
0.00032251922
0.0003494723
0.00037903245
0.00041199364
0.00045024375
0.00049816754
0.00052138801
0.00020324447
0.00020650141
0.00021359709
0.00022423149
0.00023818921
0.00025520926
0.00027500523
0.00029731717
0.00032197665
0.0003489831
0.00037861569
0.00041166294
0.00045000732
0.00049802662
0.00052132757
0.00020280438
0.00020604895
0.00021311992
0.00022372296
0.00023764956
0.00025464621
0.00027443325
0.00029675563
0.00032144732
0.00034850727
0.0003782111
0.00041134279
0.00044977887
0.00049789023
0.00052126688
0.00020236209
0.00020559512
0.00021264308
0.00022321712
0.00023711531
0.00025409128
0.00027387179
0.00029620645
0.00032093138
0.00034804479
0.00037781879
0.00041103326
0.00044955845
0.0004977584
0.00052120605
0.00020191837
0.00020514066
0.00021216729
0.0002227146
0.00023658699
0.00025354488
0.00027332119
0.00029566987
0.00032042896
0.0003475956
0.00037743886
0.00041073437
0.00044934607
0.00049763116
0.00052114522
0.00020147397
0.0002046863
0.00021169319
0.00022221598
0.00023606508
0.00025300743
0.00027278174
0.0002951461
0.00031994013
0.0003471597
0.00037707135
0.00041044614
0.00044914172
0.00049750852
0.00052108449
0.0002010296
0.00020423271
0.00021122141
0.0002217218
0.00023555004
0.00025247927
0.00027225373
0.00029463528
0.00031946486
0.00034673715
0.00037671629
0.00041016855
0.00044894537
0.00049739047
0.00052102397
0.00020058592
0.00020378053
0.00021075254
0.00022123258
0.0002350423
0.00025196075
0.00027173737
0.00029413755
0.00031900308
0.00034632801
0.00037637365
0.00040990155
0.00044875697
0.000497277
0.00052096375
0.00020014356
0.00020333036
0.00021028712
0.00022074878
0.00023454224
0.00025145215
0.00027123286
0.00029365289
0.00031855489
0.00034593228
0.00037604341
0.00040964508
0.00044857645
0.00049716807
0.00052090393
0.0001997031
0.00020288277
0.00020982568
0.00022027086
0.00023405023
0.00025095375
0.00027074038
0.00029318128
0.00031812032
0.00034554994
0.0003757255
0.00040939906
0.00044840373
0.00049706364
0.0005208446
0.00019926512
0.0002024383
0.00020936868
0.00021979923
0.0002335666
0.0002504658
0.00027025992
0.00029272281
0.00031769938
0.00034518097
0.00037541985
0.00040916338
0.00044823873
0.00049696366
0.00052078582
0.00019883013
0.00020199744
0.00020891659
0.00021933427
0.00023309165
0.00024998845
0.00026979155
0.00029227753
0.00031729208
0.00034482529
0.00037512635
0.00040893793
0.00044808132
0.00049686808
0.00052072768
0.00019839862
0.00020156066
0.00020846983
0.00021887634
0.00023262566
0.00024952177
0.00026933538
0.00029184548
0.00031689838
0.00034448282
0.00037484489
0.00040872257
0.0004479314
0.00049677682
0.00052067023
0.00019797106
0.00020112841
0.0002080288
0.00021842578
0.00023216877
0.00024906591
0.00026889148
0.00029142667
0.00031651822
0.00034415347
0.00037457532
0.00040851716
0.00044778884
0.00049668983
0.00052061354
0.00019754788
0.0002007011
0.00020759386
0.00021798282
0.00023172117
0.00024862101
0.00026845992
0.00029102108
0.00031615153
0.0003438371
0.0003743175
0.00040832154
0.0004476535
0.00049660703
0.00052055766
0.00019712949
0.00020027911
0.00020716532
0.0002175477
0.00023128305
0.00024818717
0.00026804072
0.00029062868
0.00031579822
0.00034353359
0.00037407127
0.00040813555
0.00044752525
0.00049652832
0.00052050265
0.00019671625
0.00019986277
0.00020674345
0.00021712065
0.00023085456
0.00024776448
0.0002676339
0.00029024942
0.0003154582
0.00034324278
0.00037383645
0.00040795899
0.00044740392
0.00049645364
0.00052044854
0.00019630847
0.00019945238
0.00020632851
0.00021670187
0.00023043584
0.000247353
0.00026723947
0.00028988323
0.00031513132
0.00034296451
0.00037361284
0.0004077917
0.00044728938
0.00049638289
0.00052039539
0.00019590647
0.00019904821
0.00020592075
0.00021629155
0.00023002702
0.00024695279
0.0002668574
0.00028953004
0.00031481746
0.00034269859
0.00037340026
0.00040763348
0.00044718146
0.00049631599
0.00052034323
0.00019551052
0.00019865054
0.00020552039
0.00021588985
0.0002296282
0.00024656388
0.00026648765
0.00028918974
0.00031451646
0.00034244485
0.00037319849
0.00040748412
0.00044707999
0.00049625283
0.00052029209
0.00019512088
0.00019825959
0.00020512762
0.00021549693
0.00022923945
0.00024618629
0.00026613019
0.00028886221
0.00031422815
0.00034220307
0.00037300732
0.00040734342
0.00044698482
0.00049619333
0.000520242
0.00019473778
0.00019787558
0.00020474263
0.00021511291
0.00022886086
0.00024582002
0.00026578493
0.00028854734
0.00031395236
0.00034197305
0.00037282652
0.00040721117
0.00044689576
0.00049613739
0.00052019299
0.00019436143
0.00019749872
0.00020436558
0.0002147379
0.00022849246
0.00024546505
0.0002654518
0.00028824497
0.0003136889
0.00034175456
0.00037265586
0.00040708715
0.00044681266
0.00049608491
0.00052014508
0.00019399203
0.00019712918
0.00020399661
0.00021437199
0.00022813429
0.00024512135
0.0002651307
0.00028795496
0.00031343758
0.00034154738
0.00037249511
0.00040697116
0.00044673534
0.0004960358
0.00052009828
0.00019362977
0.00019676713
0.00020363585
0.00021401527
0.00022778637
0.00024478887
0.00026482152
0.00028767715
0.00031319817
0.00034135127
0.00037234403
0.00040686295
0.00044666362
0.00049598995
0.00052005262
0.0001932748
0.0001964127
0.00020328341
0.0002136678
0.00022744871
0.00024446757
0.00026452416
0.00028741135
0.00031297047
0.00034116599
0.00037220237
0.00040676232
0.00044659733
0.00049594727
0.00052000811
0.00019292726
0.00019606603
0.00020293939
0.00021332962
0.0002271213
0.00024415736
0.00026423846
0.00028715738
0.00031275425
0.0003409913
0.00037206988
0.00040666904
0.0004465363
0.00049590766
0.00051996476
0.00019258728
0.00019572722
0.00020260386
0.00021300077
0.0002268041
0.00024385816
0.0002639643
0.00028691506
0.00031254928
0.00034082693
0.00037194632
0.00040658288
0.00044648036
0.00049587101
0.00051992258
0.00019225497
0.00019539638
0.00020227689
0.00021268127
0.0002264971
0.00024356988
0.00026370152
0.00028668417
0.00031235532
0.00034067265
0.00037183143
0.00040650363
0.00044642932
0.00049583724
0.00051988157
0.00019193043
0.00019507358
0.00020195852
0.00021237111
0.00022620023
0.00024329242
0.00026344997
0.00028646452
0.00031217214
0.00034052818
0.00037172496
0.00040643104
0.00044638301
0.00049580624
0.00051984173
0.00019161373
0.00019475889
0.0002016488
0.0002120703
0.00022591345
0.00024302566
0.00026320946
0.00028625589
0.00031199948
0.00034039327
0.00037162665
0.00040636491
0.00044634128
0.00049577792
0.00051980307
0.00019130495
0.00019445236
0.00020134775
0.00021177882
0.00022563668
0.00024276948
0.00026297984
0.00028605806
0.00031183709
0.00034026766
0.00037153625
0.000406305
0.00044630394
0.00049575217
0.00051976559
0.00019100415
0.00019415404
0.00020105538
0.00021149663
0.00022536984
0.00024252374
0.00026276091
0.00028587081
0.00031168473
0.00034015107
0.00037145351
0.00040625111
0.00044627083
0.00049572892
0.00051972929
0.00019071135
0.00019386395
0.00020077169
0.0002112237
0.00022511284
0.0002422883
0.00026255248
0.00028569389
0.00031154213
0.00034004325
0.00037137817
0.000406203
0.00044624178
0.00049570806
0.00051969415
0.0001904266
0.00019358211
0.00020049666
0.00021095997
0.00022486559
0.00024206302
0.00026235437
0.00028552709
0.00031140903
0.00033994393
0.00037130999
0.00040616046
0.00044621665
0.0004956895
0.00051966019
0.0001901499
0.00019330852
0.00020023027
0.00021070539
0.00022462797
0.00024184774
0.00026216636
0.00028537016
0.00031128518
0.00033985284
0.00037124871
0.00040612328
0.00044619525
0.00049567316
0.00051962738
0.00018988127
0.00019304318
0.0001999725
0.00021045987
0.00022439987
0.0002416423
0.00026198826
0.00028522286
0.00031117031
0.00033976972
0.00037119408
0.00040609125
0.00044617744
0.00049565894
0.00051959573
0.0001896207
0.00019278606
0.00019972329
0.00021022335
0.00022418117
0.00024144652
0.00026181984
0.00028508495
0.00031106417
0.00033969431
0.00037114586
0.00040606415
0.00044616307
0.00049564677
0.00051956521
0.00018936817
0.00019253715
0.0001994826
0.00020999573
0.00022397174
0.00024126024
0.00026166091
0.00028495618
0.00031096648
0.00033962635
0.0003711038
0.00040604179
0.00044615197
0.00049563654
0.00051953583
0.00018912366
0.00019229641
0.00019925036
0.00020977692
0.00022377145
0.00024108327
0.00026151124
0.00028483632
0.00031087699
0.00033956556
0.00037106768
0.00040602396
0.00044614402
0.00049562819
0.00051950757
0.00018888713
0.00019206378
0.00019902651
0.00020956682
0.00022358014
0.00024091544
0.00026137061
0.0002847251
0.00031079544
0.00033951171
0.00037103724
0.00040601046
0.00044613904
0.00049562162
0.00051948041
0.00018865855
0.00019183922
0.00019881097
0.00020936531
0.00022339767
0.00024075655
0.00026123879
0.00028462228
0.00031072156
0.00033946452
0.00037101225
0.0004060011
0.00044613692
0.00049561676
0.00051945435
0.00018843786
0.00019162266
0.00019860364
0.00020917228
0.00022322389
0.00024060641
0.00026111557
0.00028452761
0.0003106551
0.00033942375
0.00037099249
0.00040599568
0.0004461375
0.00049561354
0.00051942936
0.00018822499
0.00019141403
0.00019840445
0.0002089876
0.00022305864
0.00024046484
0.00026100072
0.00028444084
0.00031059579
0.00033938914
0.00037097773
0.00040599402
0.00044614064
0.00049561186
0.00051940544
0.00018801989
0.00019121326
0.00019821328
0.00020881115
0.00022290175
0.00024033162
0.00026089399
0.00028436173
0.00031054339
0.00033936045
0.00037096774
0.00040599594
0.00044614623
0.00049561166
0.00051938256
0.00018782247
0.00019102026
0.00019803005
0.0002086428
0.00022275306
0.00024020655
0.00026079518
0.00028429002
0.00031049763
0.00033933742
0.0003709623
0.00040600125
0.00044615412
0.00049561286
0.00051936071
0.00018763266
0.00019083494
0.00019785462
0.0002084824
0.00022261239
0.00024008945
0.00026070404
0.00028422546
0.00031045826
0.00033931983
0.0003709612
0.00040600977
0.00044616418
0.00049561539
0.00051933987
0.00018745037
0.0001906572
0.0001976869
0.00020832981
0.00022247958
0.00023998009
0.00026062035
0.00028416782
0.00031042503
0.00033930743
0.00037096422
0.00040602134
0.0004461763
0.00049561918
0.00051932001
0.00018727551
0.00019048694
0.00019752674
0.00020818488
0.00022235444
0.00023987828
0.00026054388
0.00028411683
0.00031039771
0.00033929998
0.00037097117
0.00040603578
0.00044619035
0.00049562416
0.00051930113
0.00018710797
0.00019032405
0.00019737404
0.00020804746
0.0002222368
0.0002397838
0.00026047439
0.00028407227
0.00031037603
0.00033929727
0.00037098183
0.00040605294
0.00044620622
0.00049563027
0.00051928321
0.00018694765
0.00019016842
0.00019722866
0.0002079174
0.00022212647
0.00023969645
0.00026041165
0.00028403389
0.00031035977
0.00033929905
0.000370996
0.00040607264
0.00044622378
0.00049563743
0.00051926621
0.00018679444
0.00019001993
0.00019709047
0.00020779454
0.00022202327
0.00023961602
0.00026035545
0.00028400145
0.00031034869
0.00033930511
0.0003710135
0.00040609474
0.00044624294
0.00049564559
0.00051925012
0.00018664823
0.00018987846
0.00019695932
0.00020767873
0.00022192701
0.0002395423
0.00026030555
0.00028397472
0.00031034255
0.00033931524
0.00037103413
0.00040611908
0.00044626358
0.00049565469
0.00051923493
0.00018650889
0.00018974388
0.00019683508
0.00020756979
0.00022183752
0.00023947508
0.00026026172
0.00028395346
0.00031034112
0.00033932922
0.00037105772
0.00040614552
0.00044628559
0.00049566466
0.0005192206
0.00018637632
0.00018961607
0.0001967176
0.00020746756
0.00022175459
0.00023941416
0.00026022375
0.00028393745
0.00031034419
0.00033934684
0.00037108407
0.00040617392
0.00044630889
0.00049567544
0.00051920713
0.00018625038
0.00018949489
0.00019660674
0.00020737188
0.00022167805
0.00023935933
0.00026019141
0.00028392645
0.00031035153
0.0003393679
0.00037111302
0.00040620413
0.00044633337
0.00049568699
0.00051919448
0.00018613095
0.00018938022
0.00019650235
0.00020728258
0.00022160771
0.00023931037
0.00026016448
0.00028392025
0.00031036292
0.00033939221
0.00037114441
0.00040623603
0.00044635893
0.00049569925
0.00051918264
0.00018601788
0.0001892719
0.00019640427
0.00020719949
0.00022154338
0.0002392671
0.00026014276
0.00028391863
0.00031037817
0.00033941957
0.00037117805
0.00040626948
0.00044638549
0.00049571217
0.00051917159
0.00018591106
0.0001891698
0.00019631236
0.00020712245
0.00022148487
0.0002392293
0.00026012602
0.00028392138
0.00031039705
0.0003394498
0.0003712138
0.00040630436
0.00044641296
0.00049572569
0.00051916129
0.00018581034
0.00018907378
0.00019622646
0.00020705128
0.00022143199
0.00023919677
0.00026011405
0.00028392827
0.00031041937
0.00033948271
0.0003712515
0.00040634056
0.00044644126
0.00049573977
0.00051915175
0.00018571558
0.00018898369
0.0001961464
0.00020698581
0.00022138457
0.00023916932
0.00026010665
0.00028393912
0.00031044493
0.00033951812
0.00037129101
0.00040637794
0.0004464703
0.00049575437
0.00051914292
0.00018562665
0.00018889939
0.00019607205
0.00020692587
0.0002213424
0.00023914674
0.00026010362
0.0002839537
0.00031047354
0.00033955587
0.00037133217
0.00040641641
0.0004465
0.00049576943
0.00051913479
0.00018554339
0.00018882072
0.00019600324
0.00020687129
0.00022130532
0.00023912884
0.00026010474
0.00028397182
0.00031050501
0.00033959579
0.00037137484
0.00040645584
0.0004465303
0.00049578491
0.00051912735
0.00018546567
0.00018874756
0.00019593981
0.0002068219
0.00022127313
0.00023911543
0.00026010983
0.0002839933
0.00031053915
0.0003396377
0.00037141889
0.00040649615
0.00044656111
0.00049580077
0.00051912056
0.00018539335
0.00018867973
0.0001958816
0.00020677753
0.00022124565
0.00023910631
0.00026011869
0.00028401793
0.0003105758
0.00033968146
0.00037146419
0.00040653722
0.00044659238
0.00049581697
0.0005191144
0.00018532627
0.00018861709
0.00019582845
0.00020673801
0.00022122271
0.0002391013
0.00026013112
0.00028404553
0.00031061477
0.00033972691
0.00037151061
0.00040657895
0.00044662402
0.00049583347
0.00051910886
0.00018526429
0.0001885595
0.00019578021
0.00020670317
0.00022120412
0.0002391002
0.00026014695
0.00028407592
0.0003106559
0.0003397739
0.00037155803
0.00040662126
0.00044665598
0.00049585022
0.00051910392
0.00018520726
0.00018850679
0.00019573672
0.00020667284
0.0002211897
0.00023910284
0.00026016598
0.00028410893
0.00031069902
0.0003398223
0.00037160633
0.00040666406
0.00044668819
0.0004958672
0.00051909954
0.00018515503
0.00018845883
0.00019569782
0.00020664686
0.00022117929
0.00023910905
0.00026018804
0.00028414437
0.00031074398
0.00033987195
0.0003716554
0.00040670725
0.00044672059
0.00049588437
0.00051909572
0.00018510746
0.00018841545
0.00019566335
0.00020662506
0.00022117271
0.00023911863
0.00026021294
0.00028418208
0.00031079061
0.00033992272
0.00037170511
0.00040675075
0.00044675313
0.00049590169
0.00051909242
0.00018506441
0.00018837651
0.00019563315
0.00020660728
0.00022116979
0.00023913141
0.00026024053
0.00028422189
0.00031083878
0.00033997449
0.00037175538
0.00040679449
0.00044678576
0.00049591914
0.00051908964
0.00018502571
0.00018834186
0.00019560708
0.00020659336
0.00022117036
0.00023914724
0.00026027062
0.00028426366
0.00031088833
0.00034002714
0.0003718061
0.00040683839
0.00044681841
0.00049593667
0.00051908735
0.00018499124
0.00018831136
0.00019558497
0.00020658313
0.00022117426
0.00023916594
0.00026030307
0.00028430721
0.00031093912
0.00034008053
0.00037185717
0.00040688237
0.00044685104
0.00049595426
0.00051908552
0.00018496083
0.00018828484
0.00019556668
0.00020657644
0.00022118132
0.00023918734
0.0002603377
0.00028435241
0.00031099102
0.00034013456
0.0003719085
0.00040692637
0.00044688361
0.00049597188
0.00051908415
0.00018493435
0.00018826217
0.00019555206
0.00020657314
0.0002211914
0.0002392113
0.00026037437
0.0002843991
0.00031104391
0.00034018911
0.00037196
0.00040697032
0.00044691606
0.00049598951
0.0005190832
0.00018491166
0.0001882432
0.00019554095
0.00020657306
0.00022120432
0.00023923764
0.00026041292
0.00028444716
0.00031109765
0.00034024409
0.0003720116
0.00040701416
0.00044694837
0.00049600712
0.00051908267
0.00018489261
0.00018822779
0.0001955332
0.00020657607
0.00022121995
0.00023926624
0.00026045321
0.00028449643
0.00031115213
0.00034029939
0.00037206319
0.00040705783
0.00044698048
0.00049602469
0.00051908253
0.00018487706
0.00018821579
0.00019552869
0.00020658201
0.00022123812
0.00023929692
0.00026049509
0.0002845468
0.00031120723
0.00034035491
0.00037211473
0.00040710128
0.00044701236
0.00049604219
0.00051908277
0.00018486487
0.00018820707
0.00019552725
0.00020659073
0.0002212587
0.00023932956
0.00026053844
0.00028459813
0.00031126284
0.00034041056
0.00037216612
0.00040714445
0.00044704398
0.0004960596
0.00051908337
0.0001848559
0.00018820148
0.00019552874
0.0002066021
0.00022128154
0.00023936401
0.00026058311
0.00028465031
0.00031131885
0.00034046625
0.0003722173
0.00040718729
0.0004470753
0.0004960769
0.00051908431
0.00018485002
0.00018819888
0.00019553304
0.00020661597
0.0002213065
0.00023940013
0.00026062898
0.00028470321
0.00031137516
0.0003405219
0.00037226821
0.00040722977
0.0004471063
0.00049609407
0.00051908557
0.00018484709
0.00018819915
0.00019554
0.00020663221
0.00022133345
0.0002394378
0.00026067593
0.00028475673
0.00031143168
0.00034057743
0.00037231879
0.00040727182
0.00044713694
0.0004961111
0.00051908713
0.00018484698
0.00018820214
0.00019554949
0.00020665068
0.00022136225
0.00023947688
0.00026072382
0.00028481075
0.00031148831
0.00034063277
0.00037236897
0.00040731342
0.00044716719
0.00049612796
0.00051908899
0.00018484956
0.00018820773
0.00019556137
0.00020667125
0.00022139277
0.00023951726
0.00026077256
0.00028486518
0.00031154497
0.00034068783
0.00037241871
0.00040735452
0.00044719704
0.00049614464
0.00051909112
0.0001848547
0.00018821579
0.00019557553
0.00020669379
0.00022142488
0.0002395588
0.00026082201
0.0002849199
0.00031160156
0.00034074256
0.00037246794
0.00040739508
0.00044722645
0.00049616112
0.0005190935
0.00018486226
0.00018822618
0.00019559182
0.00020671818
0.00022145847
0.00023960139
0.00026087209
0.00028497484
0.000311658
0.00034079688
0.00037251663
0.00040743508
0.0004472554
0.0004961774
0.00051909613
0.00018487214
0.0001882388
0.00019561012
0.00020674428
0.00022149342
0.00023964492
0.00026092268
0.00028502989
0.00031171423
0.00034085074
0.00037256472
0.00040747447
0.00044728388
0.00049619344
0.00051909898
0.0001848842
0.0001882535
0.00019563032
0.00020677199
0.0002215296
0.00023968928
0.00026097367
0.00028508496
0.00031177016
0.00034090407
0.00037261217
0.00040751324
0.00044731186
0.00049620925
0.00051910205
0.00018489833
0.00018827018
0.0001956523
0.00020680119
0.0002215669
0.00023973437
0.00026102499
0.00028513997
0.00031182572
0.00034095683
0.00037265894
0.00040755134
0.00044733932
0.00049622481
0.00051910531
0.0001849144
0.00018828871
0.00019567593
0.00020683176
0.00022160523
0.00023978007
0.00026107653
0.00028519485
0.00031188085
0.00034100896
0.000372705
0.00040758877
0.00044736625
0.0004962401
0.00051910875
0.00018493231
0.00018830899
0.00019570112
0.00020686359
0.00022164446
0.0002398263
0.00026112821
0.00028524952
0.00031193549
0.0003410604
0.0003727503
0.00040762548
0.00044739263
0.00049625512
0.00051911236
0.00018495194
0.0001883309
0.00019572773
0.00020689658
0.00022168451
0.00023987296
0.00026117994
0.0002853039
0.00031198958
0.00034111113
0.00037279482
0.00040766146
0.00044741846
0.00049626982
0.00051911613
0.00018497318
0.00018835433
0.00019575568
0.00020693062
0.00022172526
0.00023991996
0.00026123164
0.00028535793
0.00031204306
0.00034116109
0.00037283853
0.0004076967
0.0004474437
0.00049628414
0.00051912003
0.00018499593
0.00018837918
0.00019578486
0.00020696561
0.00022176664
0.00023996722
0.00026128324
0.00028541154
0.00031209589
0.00034121025
0.0003728814
0.00040773117
0.00044746835
0.00049629809
0.00051912406
0.00018502008
0.00018840534
0.00019581516
0.00020700146
0.00022180854
0.00024001464
0.00026133467
0.00028546467
0.00031214801
0.00034125858
0.0003729234
0.00040776485
0.00044749239
0.00049631166
0.0005191282
0.00018504553
0.00018843272
0.0001958465
0.00020703807
0.00022185089
0.00024006217
0.00026138586
0.00028551727
0.00031219938
0.00034130603
0.00037296452
0.00040779774
0.00044751578
0.00049632484
0.00051913243
0.00018507218
0.00018846121
0.00019587876
0.00020707536
0.00022189359
0.0002401097
0.00026143673
0.00028556929
0.00031224997
0.00034135259
0.00037300474
0.00040782982
0.00044753851
0.00049633764
0.00051913674
0.00018509994
0.00018849073
0.00019591187
0.00020711323
0.00022193657
0.00024015719
0.00026148724
0.00028562067
0.00031229973
0.00034139822
0.00037304403
0.00040786108
0.00044756058
0.00049635007
0.00051914113
0.00018512872
0.00018852117
0.00019594574
0.00020715161
0.00022197975
0.00024020455
0.00026153732
0.00028567137
0.00031234863
0.00034144291
0.00037308239
0.00040789149
0.00044758198
0.00049636214
0.00051914557
0.00018515842
0.00018855247
0.00019598027
0.0002071904
0.00022202305
0.00024025173
0.00026158693
0.00028572135
0.00031239663
0.00034148662
0.0003731198
0.00040792104
0.0004476027
0.00049637386
0.00051915007
0.00018518896
0.00018858451
0.00019601539
0.00020722955
0.00022206641
0.00024029867
0.000261636
0.00028577056
0.00031244372
0.00034152936
0.00037315625
0.00040794972
0.00044762275
0.00049638525
0.00051915462
0.00018522025
0.00018861723
0.00019605101
0.00020726896
0.00022210977
0.0002403453
0.00026168449
0.00028581897
0.00031248986
0.00034157108
0.00037319172
0.00040797752
0.00044764215
0.00049639629
0.00051915921
0.00018525221
0.00018865055
0.00019608707
0.00020730857
0.00022215304
0.00024039156
0.00026173236
0.00028586656
0.00031253503
0.00034161179
0.0003732262
0.00040800443
0.00044766091
0.000496407
0.00051916383
0.00018528476
0.00018868438
0.00019612348
0.00020734831
0.00022219619
0.00024043742
0.00026177957
0.00028591327
0.00031257922
0.00034165147
0.00037325967
0.00040803047
0.00044767903
0.00049641738
0.00051916848
0.00018531783
0.00018871865
0.00019616018
0.00020738812
0.00022223913
0.00024048282
0.00026182607
0.00028595909
0.00031262239
0.0003416901
0.00037329212
0.00040805564
0.00044769652
0.00049642744
0.00051917314
0.00018535134
0.00018875329
0.00019619709
0.00020742793
0.00022228183
0.0002405277
0.00026187184
0.000286004
0.00031266453
0.00034172766
0.00037332355
0.00040807996
0.00044771339
0.00049643718
0.00051917781
0.00018538522
0.00018878823
0.00019623415
0.00020746768
0.00022232423
0.00024057204
0.00026191683
0.00028604796
0.00031270563
0.00034176414
0.00037335395
0.00040810342
0.00044772965
0.0004964466
0.00051918249
0.0001854194
0.00018882341
0.0001962713
0.00020750731
0.00022236627
0.00024061579
0.00026196101
0.00028609095
0.00031274567
0.00034179953
0.00037338335
0.00040812604
0.00044774531
0.0004964557
0.00051918716
0.00018545382
0.00018885875
0.00019630848
0.00020754678
0.00022240792
0.0002406589
0.00026200436
0.00028613296
0.00031278463
0.00034183381
0.00037341175
0.00040814782
0.00044776036
0.0004964645
0.00051919183
0.00018548841
0.0001888942
0.00019634562
0.00020758602
0.00022244912
0.00024070135
0.00026204686
0.00028617396
0.00031282248
0.00034186701
0.00037343914
0.00040816878
0.00044777483
0.00049647298
0.00051919648
0.00018552311
0.00018892969
0.00019638269
0.000207625
0.00022248984
0.00024074311
0.00026208846
0.00028621394
0.00031285923
0.00034189911
0.00037346555
0.00040818892
0.00044778871
0.00049648116
0.0005192011
0.00018555787
0.00018896518
0.00019641961
0.00020766366
0.00022253004
0.00024078414
0.00026212917
0.00028625287
0.00031289487
0.00034193013
0.00037349097
0.00040820826
0.00044780202
0.00049648903
0.0005192057
0.00018559263
0.00018900062
0.00019645635
0.00020770196
0.00022256968
0.00024082441
0.00026216894
0.00028629073
0.00031292939
0.00034196006
0.00037351542
0.0004082268
0.00044781476
0.0004964966
0.00051921026
0.00018562734
0.00018903594
0.00019649286
0.00020773986
0.00022260873
0.0002408639
0.00026220776
0.00028632753
0.0003129628
0.00034198892
0.00037353891
0.00040824455
0.00044782694
0.00049650388
0.00051921479
0.00018566195
0.0001890711
0.0001965291
0.00020777732
0.00022264716
0.00024090259
0.00026224561
0.00028636324
0.00031299511
0.00034201672
0.00037356144
0.00040826153
0.00044783857
0.00049651086
0.00051921927
0.00018569641
0.00018910607
0.00019656501
0.00020781431
0.00022268495
0.00024094044
0.00026228247
0.00028639789
0.00031302631
0.00034204346
0.00037358304
0.00040827775
0.00044784966
0.00049651755
0.0005192237
0.00018573068
0.00018914079
0.00019660058
0.00020785081
0.00022272205
0.00024097744
0.00026231834
0.00028643145
0.00031305641
0.00034206915
0.00037360371
0.00040829321
0.00044786022
0.00049652395
0.00051922808
0.00018576472
0.00018917522
0.00019663576
0.00020788676
0.00022275844
0.00024101356
0.00026235321
0.00028646393
0.00031308543
0.00034209381
0.00037362347
0.00040830794
0.00044787026
0.00049653007
0.00051923241
0.00018579849
0.00018920934
0.00019667051
0.00020792214
0.0002227941
0.0002410488
0.00026238707
0.00028649534
0.00031311336
0.00034211745
0.00037364233
0.00040832195
0.00044787979
0.00049653592
0.00051923667
0.00018583194
0.0001892431
0.0001967048
0.00020795692
0.00022282901
0.00024108315
0.00026241993
0.00028652568
0.00031314022
0.00034214009
0.00037366031
0.00040833525
0.00044788881
0.00049654149
0.00051924087
0.00018586505
0.00018927646
0.0001967386
0.00020799109
0.00022286315
0.00024111659
0.00026245177
0.00028655496
0.00031316603
0.00034216173
0.00037367742
0.00040834786
0.00044789735
0.00049654679
0.00051924501
0.00018589778
0.0001893094
0.00019677188
0.0002080246
0.00022289651
0.00024114912
0.00026248261
0.00028658318
0.00031319079
0.0003421824
0.00037369369
0.00040835979
0.00044790542
0.00049655184
0.00051924908
0.0001859301
0.00018934188
0.00019680462
0.00020805746
0.00022292907
0.00024118074
0.00026251245
0.00028661036
0.00031321452
0.00034220211
0.00037370913
0.00040837106
0.00044791302
0.00049655662
0.00051925307
0.00018596197
0.00018937388
0.00019683678
0.00020808963
0.00022296083
0.00024121143
0.00026254128
0.0002866365
0.00031323723
0.00034222089
0.00037372375
0.00040838169
0.00044792017
0.00049656116
0.000519257
0.00018599337
0.00018940536
0.00019686836
0.00020812109
0.00022299177
0.0002412412
0.00026256911
0.00028666161
0.00031325894
0.00034223874
0.00037373758
0.00040839168
0.00044792687
0.00049656546
0.00051926085
0.00018602428
0.00018943631
0.00019689932
0.00020815185
0.00022302188
0.00024127005
0.00026259595
0.00028668571
0.00031327967
0.00034225569
0.00037375064
0.00040840107
0.00044793315
0.00049656952
0.00051926462
0.00018605466
0.00018946671
0.00019692965
0.00020818187
0.00022305116
0.00024129797
0.00026262181
0.0002867088
0.00031329943
0.00034227175
0.00037376294
0.00040840986
0.00044793902
0.00049657334
0.00051926831
0.00018608449
0.00018949652
0.00019695933
0.00020821116
0.0002230796
0.00024132497
0.0002626467
0.00028673091
0.00031331824
0.00034228695
0.00037377451
0.00040841807
0.00044794448
0.00049657694
0.00051927192
0.00018611377
0.00018952574
0.00019698835
0.0002082397
0.00022310721
0.00024135105
0.00026267061
0.00028675204
0.00031333611
0.00034230131
0.00037378535
0.00040842572
0.00044794955
0.00049658032
0.00051927545
0.00018614246
0.00018955434
0.00019701669
0.00020826748
0.00022313397
0.00024137622
0.00026269357
0.00028677222
0.00031335307
0.00034231483
0.00037379549
0.00040843282
0.00044795423
0.00049658348
0.0005192789
0.00018617055
0.00018958232
0.00019704435
0.00020829449
0.00022315988
0.00024140048
0.00026271558
0.00028679145
0.00031336913
0.00034232755
0.00037380495
0.00040843938
0.00044795855
0.00049658644
0.00051928226
0.00018619803
0.00018960965
0.00019707131
0.00020832074
0.00022318496
0.00024142384
0.00026273666
0.00028680975
0.00031338431
0.00034233948
0.00037381374
0.00040844543
0.0004479625
0.00049658918
0.00051928554
0.00018622488
0.00018963634
0.00019709757
0.00020834621
0.00022320919
0.0002414463
0.00026275681
0.00028682714
0.00031339864
0.00034235063
0.00037382189
0.00040845098
0.0004479661
0.00049659173
0.00051928873
0.00018625109
0.00018966236
0.00019712311
0.00020837091
0.00022323259
0.00024146788
0.00026277606
0.00028684364
0.00031341212
0.00034236104
0.0003738294
0.00040845603
0.00044796937
0.00049659409
0.00051929183
0.00018627666
0.00018968771
0.00019714794
0.00020839484
0.00022325515
0.00024148857
0.00026279441
0.00028685926
0.00031342477
0.00034237072
0.00037383631
0.00040846062
0.0004479723
0.00049659625
0.00051929484
0.00018630157
0.00018971238
0.00019717205
0.00020841799
0.00022327689
0.0002415084
0.00026281188
0.00028687402
0.00031343663
0.00034237968
0.00037384262
0.00040846474
0.00044797492
0.00049659823
0.00051929776
0.00018632581
0.00018973637
0.00019719543
0.00020844037
0.0002232978
0.00024152738
0.00026282849
0.00028688794
0.00031344771
0.00034238796
0.00037384836
0.00040846843
0.00044797723
0.00049660003
0.0005193006
0.00018634939
0.00018975967
0.00019721809
0.00020846198
0.0002233179
0.00024154551
0.00026284425
0.00028690104
0.00031345803
0.00034239557
0.00037385355
0.00040847169
0.00044797925
0.00049660166
0.00051930334
0.0001863723
0.00018978229
0.00019724003
0.00020848282
0.0002233372
0.00024156282
0.00026285918
0.00028691334
0.00031346761
0.00034240253
0.0003738582
0.00040847454
0.00044798098
0.00049660312
0.000519306
0.00018639453
0.00018980421
0.00019726125
0.00020850291
0.0002233557
0.00024157931
0.0002628733
0.00028692487
0.00031347647
0.00034240887
0.00037386234
0.00040847699
0.00044798245
0.00049660442
0.00051930857
0.00018641609
0.00018982544
0.00019728175
0.00020852224
0.00022337342
0.000241595
0.00026288663
0.00028693563
0.00031348464
0.0003424146
0.00037386598
0.00040847907
0.00044798365
0.00049660557
0.00051931105
0.00018643697
0.00018984599
0.00019730153
0.00020854082
0.00022339036
0.0002416099
0.00026289918
0.00028694566
0.00031349214
0.00034241975
0.00037386915
0.00040848079
0.00044798461
0.00049660657
0.00051931344
0.00018645718
0.00018986584
0.0001973206
0.00020855866
0.00022340654
0.00024162403
0.00026291097
0.00028695496
0.00031349899
0.00034242434
0.00037387186
0.00040848217
0.00044798533
0.00049660744
0.00051931575
0.00018647671
0.00018988501
0.00019733896
0.00020857577
0.00022342197
0.0002416374
0.00026292203
0.00028696358
0.0003135052
0.00034242838
0.00037387413
0.00040848322
0.00044798583
0.00049660817
0.00051931798
0.00018649557
0.0001899035
0.00019735662
0.00020859216
0.00022343666
0.00024165004
0.00026293236
0.00028697151
0.00031351081
0.00034243191
0.00037387598
0.00040848395
0.00044798611
0.00049660877
0.00051932012
0.00018651376
0.00018992131
0.00019737358
0.00020860783
0.00022345063
0.00024166195
0.00026294199
0.00028697879
0.00031351583
0.00034243493
0.00037387743
0.00040848438
0.00044798619
0.00049660925
0.00051932218
0.00018653128
0.00018993845
0.00019738986
0.0002086228
0.00022346388
0.00024167315
0.00026295094
0.00028698543
0.00031352028
0.00034243747
0.0003738785
0.00040848453
0.00044798608
0.00049660962
0.00051932416
0.00018654815
0.00018995492
0.00019740546
0.00020863708
0.00022347643
0.00024168366
0.00026295922
0.00028699145
0.00031352417
0.00034243954
0.00037387919
0.0004084844
0.00044798578
0.00049660987
0.00051932605
0.00018656436
0.00018997073
0.00019742038
0.00020865068
0.0002234883
0.0002416935
0.00026296685
0.00028699687
0.00031352754
0.00034244117
0.00037387952
0.000408484
0.0004479853
0.00049661001
0.00051932786
0.00018657992
0.00018998588
0.00019743465
0.0002086636
0.00022349949
0.00024170267
0.00026297385
0.00028700171
0.00031353039
0.00034244236
0.0003738795
0.00040848335
0.00044798464
0.00049661004
0.00051932959
0.00018659485
0.0001900004
0.00019744826
0.00020867587
0.00022351003
0.0002417112
0.00026298024
0.00028700598
0.00031353274
0.00034244313
0.00037387916
0.00040848245
0.00044798382
0.00049660996
0.00051933124
0.00018660915
0.00019001428
0.00019746124
0.00020868749
0.00022351993
0.00024171911
0.00026298604
0.00028700972
0.00031353462
0.0003424435
0.0003738785
0.00040848132
0.00044798283
0.00049660978
0.0005193328
0.00018662283
0.00019002754
0.00019747358
0.00020869849
0.00022352921
0.00024172642
0.00026299127
0.00028701293
0.00031353604
0.00034244349
0.00037387753
0.00040847995
0.00044798168
0.0004966095
0.00051933428
0.00018663589
0.00019004018
0.00019748531
0.00020870887
0.00022353787
0.00024173313
0.00026299595
0.00028701564
0.00031353702
0.00034244311
0.00037387627
0.00040847837
0.00044798039
0.00049660912
0.00051933568
0.00018664836
0.00019005223
0.00019749644
0.00020871865
0.00022354595
0.00024173928
0.00026300009
0.00028701787
0.00031353758
0.00034244238
0.00037387474
0.00040847659
0.00044797895
0.00049660865
0.00051933701
0.00018666024
0.00019006368
0.00019750698
0.00020872784
0.00022355346
0.00024174488
0.00026300373
0.00028701964
0.00031353775
0.00034244132
0.00037387295
0.00040847462
0.00044797737
0.00049660808
0.00051933825
0.00018667154
0.00019007456
0.00019751694
0.00020873647
0.00022356041
0.00024174996
0.00026300687
0.00028702098
0.00031353754
0.00034243996
0.00037387092
0.00040847246
0.00044797568
0.00049660744
0.00051933943
0.00018668228
0.00019008487
0.00019752635
0.00020874455
0.00022356684
0.00024175453
0.00026300956
0.0002870219
0.00031353697
0.00034243831
0.00037386866
0.00040847015
0.00044797387
0.00049660671
0.00051934053
0.00018669246
0.00019009464
0.00019753521
0.00020875209
0.00022357274
0.00024175861
0.0002630118
0.00028702243
0.00031353608
0.0003424364
0.00037386621
0.00040846769
0.00044797196
0.00049660592
0.00051934157
0.0001867021
0.00019010386
0.00019754353
0.00020875911
0.00022357815
0.00024176224
0.00026301362
0.0002870226
0.00031353489
0.00034243424
0.00037386358
0.00040846511
0.00044796997
0.00049660507
0.00051934254
0.00018671121
0.00019011256
0.00019755134
0.00020876563
0.00022358308
0.00024176541
0.00026301504
0.00028702242
0.00031353341
0.00034243186
0.00037386079
0.00040846242
0.00044796792
0.00049660418
0.00051934346
0.0001867198
0.00019012073
0.00019755864
0.00020877165
0.00022358754
0.00024176816
0.00026301608
0.00028702192
0.00031353167
0.00034242929
0.00037385785
0.00040845964
0.00044796581
0.00049660326
0.00051934433
0.00018672788
0.00019012841
0.00019756544
0.0002087772
0.00022359156
0.0002417705
0.00026301676
0.00028702112
0.00031352968
0.00034242654
0.00037385481
0.0004084568
0.00044796367
0.0004966023
0.00051934515
0.00018673546
0.00019013559
0.00019757176
0.00020878229
0.00022359514
0.00024177244
0.00026301709
0.00028702003
0.00031352748
0.00034242362
0.00037385165
0.0004084539
0.0004479615
0.00049660134
0.00051934592
0.00018674255
0.00019014228
0.00019757761
0.00020878693
0.0002235983
0.00024177401
0.0002630171
0.00028701866
0.00031352506
0.00034242056
0.00037384841
0.00040845095
0.00044795932
0.00049660036
0.00051934665
0.00018674916
0.0001901485
0.000197583
0.00020879112
0.00022360105
0.0002417752
0.00026301678
0.00028701704
0.00031352244
0.00034241737
0.00037384509
0.00040844797
0.00044795713
0.00049659938
0.00051934734
0.0001867553
0.00019015426
0.00019758794
0.00020879489
0.0002236034
0.00024177604
0.00026301616
0.00028701516
0.00031351964
0.00034241404
0.00037384169
0.00040844496
0.00044795494
0.0004965984
0.00051934798
0.00018676098
0.00019015956
0.00019759243
0.00020879823
0.00022360536
0.00024177652
0.00026301524
0.00028701304
0.00031351664
0.00034241058
0.00037383821
0.00040844192
0.00044795274
0.00049659741
0.00051934858
0.00018676621
0.00019016442
0.00019759649
0.00020880116
0.00022360694
0.00024177667
0.00026301402
0.00028701067
0.00031351347
0.000342407
0.00037383467
0.00040843884
0.00044795053
0.00049659641
0.00051934913
0.000186771
0.00019016884
0.00019760014
0.0002088037
0.00022360815
0.00024177648
0.00026301251
0.00028700808
0.00031351011
0.00034240329
0.00037383104
0.00040843571
0.00044794829
0.00049659539
0.00051934963
0.00018677537
0.00019017285
0.00019760337
0.00020880585
0.000223609
0.00024177597
0.00026301073
0.00028700525
0.00031350657
0.00034239944
0.00037382732
0.00040843253
0.00044794602
0.00049659434
0.00051935007
0.00018677933
0.00019017645
0.00019760622
0.00020880762
0.0002236095
0.00024177514
0.00026300867
0.00028700219
0.00031350285
0.00034239546
0.0003738235
0.00040842929
0.00044794371
0.00049659325
0.00051935045
0.0001867829
0.00019017966
0.00019760868
0.00020880903
0.00022360968
0.00024177402
0.00026300636
0.00028699891
0.00031349896
0.00034239135
0.00037381958
0.00040842597
0.00044794133
0.00049659211
0.00051935076
0.00018678609
0.0001901825
0.00019761079
0.00020881011
0.00022360953
0.00024177261
0.00026300379
0.00028699543
0.00031349489
0.00034238709
0.00037381555
0.00040842256
0.00044793888
0.00049659091
0.00051935101
0.00018678892
0.00019018499
0.00019761255
0.00020881086
0.00022360909
0.00024177094
0.00026300099
0.00028699174
0.00031349065
0.0003423827
0.00037381141
0.00040841906
0.00044793636
0.00049658964
0.00051935119
0.00018679142
0.00019018715
0.000197614
0.00020881131
0.00022360837
0.00024176902
0.00026299798
0.00028698788
0.00031348627
0.00034237818
0.00037380716
0.00040841546
0.00044793374
0.00049658829
0.0005193513
0.00018679359
0.00019018899
0.00019761514
0.00020881148
0.0002236074
0.00024176688
0.00026299478
0.00028698385
0.00031348175
0.00034237356
0.00037380282
0.00040841178
0.00044793105
0.00049658687
0.00051935135
0.00018679547
0.00019019054
0.000197616
0.00020881139
0.0002236062
0.00024176454
0.00026299141
0.0002869797
0.00031347713
0.00034236884
0.00037379841
0.00040840803
0.0004479283
0.00049658539
0.00051935134
0.00018679706
0.00019019181
0.00019761661
0.00020881107
0.0002236048
0.00024176203
0.00026298791
0.00028697543
0.00031347243
0.00034236407
0.00037379394
0.00040840423
0.00044792549
0.00049658386
0.00051935128
0.00018679839
0.00019019283
0.00019761698
0.00020881054
0.00022360322
0.00024175938
0.0002629843
0.0002869711
0.00031346768
0.00034235927
0.00037378945
0.00040840041
0.00044792265
0.00049658229
0.00051935119
0.00018679947
0.00019019361
0.00019761713
0.00020880981
0.00022360148
0.00024175661
0.00026298062
0.00028696672
0.00031346292
0.00034235447
0.00037378498
0.0004083966
0.00044791981
0.00049658072
0.00051935106
0.00018680031
0.00019019416
0.00019761707
0.00020880892
0.00022359961
0.00024175375
0.00026297688
0.00028696234
0.00031345818
0.00034234971
0.00037378055
0.00040839284
0.00044791701
0.00049657915
0.00051935093
0.00018680093
0.00019019449
0.00019761683
0.00020880786
0.00022359761
0.00024175082
0.00026297312
0.00028695797
0.00031345349
0.00034234503
0.00037377622
0.00040838916
0.00044791429
0.00049657763
0.00051935079
0.00018680132
0.00019019462
0.00019761639
0.00020880666
0.00022359552
0.00024174783
0.00026296936
0.00028695364
0.00031344888
0.00034234046
0.00037377201
0.00040838562
0.00044791167
0.00049657618
0.00051935067
0.0001868015
0.00019019454
0.00019761578
0.00020880531
0.00022359333
0.0002417448
0.0002629656
0.00028694937
0.00031344438
0.00034233603
0.00037376796
0.00040838222
0.00044790919
0.00049657482
0.00051935056
0.00018680146
0.00019019426
0.000197615
0.00020880383
0.00022359105
0.00024174172
0.00026296186
0.00028694517
0.00031343999
0.00034233176
0.00037376408
0.00040837902
0.00044790687
0.00049657358
0.00051935048
0.0001868012
0.00019019378
0.00019761403
0.0002088022
0.00022358867
0.00024173861
0.00026295814
0.00028694105
0.00031343573
0.00034232764
0.0003737604
0.00040837601
0.00044790474
0.00049657246
0.00051935044
0.00018680072
0.00019019308
0.00019761288
0.00020880043
0.00022358619
0.00024173545
0.00026295442
0.00028693699
0.00031343159
0.0003423237
0.00037375691
0.00040837321
0.0004479028
0.00049657148
0.00051935042
0.00018680003
0.00019019218
0.00019761155
0.0002087985
0.0002235836
0.00024173223
0.0002629507
0.00028693298
0.00031342755
0.0003423199
0.00037375361
0.00040837061
0.00044790105
0.00049657063
0.00051935043
0.0001867991
0.00019019106
0.00019761002
0.00020879641
0.00022358089
0.00024172894
0.00026294696
0.000286929
0.00031342359
0.00034231623
0.00037375046
0.00040836819
0.00044789946
0.0004965699
0.00051935045
0.00018679795
0.00019018972
0.00019760829
0.00020879415
0.00022357804
0.00024172555
0.00026294317
0.00028692503
0.00031341968
0.00034231265
0.00037374745
0.0004083659
0.000447898
0.00049656926
0.00051935048
0.00018679658
0.00019018817
0.00019760636
0.00020879171
0.00022357504
0.00024172204
0.00026293931
0.00028692102
0.00031341579
0.00034230912
0.00037374451
0.00040836373
0.00044789665
0.0004965687
0.00051935049
0.00018679499
0.00019018641
0.00019760423
0.00020878908
0.00022357188
0.00024171841
0.00026293535
0.00028691695
0.00031341187
0.0003423056
0.00037374161
0.00040836159
0.00044789534
0.00049656815
0.00051935046
0.00018679319
0.00019018444
0.0001976019
0.00020878627
0.00022356855
0.00024171463
0.00026293126
0.00028691279
0.00031340788
0.00034230204
0.00037373868
0.00040835944
0.00044789401
0.00049656759
0.00051935039
0.0001867912
0.00019018228
0.00019759938
0.00020878328
0.00022356506
0.0002417107
0.00026292705
0.00028690851
0.00031340378
0.00034229838
0.00037373568
0.00040835723
0.00044789261
0.00049656693
0.00051935024
0.00018678904
0.00019017994
0.00019759669
0.00020878012
0.00022356141
0.00024170661
0.00026292268
0.00028690409
0.00031339956
0.0003422946
0.00037373255
0.00040835489
0.00044789109
0.00049656613
0.00051935001
0.00018678673
0.00019017746
0.00019759385
0.00020877681
0.0002235576
0.00024170238
0.00026291818
0.00028689952
0.00031339519
0.00034229067
0.00037372927
0.00040835238
0.00044788938
0.00049656515
0.00051934968
0.0001867843
0.00019017485
0.00019759089
0.00020877339
0.00022355368
0.00024169802
0.00026291353
0.00028689481
0.00031339065
0.00034228656
0.00037372579
0.00040834967
0.00044788746
0.00049656398
0.00051934924
0.00018678179
0.00019017216
0.00019758783
0.00020876986
0.00022354966
0.00024169356
0.00026290878
0.00028688997
0.00031338598
0.00034228228
0.00037372212
0.00040834674
0.00044788531
0.00049656262
0.0005193487
0.00018677922
0.0001901694
0.00019758472
0.00020876628
0.00022354558
0.00024168904
0.00026290395
0.00028688504
0.00031338117
0.00034227785
0.00037371826
0.00040834359
0.00044788295
0.00049656108
0.00051934807
0.00018677662
0.00019016663
0.00019758159
0.00020876269
0.00022354149
0.00024168449
0.00026289909
0.00028688004
0.00031337628
0.00034227328
0.00037371423
0.00040834024
0.00044788038
0.00049655937
0.00051934735
0.00018677404
0.00019016386
0.00019757848
0.00020875912
0.00022353742
0.00024167998
0.00026289424
0.00028687505
0.00031337135
0.00034226864
0.00037371008
0.00040833673
0.00044787765
0.00049655754
0.00051934657
0.00018677149
0.00019016114
0.00019757541
0.00020875561
0.00022353343
0.00024167555
0.00026288947
0.00028687011
0.00031336644
0.00034226398
0.00037370586
0.00040833313
0.00044787482
0.00049655564
0.00051934575
0.000186769
0.00019015848
0.00019757243
0.00020875221
0.00022352957
0.00024167125
0.00026288484
0.0002868653
0.00031336164
0.00034225938
0.00037370165
0.0004083295
0.00044787194
0.00049655372
0.00051934493
0.00018676658
0.00019015591
0.00019756956
0.00020874894
0.00022352586
0.00024166713
0.00026288041
0.00028686069
0.00031335701
0.00034225492
0.00037369755
0.00040832594
0.00044786912
0.00049655185
0.00051934412
0.00018676424
0.00019015343
0.00019756681
0.00020874583
0.00022352235
0.00024166325
0.00026287623
0.00028685634
0.00031335265
0.00034225071
0.00037369365
0.00040832255
0.00044786643
0.00049655012
0.00051934339
0.00018676199
0.00019015105
0.00019756419
0.00020874289
0.00022351907
0.00024165964
0.00026287236
0.00028685233
0.00031334863
0.00034224683
0.00037369006
0.00040831942
0.00044786399
0.0004965486
0.00051934275
0.00018675981
0.00019014877
0.0001975617
0.00020874013
0.00022351601
0.00024165631
0.00026286883
0.0002868487
0.00031334502
0.00034224336
0.00037368687
0.00040831667
0.00044786187
0.00049654733
0.00051934225
0.00018675768
0.00019014656
0.00019755933
0.00020873754
0.00022351319
0.00024165328
0.00026286566
0.00028684548
0.00031334187
0.00034224038
0.00037368418
0.00040831439
0.00044786015
0.00049654636
0.0005193419
0.00018675558
0.0001901444
0.00019755705
0.00020873511
0.00022351059
0.00024165054
0.00026286286
0.0002868427
0.00031333921
0.00034223794
0.00037368204
0.00040831266
0.00044785893
0.00049654571
0.00051934173
0.00018675347
0.00019014226
0.00019755483
0.00020873278
0.00022350817
0.00024164807
0.0002628604
0.00028684034
0.00031333704
0.00034223605
0.0003736805
0.00040831152
0.00044785824
0.00049654545
0.00051934173
0.00018675131
0.00019014009
0.00019755263
0.00020873053
0.00022350589
0.00024164581
0.00026285824
0.00028683836
0.00031333533
0.00034223468
0.00037367954
0.00040831098
0.0004478581
0.00049654559
0.00051934191
0.00018674907
0.00019013786
0.0001975504
0.0002087283
0.00022350369
0.00024164371
0.00026285632
0.00028683671
0.00031333403
0.0003422338
0.00037367911
0.000408311
0.00044785849
0.00049654612
0.00051934223
0.00018674669
0.00019013551
0.00019754808
0.00020872604
0.00022350152
0.0002416417
0.00026285456
0.0002868353
0.00031333305
0.00034223331
0.00037367914
0.00040831151
0.00044785933
0.00049654699
0.00051934266
0.00018674416
0.00019013302
0.00019754564
0.00020872367
0.00022349929
0.0002416397
0.00026285287
0.00028683403
0.00031333228
0.0003422331
0.0003736795
0.00040831238
0.00044786053
0.00049654814
0.00051934316
0.00018674142
0.00019013033
0.00019754301
0.00020872115
0.00022349694
0.00024163761
0.00026285115
0.00028683278
0.00031333159
0.00034223303
0.00037368004
0.00040831346
0.00044786193
0.00049654945
0.00051934367
0.00018673846
0.00019012742
0.00019754018
0.00020871843
0.0002234944
0.00024163535
0.00026284929
0.00028683143
0.00031333085
0.00034223295
0.00037368061
0.00040831456
0.00044786334
0.00049655076
0.00051934412
0.00018673527
0.00019012427
0.00019753709
0.00020871545
0.0002234916
0.00024163284
0.00026284718
0.00028682986
0.00031332991
0.00034223269
0.00037368103
0.00040831554
0.0004478646
0.0004965519
0.00051934445
0.00018673185
0.00019012087
0.00019753374
0.00020871218
0.0002234885
0.00024163
0.00026284475
0.00028682795
0.00031332864
0.00034223212
0.00037368113
0.0004083162
0.00044786554
0.0004965527
0.0005193446
0.00018672821
0.00019011725
0.00019753013
0.00020870862
0.00022348506
0.00024162679
0.0002628419
0.0002868256
0.00031332689
0.00034223105
0.00037368073
0.00040831635
0.00044786599
0.00049655305
0.00051934452
0.00018672444
0.00019011347
0.00019752632
0.00020870481
0.00022348131
0.00024162321
0.00026283862
0.00028682276
0.00031332461
0.0003422294
0.00037367973
0.0004083159
0.00044786588
0.00049655298
0.00051934418
)
;

boundaryField
{
    water_inlet
    {
        type            turbulentIntensityKineticEnergyInlet;
        intensity       0.05;
        value           uniform 0.000234375;
    }
    water_outlet
    {
        type            inletOutlet;
        inletValue      uniform 0.0001;
        value           nonuniform List<scalar> 
15
(
0.00018672444
0.00019011347
0.00019752632
0.00020870481
0.00022348131
0.00024162321
0.00026283862
0.00028682276
0.00031332461
0.0003422294
0.00037367973
0.0004083159
0.00044786588
0.00049655298
0.00051934418
)
;
    }
    water_wedge1
    {
        type            wedge;
    }
    water_wedge2
    {
        type            wedge;
    }
    water_to_rock
    {
        type            kqRWallFunction;
        value           nonuniform List<scalar> 
400
(
0.00033298785
0.00042108833
0.0004915993
0.00054314021
0.00057747636
0.00059772639
0.00060724748
0.00060905754
0.0006056161
0.00059880682
0.00059001308
0.00058022149
0.00057012062
0.0005601824
0.0005507241
0.00054195294
0.00053399692
0.00052692519
0.00052076146
0.00051549302
0.00051107779
0.00050745065
0.00050453001
0.00050222457
0.00050043991
0.00049908424
0.00049807291
0.00049733132
0.00049679626
0.00049641599
0.00049614946
0.00049596497
0.00049583865
0.00049575297
0.00049569544
0.0004956574
0.00049563313
0.00049561908
0.00049561324
0.00049561471
0.00049562332
0.00049563933
0.00049566327
0.00049569579
0.00049573755
0.00049578915
0.00049585112
0.00049592389
0.00049600779
0.00049610301
0.00049620968
0.00049632782
0.00049645738
0.00049659825
0.00049675024
0.00049691315
0.00049708671
0.00049727064
0.00049746465
0.00049766841
0.00049788159
0.00049810386
0.00049833477
0.0004985739
0.0004988207
0.00049907467
0.0004993353
0.00049960216
0.00049987494
0.00050015335
0.00050043717
0.00050072625
0.00050102046
0.00050131959
0.00050162343
0.00050193178
0.00050224442
0.00050256118
0.00050288185
0.00050320621
0.00050353407
0.00050386521
0.00050419944
0.00050453656
0.00050487636
0.00050521865
0.00050556323
0.00050590991
0.00050625848
0.00050660877
0.00050696057
0.00050731371
0.00050766799
0.00050802323
0.00050837923
0.00050873582
0.00050909281
0.00050945001
0.00050980722
0.00051016427
0.00051052094
0.00051087706
0.00051123241
0.00051158678
0.00051193996
0.00051229172
0.00051264185
0.00051299008
0.00051333618
0.00051367989
0.00051402092
0.00051435901
0.00051469384
0.00051502511
0.00051535251
0.0005156757
0.00051599435
0.0005163081
0.00051661661
0.00051691953
0.00051721648
0.00051750712
0.00051779109
0.00051806804
0.00051833765
0.00051859958
0.00051885354
0.00051909922
0.00051933637
0.00051956475
0.00051978414
0.00051999434
0.00052019521
0.00052038662
0.00052056847
0.00052074069
0.00052090326
0.00052105617
0.00052119946
0.00052133319
0.00052145743
0.00052157232
0.00052167799
0.00052177461
0.00052186237
0.00052194146
0.00052201213
0.0005220746
0.00052212913
0.00052217599
0.00052221545
0.00052224779
0.00052227331
0.0005222923
0.00052230505
0.00052231187
0.00052231304
0.00052230888
0.00052229965
0.00052228567
0.00052226721
0.00052224456
0.00052221798
0.00052218775
0.00052215412
0.00052211736
0.00052207769
0.00052203537
0.00052199062
0.00052194364
0.0005218946
0.00052184368
0.00052179101
0.00052173677
0.00052168111
0.00052162423
0.00052156632
0.00052150753
0.00052144804
0.00052138801
0.00052132757
0.00052126688
0.00052120605
0.00052114522
0.00052108449
0.00052102397
0.00052096375
0.00052090393
0.0005208446
0.00052078582
0.00052072768
0.00052067023
0.00052061354
0.00052055766
0.00052050265
0.00052044854
0.00052039539
0.00052034323
0.00052029209
0.000520242
0.00052019299
0.00052014508
0.00052009828
0.00052005262
0.00052000811
0.00051996476
0.00051992258
0.00051988157
0.00051984173
0.00051980307
0.00051976559
0.00051972929
0.00051969415
0.00051966019
0.00051962738
0.00051959573
0.00051956521
0.00051953583
0.00051950757
0.00051948041
0.00051945435
0.00051942936
0.00051940544
0.00051938256
0.00051936071
0.00051933987
0.00051932001
0.00051930113
0.00051928321
0.00051926621
0.00051925012
0.00051923493
0.0005192206
0.00051920713
0.00051919448
0.00051918264
0.00051917159
0.00051916129
0.00051915175
0.00051914292
0.00051913479
0.00051912735
0.00051912056
0.0005191144
0.00051910886
0.00051910392
0.00051909954
0.00051909572
0.00051909242
0.00051908964
0.00051908735
0.00051908552
0.00051908415
0.0005190832
0.00051908267
0.00051908253
0.00051908277
0.00051908337
0.00051908431
0.00051908557
0.00051908713
0.00051908899
0.00051909112
0.0005190935
0.00051909613
0.00051909898
0.00051910205
0.00051910531
0.00051910875
0.00051911236
0.00051911613
0.00051912003
0.00051912406
0.0005191282
0.00051913243
0.00051913674
0.00051914113
0.00051914557
0.00051915007
0.00051915462
0.00051915921
0.00051916383
0.00051916848
0.00051917314
0.00051917781
0.00051918249
0.00051918716
0.00051919183
0.00051919648
0.0005192011
0.0005192057
0.00051921026
0.00051921479
0.00051921927
0.0005192237
0.00051922808
0.00051923241
0.00051923667
0.00051924087
0.00051924501
0.00051924908
0.00051925307
0.000519257
0.00051926085
0.00051926462
0.00051926831
0.00051927192
0.00051927545
0.0005192789
0.00051928226
0.00051928554
0.00051928873
0.00051929183
0.00051929484
0.00051929776
0.0005193006
0.00051930334
0.000519306
0.00051930857
0.00051931105
0.00051931344
0.00051931575
0.00051931798
0.00051932012
0.00051932218
0.00051932416
0.00051932605
0.00051932786
0.00051932959
0.00051933124
0.0005193328
0.00051933428
0.00051933568
0.00051933701
0.00051933825
0.00051933943
0.00051934053
0.00051934157
0.00051934254
0.00051934346
0.00051934433
0.00051934515
0.00051934592
0.00051934665
0.00051934734
0.00051934798
0.00051934858
0.00051934913
0.00051934963
0.00051935007
0.00051935045
0.00051935076
0.00051935101
0.00051935119
0.0005193513
0.00051935135
0.00051935134
0.00051935128
0.00051935119
0.00051935106
0.00051935093
0.00051935079
0.00051935067
0.00051935056
0.00051935048
0.00051935044
0.00051935042
0.00051935043
0.00051935045
0.00051935048
0.00051935049
0.00051935046
0.00051935039
0.00051935024
0.00051935001
0.00051934968
0.00051934924
0.0005193487
0.00051934807
0.00051934735
0.00051934657
0.00051934575
0.00051934493
0.00051934412
0.00051934339
0.00051934275
0.00051934225
0.0005193419
0.00051934173
0.00051934173
0.00051934191
0.00051934223
0.00051934266
0.00051934316
0.00051934367
0.00051934412
0.00051934445
0.0005193446
0.00051934452
0.00051934418
)
;
    }
}


// ************************************************************************* //
