/*--------------------------------*- C++ -*----------------------------------*\
| =========                 |                                                 |
| \\      /  F ield         | OpenFOAM: The Open Source CFD Toolbox           |
|  \\    /   O peration     | Version:  2506                                  |
|   \\  /    A nd           | Website:  www.openfoam.com                      |
|    \\/     M anipulation  |                                                 |
\*---------------------------------------------------------------------------*/
FoamFile
{
    version     2.0;
    format      ascii;
    arch        "LSB;label=32;scalar=64";
    class       surfaceScalarField;
    location    "5000/water";
    object      phi;
}
// * * * * * * * * * * * * * * * * * * * * * * * * * * * * * * * * * * * * * //

dimensions      [1 0 -1 0 0 0 0];

oriented        oriented;

internalField   nonuniform List<scalar> 
1890
(
-4.1736247e-05
0.0022168351
-0.00015753622
0.0059586937
-0.00032930669
0.0087985477
-0.00054203243
0.010900937
-0.00078239504
0.012402155
-0.0010351826
0.013412336
-0.0012746193
0.014013996
-0.0014359745
0.014245356
-0.001284859
0.0140006
0.012745539
-3.1455823e-05
0.0022482909
-0.00011269723
0.0060399351
-0.00023219388
0.0089180443
-0.00037999426
0.011048737
-0.00054594262
0.012568103
-0.00071649911
0.013582893
-0.00086674526
0.014164242
-0.00093361973
0.01431223
-0.00073394527
0.013800926
0.012011594
-2.9138829e-05
0.0022774298
-0.00010672996
0.0061175262
-0.00022105544
0.0090323698
-0.00036160333
0.011189285
-0.00051700153
0.012723501
-0.00067116255
0.013737054
-0.00079396236
0.014287042
-0.00081139907
0.014329667
-0.00056730066
0.013556827
0.011444293
-2.7339931e-05
0.0023047697
-0.00010102595
0.0061912122
-0.00020924234
0.0091405861
-0.00034097891
0.011321022
-0.00048374659
0.012866269
-0.0006191148
0.013872422
-0.00071088205
0.014378809
-0.00067660038
0.014295385
-0.00042026258
0.01330049
0.01102403
-2.5625222e-05
0.0023303949
-9.4386095e-05
0.0062599731
-0.00019506679
0.0092412668
-0.00031669839
0.011442653
-0.00044589456
0.012995465
-0.00056132312
0.013987851
-0.0006188263
0.014436313
-0.00053651159
0.014213071
-0.00029565448
0.013059632
0.010728376
-2.4159483e-05
0.0023545544
-8.8799458e-05
0.006324613
-0.00018306039
0.0093355278
-0.00029574154
0.011555334
-0.00041210852
0.013111832
-0.00050662246
0.014082365
-0.00052703544
0.014456726
-0.00040878336
0.014094819
-0.00020043202
0.012851281
0.010527944
-2.2965487e-05
0.0023775199
-8.4333488e-05
0.006385981
-0.00017335346
0.0094245477
-0.00027826871
0.01166025
-0.00038232704
0.01321589
-0.00045437886
0.014154416
-0.0004382055
0.014440552
-0.00030321669
0.01395983
-0.00013378858
0.012681853
0.010394155
-2.2023852e-05
0.0023995437
-8.0769829e-05
0.006444727
-0.00016540586
0.0095091837
-0.00026327221
0.011758116
-0.00035472722
0.013307345
-0.00040244412
0.014202133
-0.00035545976
0.014393568
-0.00022237021
0.01382674
-8.9856003e-05
0.012549339
0.010304299
-2.1260575e-05
0.0024208043
-7.781264e-05
0.0065012791
-0.00015855244
0.0095899235
-0.00024948556
0.011849049
-0.0003271228
0.013384983
-0.00034954661
0.014224557
-0.00028213
0.014326151
-0.00016300293
0.013707613
-6.1426374e-05
0.012447762
0.010242873
-2.0607157e-05
0.0024414115
-7.5216695e-05
0.0065558886
-0.00015223247
0.0096669393
-0.00023577797
0.011932595
-0.00029784681
0.013447051
-0.00029644861
0.014223159
-0.00022023982
0.014249942
-0.00011980563
0.013607179
-4.268949e-05
0.012370646
0.010200184
-2.0018284e-05
0.0024614297
-7.2804706e-05
0.006608675
-0.00014600139
0.0097401359
-0.00022120596
0.012007799
-0.00026613568
0.013491981
-0.0002453205
0.014202344
-0.00016974894
0.014174371
-8.795206e-05
0.013525382
-2.9806216e-05
0.0123125
0.010170377
-1.9463525e-05
0.0024808933
-7.0441374e-05
0.0066596529
-0.00013947748
0.009809172
-0.00020502204
0.012073344
-0.00023228128
0.01351924
-0.00019838539
0.014168448
-0.00012919782
0.014105183
-6.3918654e-05
0.013460103
-2.0485917e-05
0.012269067
0.010149891
-1.8918733e-05
0.002499812
-6.8008064e-05
0.0067087422
-0.00013229865
0.0098734626
-0.00018675562
0.012127801
-0.00019748157
0.013529966
-0.00015697992
0.014127946
-9.6699947e-05
0.014044903
-4.5354339e-05
0.013408757
-1.3426189e-05
0.012237139
0.010136465
-1.836038e-05
0.0025181724
-6.5381764e-05
0.0067557636
-0.00012410682
0.0099321877
-0.00016633424
0.012170028
-0.00016333241
0.013526965
-0.00012140608
0.01408602
-7.0529449e-05
0.013994027
-3.0718937e-05
0.013368947
-7.8888455e-06
0.012214309
0.010128576
-1.7761425e-05
0.0025359338
-6.2419628e-05
0.0068004218
-0.00011457679
0.0099843449
-0.00014416221
0.012199614
-0.00013123947
0.013514042
-9.1272673e-05
0.014046053
-4.929554e-05
0.013952049
-1.8985602e-05
0.013338637
-3.4320977e-06
0.012198756
0.010125144
-1.708792e-05
0.0025530217
-5.8952483e-05
0.0068422864
-0.0001034902
0.010028883
-0.00012105238
0.012217176
-0.00010208304
0.013495072
-6.5899105e-05
0.014009869
-3.193209e-05
0.013918082
-9.4508368e-06
0.013316156
2.8692201e-07
0.012189018
0.010125431
-1.6296464e-05
0.0025693182
-5.47932e-05
0.0068807831
-9.0832114e-05
0.010064922
-9.7998632e-05
0.012224342
-7.620999e-05
0.013473284
-4.4572227e-05
0.013978231
-1.7627452e-05
0.013891138
-1.5575038e-06
0.013300086
3.3716144e-06
0.012184089
0.010128803
-1.5331759e-05
0.00258465
-4.9761924e-05
0.0069152133
-7.6852567e-05
0.010092012
-7.589863e-05
0.012223388
-5.3589251e-05
0.013450975
-2.6635108e-05
0.013951277
-5.7260922e-06
0.013870229
4.9973106e-06
0.013289362
5.8491397e-06
0.012183237
0.010134652
-1.4126738e-05
0.0025987767
-4.3732708e-05
0.0069448193
-6.2044313e-05
0.010110324
-5.5379824e-05
0.012216724
-3.3986388e-05
0.013429581
-1.151243e-05
0.013928803
4.2370489e-06
0.013854479
1.0367792e-05
0.013283231
7.8668044e-06
0.012185738
0.010142519
-1.2609155e-05
0.0026113859
-3.6694781e-05
0.0069689049
-4.7031506e-05
0.010120661
-3.677554e-05
0.012206468
-1.7080785e-05
0.013409886
1.328151e-06
0.013910394
1.2527017e-05
0.01384328
1.4774046e-05
0.013280984
9.5158742e-06
0.012190996
0.010152035
-1.071864e-05
0.0026221045
-2.8800912e-05
0.0069869872
-3.2420326e-05
0.01012428
-2.0181553e-05
0.012194229
-2.4811626e-06
0.013392186
1.2171709e-05
0.013895741
1.9376686e-05
0.013836075
1.8389796e-05
0.013281971
1.0861737e-05
0.012198524
0.010162896
-8.4363212e-06
0.0026305408
-2.0369415e-05
0.0069989203
-1.8684835e-05
0.010122595
-5.5180363e-06
0.012181062
1.0030894e-05
0.013376637
2.1196833e-05
0.013884576
2.5023516e-05
0.013832249
2.1344927e-05
0.01328565
1.1951278e-05
0.012207918
0.010174848
-5.8190474e-06
0.0026363599
-1.1825721e-05
0.007004927
-6.1111167e-06
0.010116881
7.2760533e-06
0.012167675
2.056968e-05
0.013363343
2.8683342e-05
0.013876462
2.9653019e-05
0.013831279
2.373697e-05
0.013291566
1.2818543e-05
0.012218837
0.010187666
-3.0144934e-06
0.0026393744
-3.5968442e-06
0.0070055093
5.1012377e-06
0.010108183
1.8188768e-05
0.012154588
2.9351726e-05
0.01335218
3.4836769e-05
0.013870977
3.3403504e-05
0.013832712
2.5637827e-05
0.013299332
1.348813e-05
0.012230986
0.010201154
-2.3453394e-07
0.0026396089
3.905738e-06
0.007001369
1.4738001e-05
0.01009735
2.7282039e-05
0.012142044
3.6555856e-05
0.013342907
3.9807793e-05
0.013867725
3.6372767e-05
0.013836147
2.7096709e-05
0.013308608
1.3976265e-05
0.012244107
0.010215131
2.2766811e-06
0.0026373322
1.0307635e-05
0.0069933381
2.2679922e-05
0.010084978
3.4653499e-05
0.01213007
4.230593e-05
0.013335254
4.3693959e-05
0.013866337
3.8618844e-05
0.013841222
2.8138831e-05
0.013319088
1.4288872e-05
0.012257957
0.010229419
4.3217236e-06
0.0026330105
1.5394999e-05
0.0069822648
2.8920487e-05
0.010071453
4.0373468e-05
0.012118617
4.6677905e-05
0.01332895
4.6546496e-05
0.013866468
4.0164283e-05
0.013847605
2.8767083e-05
0.013330485
1.4421837e-05
0.012272302
0.010243841
5.8175797e-06
0.0026271929
1.9124677e-05
0.0069689577
3.34949e-05
0.010057082
4.4502189e-05
0.01210761
4.9718943e-05
0.013323733
4.8386699e-05
0.0138678
4.1008205e-05
0.013854983
2.8969661e-05
0.013342523
1.4364717e-05
0.012286907
0.010258206
6.7761575e-06
0.0026204168
2.1563826e-05
0.00695417
3.6489524e-05
0.010042157
4.7111871e-05
0.012096988
5.1471424e-05
0.013319373
4.9227142e-05
0.013870045
4.114278e-05
0.013863068
2.873119e-05
0.013354935
1.4106077e-05
0.012301532
0.010272312
7.2696352e-06
0.0026131471
2.2858693e-05
0.006938581
3.8043939e-05
0.010026971
4.8304603e-05
0.012086727
5.1995267e-05
0.013315683
4.9092848e-05
0.013872947
4.0570655e-05
0.01387159
2.8045066e-05
0.013367461
1.3640064e-05
0.012315937
0.010285952
7.3947366e-06
0.0026057524
2.3199538e-05
0.0069227762
3.834233e-05
0.010011829
4.8220223e-05
0.012076849
5.1382372e-05
0.013312521
4.8036703e-05
0.013876293
3.9318309e-05
0.013880308
2.6923064e-05
0.013379856
1.297124e-05
0.012329889
0.010298923
7.2476291e-06
0.0025985048
2.2789034e-05
0.0069072348
3.7596569e-05
0.0099970211
4.7032741e-05
0.012067413
4.9760215e-05
0.013309793
4.6145721e-05
0.013879907
3.7442188e-05
0.013889012
2.5399681e-05
0.013391898
1.211647e-05
0.012343172
0.01031104
6.9113722e-06
0.0025915934
2.1819351e-05
0.0068923268
3.6026844e-05
0.0099828136
4.4938741e-05
0.012058501
4.7286202e-05
0.013307446
4.3538702e-05
0.013883655
3.5027774e-05
0.013897523
2.3531553e-05
0.013403395
1.1104573e-05
0.012355599
0.010322144
6.4521546e-06
0.0025851412
2.0458907e-05
0.00687832
3.3844571e-05
0.0099694279
4.2142439e-05
0.012050203
4.4135997e-05
0.013305452
4.0357329e-05
0.013887434
3.2182737e-05
0.013905697
2.1392315e-05
0.013414185
9.9731002e-06
0.012367018
0.010332118
5.9202429e-06
0.002579221
1.8847307e-05
0.006865393
3.1240676e-05
0.0099570346
3.8841967e-05
0.012042602
4.0490578e-05
0.013303803
3.6754874e-05
0.013891169
2.9027664e-05
0.013913424
1.906578e-05
0.013424147
8.7646992e-06
0.012377319
0.010340882
5.3526512e-06
0.0025738683
1.7095576e-05
0.00685365
2.8379314e-05
0.0099457508
3.521902e-05
0.012035762
3.6524552e-05
0.013302498
3.28849e-05
0.013894809
2.5686263e-05
0.013920623
1.6638645e-05
0.013433194
7.5232711e-06
0.012386434
0.010348406
4.7760056e-06
0.0025690923
1.5289109e-05
0.0068431369
2.5395907e-05
0.009935644
3.1432336e-05
0.012029726
3.2397143e-05
0.013301533
2.8891577e-05
0.013898314
2.2276464e-05
0.013927238
1.4193645e-05
0.013441277
6.2901344e-06
0.012394338
0.010354696
4.2090845e-06
0.0025648833
1.3491731e-05
0.0068338543
2.2398233e-05
0.0099267375
2.7614799e-05
0.012024509
2.8246549e-05
0.013300901
2.4902818e-05
0.013901658
1.8903803e-05
0.013933237
1.1804514e-05
0.013448377
5.101664e-06
0.012401041
0.010359797
3.6647668e-06
0.0025612185
1.1749656e-05
0.0068257694
1.9468935e-05
0.0099190183
2.3872956e-05
0.012020105
2.4186846e-05
0.013300588
2.1025751e-05
0.013904819
1.5656685e-05
0.013938606
9.532164e-06
0.013454501
3.987028e-06
0.012406586
0.010363784
3.1515731e-06
0.0025580669
1.0095138e-05
0.0068188258
1.6668919e-05
0.0099124445
2.0288504e-05
0.012016485
2.030755e-05
0.013300568
1.7344999e-05
0.013907782
1.2604315e-05
0.013943347
7.4231129e-06
0.013459682
2.9677059e-06
0.012411041
0.010366752
2.6747757e-06
0.0025553921
8.5494767e-06
0.0068129511
1.4040797e-05
0.0099069532
1.6920758e-05
0.012013605
1.667472e-05
0.013300815
1.3922823e-05
0.013910534
9.7964314e-06
0.013947473
5.5092295e-06
0.01346397
2.0572663e-06
0.012414493
0.010368809
2.2372754e-06
0.0025531549
7.1255838e-06
0.0068080628
1.161231e-05
0.0099024664
1.3809836e-05
0.012011408
1.3333486e-05
0.013301291
1.080104e-05
0.013913066
7.2648708e-06
0.013951009
3.8091301e-06
0.013467425
1.2624208e-06
0.01241704
0.010370072
1.8402435e-06
0.0025513146
5.8300408e-06
0.006804073
9.3994567e-06
0.009898897
1.098007e-05
0.012009827
1.0311278e-05
0.01330196
8.0039983e-06
0.013915373
5.0263093e-06
0.013953987
2.3304866e-06
0.013470121
5.8449176e-07
0.012418786
0.010370656
1.4836141e-06
0.002549831
4.6647268e-06
0.0068008919
7.4091242e-06
0.0098961526
8.4430805e-06
0.012008793
7.6209248e-06
0.013302782
5.5414803e-06
0.013917453
3.0849171e-06
0.013956444
1.0731753e-06
0.013472133
3.1277632e-08
0.012419828
0.010370688
1.1663799e-06
0.0025486646
3.6278461e-06
0.0067984305
5.6407964e-06
0.0098941397
6.1997815e-06
0.012008234
5.2626529e-06
0.013303719
3.4108168e-06
0.013919305
1.435692e-06
0.013958419
3.8557232e-08
0.01347353
-4.1214413e-07
0.012420279
0.010370275
8.8689889e-07
0.0025477777
2.7150398e-06
0.0067966023
4.0886471e-06
0.0098927661
4.2433583e-06
0.01200808
3.227986e-06
0.013304734
1.6022612e-06
0.01392093
7.327625e-08
0.013959948
-7.9688652e-07
0.0134744
-7.7081263e-07
0.012420253
0.010369505
6.4314222e-07
0.0025471346
1.9203502e-06
0.0067953251
2.7434902e-06
0.009891943
2.5623216e-06
0.012008261
1.5041275e-06
0.013305793
1.0552818e-07
0.013922329
-1.0306499e-06
0.013961084
-1.4660302e-06
0.013474836
-1.0493262e-06
0.012419836
0.010368455
4.3285284e-07
0.0025467017
1.2368136e-06
0.0067945212
1.5940598e-06
0.0098915857
1.1427689e-06
0.012008712
7.7559479e-08
0.013306858
-1.1097182e-06
0.013923516
-1.9131537e-06
0.013961887
-1.982305e-06
0.013474905
-1.2540267e-06
0.012419108
0.010367201
2.5368482e-07
0.0025464481
6.5710924e-07
0.0067941178
6.2885564e-07
0.009891614
-2.9648157e-08
0.012009371
-1.0815288e-06
0.01330791
-2.0813524e-06
0.013924516
-2.5946334e-06
0.013962401
-2.3610274e-06
0.013474671
-1.3931662e-06
0.01241814
0.010365808
1.0337548e-07
0.0025463447
1.7417886e-07
0.006794047
-1.6567289e-07
0.0098919539
-9.8162782e-07
0.012010187
-2.0084716e-06
0.013308937
-2.8332376e-06
0.013925341
-3.0963402e-06
0.013962664
-2.6187325e-06
0.013474194
-1.4756684e-06
0.012416997
0.010364332
-2.0557214e-08
0.0025463652
-2.2123757e-07
0.0067942476
-8.0950199e-07
0.0098925421
-1.742217e-06
0.012011119
-2.7265964e-06
0.013309921
-3.3891283e-06
0.013926004
-3.4402178e-06
0.013962715
-2.7721628e-06
0.013473526
-1.5103802e-06
0.012415735
0.010362822
-1.2113388e-07
0.0025464864
-5.3997051e-07
0.0067946665
-1.3213942e-06
0.0098933236
-2.3305461e-06
0.012012128
-3.2588131e-06
0.013310849
-3.7730753e-06
0.013926518
-3.6480823e-06
0.01396259
-2.8376296e-06
0.013472715
-1.5057814e-06
0.012414403
0.010361316
-2.0113639e-07
0.0025466875
-7.9074864e-07
0.0067952561
-1.7150091e-06
0.0098942478
-2.7658493e-06
0.012013179
-3.6278902e-06
0.013311711
-4.0085409e-06
0.013926898
-3.7408012e-06
0.013962322
-2.8303935e-06
0.013471805
-1.4695577e-06
0.012413042
0.010359847
-2.6282471e-07
0.0025469503
-9.8099181e-07
0.0067959743
-2.0038598e-06
0.0098952707
-3.0669653e-06
0.012014242
-3.8558908e-06
0.0133125
-4.1179035e-06
0.01392716
-3.737925e-06
0.013961942
-2.7644658e-06
0.013470831
-1.4086894e-06
0.012411687
0.010358438
-3.0832603e-07
0.0025472587
-1.1178664e-06
0.0067967838
-2.2010108e-06
0.0098963539
-3.2519744e-06
0.012015293
-3.9637335e-06
0.013313212
-4.1220511e-06
0.013927319
-3.657347e-06
0.013961478
-2.6523867e-06
0.013469826
-1.3292073e-06
0.012410364
0.010357109
-3.3966608e-07
0.0025475983
-1.2082369e-06
0.0067976524
-2.3189519e-06
0.0098974646
-3.3380204e-06
0.012016312
-3.9710278e-06
0.013313845
-4.0402552e-06
0.013927388
-3.5152888e-06
0.013960953
-2.5053221e-06
0.013468816
-1.2364664e-06
0.012409095
0.010355872
-3.5874719e-07
0.0025479571
-1.2585804e-06
0.0067985522
-2.369426e-06
0.0098985754
-3.3410886e-06
0.012017284
-3.8958076e-06
0.0133144
-3.8899486e-06
0.013927382
-3.3261253e-06
0.013960389
-2.3329322e-06
0.013467823
-1.1348986e-06
0.012407897
0.010354737
-3.6736299e-07
0.0025483245
-1.2749784e-06
0.0067994598
-2.363401e-06
0.0098996638
-3.2759597e-06
0.012018197
-3.7545383e-06
0.013314878
-3.6867902e-06
0.013927314
-3.102558e-06
0.013959805
-2.1436167e-06
0.013466864
-1.0283767e-06
0.012406781
0.010353709
-3.6717348e-07
0.0025486916
-1.2630636e-06
0.0068003557
-2.3109678e-06
0.0099007118
-3.1560944e-06
0.012019042
-3.5619927e-06
0.013315284
-3.4445937e-06
0.013927197
-2.8555566e-06
0.013959216
-1.9444521e-06
0.013465953
-9.1999982e-07
0.012405757
0.010352789
-3.5972171e-07
0.0025490514
-1.2280299e-06
0.006801224
-2.22136e-06
0.0099017051
-2.9936631e-06
0.012019814
-3.3313467e-06
0.013315622
-3.1754749e-06
0.013927041
-2.5945817e-06
0.013958635
-1.741458e-06
0.0134651
-8.1245247e-07
0.012404828
0.010351977
-3.4640789e-07
0.0025493978
-1.1745897e-06
0.0068020522
-2.1028802e-06
0.0099026334
-2.7994759e-06
0.012020511
-3.0741032e-06
0.013315896
-2.8898003e-06
0.013926857
-2.3275331e-06
0.013958072
-1.5394901e-06
0.013464312
-7.0773959e-07
0.012403996
0.010351269
-3.2851072e-07
0.0025497263
-1.1070014e-06
0.0068028307
-1.9629554e-06
0.0099034893
-2.5830642e-06
0.012021131
-2.800239e-06
0.013316114
-2.5963893e-06
0.013926653
-2.0609872e-06
0.013957537
-1.3425122e-06
0.013463594
-6.0753233e-07
0.012403261
0.010350661
-3.0716697e-07
0.0025500334
-1.0290445e-06
0.0068035526
-1.8081054e-06
0.0099042684
-2.3526727e-06
0.012021675
-2.5182097e-06
0.013316279
-2.3025298e-06
0.013926437
-1.8002034e-06
0.013957035
-1.1535503e-06
0.013462947
-5.1295516e-07
0.012402621
0.010350148
-2.8339603e-07
0.0025503168
-9.4406414e-07
0.0068042132
-1.6440284e-06
0.0099049683
-2.1153848e-06
0.012022147
-2.2351475e-06
0.013316399
-2.0142312e-06
0.013926216
-1.5494029e-06
0.01395657
-9.7495472e-07
0.013462372
-4.2491786e-07
0.012402071
0.010349723
-2.5808301e-07
0.0025505749
-8.5495901e-07
0.0068048101
-1.4756016e-06
0.009905589
-1.8771633e-06
0.012022548
-1.9569111e-06
0.013316479
-1.7362769e-06
0.013925996
-1.3117982e-06
0.013956145
-8.0839463e-07
0.013461869
-3.4393369e-07
0.012401606
0.010349379
-2.3200161e-07
0.0025508069
-7.6423043e-07
0.0068053423
-1.3069749e-06
0.0099061317
-1.6429856e-06
0.012022884
-1.6882852e-06
0.013316524
-1.472467e-06
0.01392578
-1.0898577e-06
0.013955763
-6.551016e-07
0.013461434
-2.704051e-07
0.012401221
0.010349109
-2.0580512e-07
0.0025510127
-6.7398122e-07
0.0068058105
-1.1415842e-06
0.0099065993
-1.4168838e-06
0.01202316
-1.4330217e-06
0.01331654
-1.2256525e-06
0.013925573
-8.8530655e-07
0.013955422
-5.1582639e-07
0.013461065
-2.0448043e-07
0.01240091
0.010348905
-1.8004398e-07
0.0025511928
-5.8595682e-07
0.0068062164
-9.822275e-07
0.0099069956
-1.2020498e-06
0.012023379
-1.1939863e-06
0.013316532
-9.9788377e-07
0.013925376
-6.9926784e-07
0.013955124
-3.9097115e-07
0.013460756
-1.4621669e-07
0.012400665
0.010348758
-1.5515876e-07
0.0025513479
-5.0154396e-07
0.0068065628
-8.3106816e-07
0.0099073251
-1.0008507e-06
0.012023549
-9.7314605e-07
0.013316504
-7.9039046e-07
0.013925194
-5.3221027e-07
0.013954866
-2.8048316e-07
0.013460505
-9.5407407e-08
0.01240048
0.010348663
-1.3150031e-07
0.0025514794
-4.2181595e-07
0.0068068531
-6.8972286e-07
0.009907593
-8.1494267e-07
0.012023674
-7.71729e-07
0.013316461
-6.0373675e-07
0.013925026
-3.8409204e-07
0.013954646
-1.8400548e-07
0.013460305
-5.1756534e-08
0.012400348
0.010348611
-1.0932554e-07
0.0025515887
-3.475473e-07
0.0068070914
-5.5928611e-07
0.0099078048
-6.4532025e-07
0.01202376
-5.9026626e-07
0.013316406
-4.3785851e-07
0.013924873
-2.5437691e-07
0.013954462
-1.0078277e-07
0.013460151
-1.4266038e-08
0.012400261
0.010348597
-8.8826915e-08
0.0025516776
-2.7928229e-07
0.0068072818
-4.4046956e-07
0.0099079659
-4.9251813e-07
0.012023813
-4.2885638e-07
0.013316342
-2.9236011e-07
0.013924737
-1.4227628e-07
0.013954312
-2.9643871e-08
0.013460038
1.7463573e-08
0.012400214
0.010348614
-7.0126149e-08
0.0025517477
-2.1735463e-07
0.006807429
-3.3363815e-07
0.0099080822
-3.5665931e-07
0.012023836
-2.8719614e-07
0.013316273
-1.6647366e-07
0.013924616
-4.6533913e-08
0.013954192
3.0190466e-08
0.013459962
4.3062879e-08
0.012400201
0.010348657
-5.3294913e-08
0.002551801
-1.6192398e-07
0.0068075377
-2.3887442e-07
0.0099081592
-2.3752994e-07
0.012023834
-1.6463114e-07
0.0133162
-5.9019513e-08
0.01392451
3.3858289e-08
0.0139541
7.8685016e-08
0.013459917
6.2819731e-08
0.012400217
0.01034872
-3.8349598e-08
0.0025518393
-1.1298605e-07
0.0068076123
-1.559885e-07
0.0099082022
-1.3456428e-07
0.012023813
-6.0059761e-08
0.013316126
3.1186108e-08
0.013924419
9.9231069e-08
0.013954031
1.1649846e-07
0.0134599
7.7567936e-08
0.012400256
0.010348798
-2.5267425e-08
0.0025518646
-7.0400239e-08
0.0068076574
-8.4549982e-08
0.0099082163
-4.683257e-08
0.012023775
2.7659177e-08
0.013316051
1.0467446e-07
0.013924342
1.504023e-07
0.013953986
1.4482177e-07
0.013459905
8.7924812e-08
0.012400313
0.010348886
-1.3979313e-08
0.0025518786
-3.3877844e-08
0.0068076773
-2.3830715e-08
0.0099082063
2.6640785e-08
0.012023725
9.9189916e-08
0.013315978
1.6241772e-07
0.013924279
1.8894425e-07
0.013953959
1.648403e-07
0.013459929
9.4507516e-08
0.012400383
0.01034898
-4.3773955e-09
0.002551883
-2.9993598e-09
0.0068076759
2.6805966e-08
0.0099081764
8.6471234e-08
0.012023665
1.5552882e-07
0.013315909
2.0615414e-07
0.013924228
2.164303e-07
0.013953949
1.777042e-07
0.013459968
9.7879328e-08
0.012400463
0.010349078
3.6407552e-09
0.0025518793
2.25326e-08
0.006807657
6.7841456e-08
0.0099081311
1.3360861e-07
0.012023599
1.9838242e-07
0.013315845
2.3765326e-07
0.013924189
2.3443879e-07
0.013953952
1.8456676e-07
0.013460018
9.8632198e-08
0.012400549
0.010349177
1.0157081e-08
0.0025518692
4.2998879e-08
0.0068076242
1.0003255e-07
0.0099080741
1.6944571e-07
0.01202353
2.2939365e-07
0.013315785
2.5858905e-07
0.01392416
2.4442562e-07
0.013953966
1.8647179e-07
0.013460076
9.7281877e-08
0.012400638
0.010349274
1.529068e-08
0.0025518539
5.8883394e-08
0.0068075806
1.2434651e-07
0.0099080086
1.9533429e-07
0.012023459
2.5012884e-07
0.01331573
2.7051307e-07
0.013924139
2.4771224e-07
0.013953989
1.8434285e-07
0.013460139
9.427754e-08
0.012400728
0.010349368
1.9181606e-08
0.0025518347
7.0683332e-08
0.0068075291
1.4170824e-07
0.0099079376
2.1254158e-07
0.012023388
2.6201799e-07
0.01331568
2.7480456e-07
0.013924127
2.4543472e-07
0.013954018
1.7894782e-07
0.013460206
8.9989076e-08
0.012400817
0.010349458
2.1966571e-08
0.0025518127
7.8875868e-08
0.0068074722
1.5298242e-07
0.0099078635
2.2222714e-07
0.012023319
2.66337e-07
0.013315636
2.7265921e-07
0.01392412
2.3853621e-07
0.013954053
1.7088178e-07
0.013460273
8.4649212e-08
0.012400903
0.010349543
2.3785857e-08
0.0025517889
8.3928951e-08
0.006807412
1.5900483e-07
0.0099077884
2.2549591e-07
0.012023252
2.6428845e-07
0.013315597
2.6518177e-07
0.013924119
2.2788279e-07
0.01395409
1.6069194e-07
0.01346034
7.8514676e-08
0.012400986
0.010349622
2.4771108e-08
0.0025517642
8.6287854e-08
0.0068073505
1.6056265e-07
0.0099077141
2.2338064e-07
0.012023189
2.5697891e-07
0.013315564
2.5338688e-07
0.013924123
2.1425339e-07
0.013954129
1.4885045e-07
0.013460406
7.1744779e-08
0.012401063
0.010349693
2.505655e-08
0.0025517391
8.6395813e-08
0.0068072892
1.5843707e-07
0.0099076421
2.1690612e-07
0.012023131
2.455211e-07
0.013315535
2.3830738e-07
0.01392413
1.9847494e-07
0.013954169
1.3590364e-07
0.013460468
6.4609319e-08
0.012401134
0.010349758
2.4765908e-08
0.0025517143
8.4670039e-08
0.0068072293
1.5336399e-07
0.0099075734
2.0703715e-07
0.012023077
2.3096118e-07
0.013315511
2.2091996e-07
0.01392414
1.8133515e-07
0.013954208
1.2238543e-07
0.013460527
5.7346294e-08
0.012401199
0.010349815
2.4017023e-08
0.0025516903
8.1505388e-08
0.0068071718
1.4603882e-07
0.0099075089
1.9468353e-07
0.012023029
2.1428694e-07
0.013315492
2.0215165e-07
0.013924152
1.6359101e-07
0.013954247
1.0881693e-07
0.013460582
5.0237151e-08
0.012401258
0.010349865
2.29118e-08
0.0025516674
7.7248258e-08
0.0068071174
1.3706699e-07
0.009907449
1.8062495e-07
0.012022985
1.9632447e-07
0.013315476
1.8275712e-07
0.013924166
1.4584538e-07
0.013954284
9.5607848e-08
0.013460632
4.3464609e-08
0.01240131
0.010349909
2.1539842e-08
0.0025516459
7.2194635e-08
0.0068070668
1.2695596e-07
0.0099073943
1.6549853e-07
0.012022946
1.7772794e-07
0.013315464
1.633123e-07
0.01392418
1.2853685e-07
0.013954319
8.3037063e-08
0.013460678
3.7173701e-08
0.012401356
0.010349946
1.997212e-08
0.0025516259
6.6582823e-08
0.0068070202
1.1610228e-07
0.0099073447
1.4978069e-07
0.012022913
1.5895488e-07
0.013315455
1.4417193e-07
0.013924195
1.1188222e-07
0.013954351
7.1195341e-08
0.013460719
3.1362178e-08
0.012401396
0.010349977
1.8272362e-08
0.0025516076
6.061009e-08
0.0068069778
1.0482219e-07
0.0099073005
1.3383215e-07
0.012022884
1.4032878e-07
0.013315448
1.2556412e-07
0.01392421
9.5987755e-08
0.013954381
6.0088857e-08
0.013460754
2.6018701e-08
0.01240143
0.010350003
1.649016e-08
0.0025515911
5.4433016e-08
0.0068069399
9.336174e-08
0.0099072616
1.1792536e-07
0.012022859
1.2207218e-07
0.013315444
1.0761527e-07
0.013924224
8.0872865e-08
0.013954407
4.9658974e-08
0.013460786
2.104114e-08
0.012401458
0.010350025
1.4675328e-08
0.0025515765
4.8198544e-08
0.0068069064
8.1948814e-08
0.0099072279
1.0231407e-07
0.012022839
1.0440998e-07
0.013315442
9.0477809e-08
0.013924238
6.6608736e-08
0.013954431
3.9903658e-08
0.013460812
1.6426952e-08
0.012401482
0.010350041
1.2869384e-08
0.0025515636
4.2036863e-08
0.0068068772
7.0792344e-08
0.0099071991
8.7243945e-08
0.012022822
8.757152e-08
0.013315442
7.4331437e-08
0.013924252
5.3305644e-08
0.013954452
3.0876811e-08
0.013460835
1.2159078e-08
0.0124015
0.010350053
1.1113461e-08
0.0025515525
3.6075434e-08
0.0068068523
6.0102181e-08
0.0099071751
7.2967329e-08
0.012022809
7.1813795e-08
0.013315443
5.9401834e-08
0.013924264
4.1142686e-08
0.01395447
2.2701752e-08
0.013460853
8.3317097e-09
0.012401515
0.010350061
9.4392106e-09
0.002551543
3.0418566e-08
0.0068068313
5.0050797e-08
0.0099071555
5.9699096e-08
0.0120228
5.7354696e-08
0.013315445
4.5884625e-08
0.013924275
3.0281282e-08
0.013954486
1.5501215e-08
0.013460868
4.9947678e-09
0.012401525
0.010350066
7.8671261e-09
0.0025515352
2.5140653e-08
0.006806814
4.0766905e-08
0.0099071398
4.7594446e-08
0.012022793
4.4348106e-08
0.013315448
3.3912824e-08
0.013924286
2.0826071e-08
0.013954499
9.3464294e-09
0.013460879
2.2028789e-09
0.012401532
0.010350069
6.4222987e-09
0.0025515287
2.0305699e-08
0.0068068001
3.2368219e-08
0.0099071278
3.6844517e-08
0.012022789
3.3058708e-08
0.013315452
2.3809545e-08
0.013924295
1.311502e-08
0.01395451
4.5448974e-09
0.013460888
1.5560842e-10
0.012401537
0.010350069
2.897584e-09
9.1261208e-09
1.4428632e-08
1.6199006e-08
1.4254686e-08
9.9198343e-09
5.1428442e-09
1.4980912e-09
-1.0565455e-10
)
;

boundaryField
{
    water_inlet
    {
        type            calculated;
        value           nonuniform List<scalar> 10(-0.0021750989 -0.0058428937 -0.0086267772 -0.010688211 -0.012161792 -0.013159549 -0.01377456 -0.014084001 -0.014151716 -0.014030398);
    }
    water_outlet
    {
        type            calculated;
        value           nonuniform List<scalar> 10(0.0025515259 0.0068067939 0.0099071225 0.012022787 0.013315454 0.0139243 0.013954515 0.013460892 0.012401539 0.010350069);
    }
    water_wedge1
    {
        type            wedge;
        value           nonuniform List<scalar> 
1000
(
-1.129595e-13
-1.4267608e-13
-1.1216292e-13
-1.0631528e-13
-9.9353892e-14
-9.3387559e-14
-8.8693617e-14
-8.4955619e-14
-8.1973792e-14
-7.9488844e-14
-7.7284634e-14
-7.5238955e-14
-7.3264302e-14
-7.127888e-14
-6.918656e-14
-6.6853589e-14
-6.4128914e-14
-6.0818084e-14
-5.6670282e-14
-5.1410694e-14
-4.479426e-14
-3.6656539e-14
-2.7081631e-14
-1.6558361e-14
-5.8631391e-15
4.0618845e-15
1.2375121e-14
1.8673285e-14
2.2903099e-14
2.5297371e-14
2.622217e-14
2.6009781e-14
2.5019955e-14
2.3508627e-14
2.1688894e-14
1.9703308e-14
1.7628504e-14
1.5587844e-14
1.3611849e-14
1.173187e-14
9.9924546e-15
8.3916091e-15
6.9303146e-15
5.6116949e-15
4.4435682e-15
3.4059069e-15
2.4952289e-15
1.7143764e-15
1.0446728e-15
4.8137533e-16
1.127735e-17
-3.7000507e-16
-6.7291301e-16
-9.0760494e-16
-1.0873626e-15
-1.2083002e-15
-1.284957e-15
-1.3269299e-15
-1.3325199e-15
-1.3095669e-15
-1.2667255e-15
-1.2097795e-15
-1.1300356e-15
-1.0439545e-15
-9.5501214e-16
-8.6289592e-16
-7.6912055e-16
-6.7490691e-16
-5.8130513e-16
-4.9696233e-16
-4.1627026e-16
-3.4215638e-16
-2.7368708e-16
-2.1051975e-16
-1.5570862e-16
-1.016026e-16
-5.6730354e-17
-2.7623516e-17
-5.8446457e-19
2.6878946e-17
4.6090957e-17
6.111421e-17
7.4360961e-17
8.3410909e-17
8.6421267e-17
8.723828e-17
8.1661914e-17
8.1340331e-17
7.9692194e-17
7.4887389e-17
6.8531209e-17
6.5741752e-17
5.7510523e-17
4.6564475e-17
4.3177981e-17
3.9487594e-17
3.6722675e-17
2.7831092e-17
1.628308e-17
3.1681961e-18
-6.8081359e-13
-1.0335444e-12
-8.3928818e-13
-7.9752817e-13
-7.493993e-13
-7.0313821e-13
-6.6536398e-13
-6.3522773e-13
-6.1093653e-13
-5.9052868e-13
-5.7244882e-13
-5.5560598e-13
-5.3912638e-13
-5.2220025e-13
-5.0397565e-13
-4.8343108e-13
-4.5934189e-13
-4.301869e-13
-3.9436676e-13
-3.5055597e-13
-2.9814088e-13
-2.3765667e-13
-1.7103665e-13
-1.0155884e-13
-3.337342e-14
2.8947167e-14
8.1489502e-14
1.2215581e-13
1.5064813e-13
1.6798419e-13
1.7589593e-13
1.7634971e-13
1.7126156e-13
1.6227067e-13
1.5073544e-13
1.3769586e-13
1.2392662e-13
1.1003606e-13
9.6437436e-14
8.3436735e-14
7.1223642e-14
5.9901207e-14
4.9547075e-14
4.0191456e-14
3.1829538e-14
2.4422736e-14
1.7932615e-14
1.2310243e-14
7.508055e-15
3.4697657e-15
1.1724366e-16
-2.6156823e-15
-4.8031686e-15
-6.5030605e-15
-7.7678426e-15
-8.6559113e-15
-9.2109873e-15
-9.4903086e-15
-9.5331014e-15
-9.3811401e-15
-9.0657359e-15
-8.6201618e-15
-8.0862239e-15
-7.4786581e-15
-6.8296445e-15
-6.1607708e-15
-5.4783008e-15
-4.8070107e-15
-4.1576976e-15
-3.5415043e-15
-2.9604757e-15
-2.4164177e-15
-1.921929e-15
-1.4738925e-15
-1.0799415e-15
-7.3096662e-16
-4.2541638e-16
-1.7008268e-16
4.3120573e-17
2.2100373e-16
3.6213673e-16
4.7113476e-16
5.455389e-16
5.9316879e-16
6.3074416e-16
6.4288281e-16
6.3570606e-16
6.1696086e-16
5.9304165e-16
5.6249296e-16
5.1725138e-16
4.7635125e-16
4.3364361e-16
3.8346766e-16
3.3332864e-16
2.893345e-16
2.5075384e-16
2.0813646e-16
1.6694114e-16
9.3636732e-17
3.1339118e-12
4.8023018e-12
3.907234e-12
3.7113871e-12
3.4900562e-12
3.2689361e-12
3.0860204e-12
2.9387808e-12
2.817615e-12
2.7124755e-12
2.6152689e-12
2.5197149e-12
2.4205053e-12
2.3123543e-12
2.1894922e-12
2.046114e-12
1.8774947e-12
1.681101e-12
1.4574249e-12
1.2105502e-12
9.4809526e-13
6.8017677e-13
4.1761337e-13
1.7021565e-13
-5.3283751e-14
-2.4553147e-13
-4.0217124e-13
-5.2206152e-13
-6.0639903e-13
-6.5809818e-13
-6.8131394e-13
-6.8087732e-13
-6.6175805e-13
-6.2866521e-13
-5.857744e-13
-5.3662892e-13
-4.8411484e-13
-4.3049108e-13
-3.7748491e-13
-3.2635867e-13
-2.7800604e-13
-2.3300736e-13
-1.9172761e-13
-1.5434284e-13
-1.2088139e-13
-9.1290678e-14
-6.541467e-14
-4.3078949e-14
-2.4076464e-14
-8.1762519e-15
4.8920719e-15
1.5473737e-14
2.3842054e-14
3.0235776e-14
3.4883739e-14
3.8012077e-14
3.9839292e-14
4.0534927e-14
4.0300481e-14
3.9294669e-14
3.7681764e-14
3.5610896e-14
3.3172811e-14
3.049868e-14
2.767663e-14
2.4790293e-14
2.1927151e-14
1.9111234e-14
1.6403672e-14
1.3835482e-14
1.1438415e-14
9.247827e-15
7.2452026e-15
5.4472833e-15
3.8518957e-15
2.4618839e-15
1.2771552e-15
2.5970617e-16
-5.8375731e-16
-1.2635672e-15
-1.7982505e-15
-2.1841802e-15
-2.4640847e-15
-2.6480708e-15
-2.7324799e-15
-2.7468804e-15
-2.6971296e-15
-2.6073326e-15
-2.4838453e-15
-2.3239851e-15
-2.1491208e-15
-1.9545425e-15
-1.7576347e-15
-1.5659661e-15
-1.3690486e-15
-1.1782295e-15
-9.9391478e-16
-8.272722e-16
-6.7842881e-16
-3.9806432e-16
-3.7211485e-12
-5.4869304e-12
-4.4854204e-12
-4.2512627e-12
-3.987375e-12
-3.7244172e-12
-3.5031659e-12
-3.3195228e-12
-3.1610788e-12
-3.0149856e-12
-2.870276e-12
-2.7174952e-12
-2.5486719e-12
-2.3580392e-12
-2.1427144e-12
-1.9031564e-12
-1.6434584e-12
-1.3711257e-12
-1.0958704e-12
-8.276862e-13
-5.7485265e-13
-3.4279539e-13
-1.342409e-13
4.9275876e-14
2.0665315e-13
3.3754226e-13
4.4237393e-13
5.2198009e-13
5.7747398e-13
6.1047327e-13
6.2320122e-13
6.1837921e-13
5.9907284e-13
5.6841887e-13
5.2943679e-13
4.8486861e-13
4.3707186e-13
3.8803418e-13
3.3932272e-13
2.9214122e-13
2.4738716e-13
2.0567336e-13
1.6738274e-13
1.3273664e-13
1.0180478e-13
7.4531941e-14
5.0809403e-14
3.0475611e-14
1.3360973e-14
-7.9284604e-16
-1.2320614e-14
-2.1513874e-14
-2.8626273e-14
-3.3886365e-14
-3.7526355e-14
-3.9762852e-14
-4.0798264e-14
-4.0829004e-14
-4.0030737e-14
-3.8572146e-14
-3.6592486e-14
-3.4220427e-14
-3.1581037e-14
-2.8767654e-14
-2.5870039e-14
-2.2962036e-14
-2.0096494e-14
-1.7331502e-14
-1.4704267e-14
-1.2245686e-14
-9.9729216e-15
-7.8925526e-15
-6.0202595e-15
-4.3578179e-15
-2.9019101e-15
-1.642531e-15
-5.666756e-16
3.3204595e-16
1.0617784e-15
1.6360003e-15
2.0747879e-15
2.3917735e-15
2.597956e-15
2.7127513e-15
2.7499481e-15
2.7227259e-15
2.6460187e-15
2.525804e-15
2.3748562e-15
2.203006e-15
2.01703e-15
1.8262341e-15
1.6282063e-15
1.4282733e-15
1.2349651e-15
1.0519894e-15
8.7894667e-16
7.1766587e-16
5.7172196e-16
3.2393562e-16
-1.0858282e-12
-1.5239463e-12
-1.2530993e-12
-1.1819251e-12
-1.1008312e-12
-1.0209656e-12
-9.5197103e-13
-8.9178198e-13
-8.3605044e-13
-7.8041542e-13
-7.2162414e-13
-6.578726e-13
-5.8878498e-13
-5.1529673e-13
-4.394442e-13
-3.6393554e-13
-2.9151136e-13
-2.2431908e-13
-1.6359037e-13
-1.0968245e-13
-6.2331703e-14
-2.1023111e-14
1.4664081e-14
4.5070209e-14
7.0532119e-14
9.1393752e-14
1.0791272e-13
1.2027453e-13
1.2863585e-13
1.33185e-13
1.3421101e-13
1.3209115e-13
1.2729534e-13
1.2033558e-13
1.1173487e-13
1.0201096e-13
9.1617026e-14
8.0962953e-14
7.038344e-14
6.0129358e-14
5.0412147e-14
4.1369419e-14
3.3089594e-14
2.5629396e-14
1.9004779e-14
1.3207246e-14
8.2055946e-15
3.9705031e-15
4.5783596e-16
-2.4106306e-15
-4.7071199e-15
-6.4964502e-15
-7.8320513e-15
-8.7648678e-15
-9.3560807e-15
-9.6498099e-15
-9.6948242e-15
-9.5336876e-15
-9.2055432e-15
-8.7556554e-15
-8.2063246e-15
-7.5865816e-15
-6.924237e-15
-6.2351622e-15
-5.5466071e-15
-4.8671966e-15
-4.2073202e-15
-3.5797485e-15
-2.9892299e-15
-2.4468057e-15
-1.9491078e-15
-1.4989336e-15
-1.0971052e-15
-7.4260473e-16
-4.390903e-16
-1.7732809e-16
4.0435693e-17
2.1939179e-16
3.6347733e-16
4.686285e-16
5.5176878e-16
6.0751172e-16
6.3280315e-16
6.4571872e-16
6.3996582e-16
6.2361368e-16
6.0023706e-16
5.640907e-16
5.2566682e-16
4.7779026e-16
4.3332479e-16
3.9198281e-16
3.4288251e-16
2.9807287e-16
2.5131073e-16
2.1209906e-16
1.7543276e-16
1.359965e-16
1.0871534e-16
6.0955661e-17
-1.5235296e-12
-2.0202541e-12
-1.6642505e-12
-1.563222e-12
-1.4418433e-12
-1.3187441e-12
-1.2058569e-12
-1.0997895e-12
-9.9514872e-13
-8.8831298e-13
-7.7850207e-13
-6.6751007e-13
-5.5886092e-13
-4.5649814e-13
-3.6346765e-13
-2.8125183e-13
-2.0991719e-13
-1.4863881e-13
-9.6212709e-14
-5.1342836e-14
-1.2891257e-14
1.9895159e-14
4.7609328e-14
7.0809376e-14
8.9990033e-14
1.0552358e-13
1.1763163e-13
1.2643534e-13
1.3201552e-13
1.3447113e-13
1.3397013e-13
1.3076626e-13
1.2521178e-13
1.1772085e-13
1.0874081e-13
9.8730953e-14
8.8117083e-14
7.7289955e-14
6.6576756e-14
5.6236297e-14
4.6473801e-14
3.7433441e-14
2.9207824e-14
2.1845333e-14
1.5362492e-14
9.7493573e-15
4.9811058e-15
1.008272e-15
-2.2431453e-15
-4.8530737e-15
-6.8912338e-15
-8.4178391e-15
-9.4951794e-15
-1.0181089e-14
-1.0533152e-14
-1.0607976e-14
-1.0451151e-14
-1.0107007e-14
-9.6174639e-15
-9.0201947e-15
-8.3491624e-15
-7.6266493e-15
-6.8769405e-15
-6.1196165e-15
-5.3717042e-15
-4.6517459e-15
-3.9649207e-15
-3.3181146e-15
-2.7175134e-15
-2.1689194e-15
-1.6764115e-15
-1.2352596e-15
-8.4542743e-16
-5.0766868e-16
-2.1801237e-16
2.4271491e-17
2.2284769e-16
3.8076815e-16
5.0228498e-16
5.9153864e-16
6.5318673e-16
6.9063643e-16
7.0301777e-16
7.0055173e-16
6.8424875e-16
6.5503821e-16
6.1952474e-16
5.7566483e-16
5.2852867e-16
4.7904427e-16
4.2887691e-16
3.8001631e-16
3.2935085e-16
2.8206301e-16
2.3707283e-16
1.9454049e-16
1.5564337e-16
1.1957897e-16
9.0429336e-17
4.7433224e-17
9.8320254e-12
1.2244871e-11
9.7925812e-12
9.0793542e-12
8.2357956e-12
7.3209386e-12
6.4223988e-12
5.5553881e-12
4.7220552e-12
3.9327836e-12
3.2079182e-12
2.5666015e-12
2.0172269e-12
1.5563719e-12
1.1734087e-12
8.555974e-13
5.9100677e-13
3.6947309e-13
1.8287932e-13
2.509278e-14
-1.0820238e-13
-2.2006823e-13
-3.1333896e-13
-3.9061436e-13
-4.5385352e-13
-5.0433255e-13
-5.4272683e-13
-5.6930213e-13
-5.8414291e-13
-5.8739309e-13
-5.7945453e-13
-5.6111488e-13
-5.3357164e-13
-4.9836583e-13
-4.5726804e-13
-4.1212717e-13
-3.6473926e-13
-3.1674349e-13
-2.69548e-13
-2.2429924e-13
-1.8186772e-13
-1.4286469e-13
-1.0767804e-13
-7.6501343e-14
-4.9378717e-14
-2.6263997e-14
-6.9648888e-15
8.862845e-15
2.1598719e-14
3.1573962e-14
3.907417e-14
4.4388096e-14
4.7804129e-14
4.9601144e-14
5.0039367e-14
4.9360026e-14
4.7783917e-14
4.5508339e-14
4.2708537e-14
3.9538031e-14
3.6127513e-14
3.2590819e-14
2.902294e-14
2.5501849e-14
2.2090502e-14
1.883709e-14
1.5779991e-14
1.2946477e-14
1.0354261e-14
8.0120116e-15
5.9204309e-15
4.0778349e-15
2.4756923e-15
1.1012601e-15
-5.6178645e-17
-1.0067102e-15
-1.7634987e-15
-2.3454485e-15
-2.7727464e-15
-3.0659208e-15
-3.2421835e-15
-3.3189136e-15
-3.3143575e-15
-3.2406106e-15
-3.1117634e-15
-2.9421317e-15
-2.7419009e-15
-2.5221408e-15
-2.2911304e-15
-2.0555246e-15
-1.8198675e-15
-1.5879608e-15
-1.3646832e-15
-1.1527739e-15
-9.5392528e-16
-7.7028945e-16
-6.0371973e-16
-4.552207e-16
-3.2618635e-16
-1.6178794e-16
-2.1664294e-13
-2.7929061e-13
-2.0492007e-13
-1.7660024e-13
-1.5135385e-13
-1.2642853e-13
-1.0306205e-13
-8.2197191e-14
-6.4407006e-14
-4.9843743e-14
-3.8255162e-14
-2.9142573e-14
-2.1963502e-14
-1.6251103e-14
-1.1648107e-14
-7.89172e-15
-4.7862183e-15
-2.1943211e-15
-2.4362835e-17
1.7928384e-15
3.3088192e-15
4.5671214e-15
5.6087025e-15
6.4651182e-15
7.1573e-15
7.6991083e-15
8.0964212e-15
8.3497079e-15
8.4576526e-15
8.4183431e-15
8.2344425e-15
7.9145422e-15
7.4733499e-15
6.9312706e-15
6.3110018e-15
5.6388226e-15
4.9403563e-15
4.238594e-15
3.5544288e-15
2.9031505e-15
2.2973161e-15
1.7461473e-15
1.2540104e-15
8.2377632e-16
4.5591486e-16
1.4789801e-16
-1.0492318e-16
-3.0955203e-16
-4.7066311e-16
-5.9213361e-16
-6.7924119e-16
-7.3547391e-16
-7.6583393e-16
-7.7463372e-16
-7.6536087e-16
-7.4219624e-16
-7.0776268e-16
-6.6519843e-16
-6.1659923e-16
-5.6367839e-16
-5.0942217e-16
-4.5444245e-16
-4.0012411e-16
-3.4754587e-16
-2.9656048e-16
-2.4918677e-16
-2.0555985e-16
-1.655274e-16
-1.2941386e-16
-9.6557526e-17
-6.7840278e-17
-4.3130838e-17
-2.1830614e-17
-3.6717126e-18
1.148835e-17
2.3407074e-17
3.2654209e-17
3.9322107e-17
4.3895556e-17
4.6731689e-17
4.8214918e-17
4.841142e-17
4.7017707e-17
4.5113875e-17
4.2617561e-17
3.932702e-17
3.5811136e-17
3.2402224e-17
2.8988432e-17
2.5042209e-17
2.1418251e-17
1.8481797e-17
1.5192307e-17
1.1724247e-17
8.8061731e-18
6.345881e-18
4.0021405e-18
1.9734142e-18
3.2539861e-19
-1.5353436e-18
-1.9757703e-12
-5.5527702e-12
-4.1251291e-12
-3.2301754e-12
-2.5096998e-12
-1.898208e-12
-1.3933954e-12
-1.0034849e-12
-7.2027416e-13
-5.2074595e-13
-3.7985489e-13
-2.7783053e-13
-2.0134642e-13
-1.4206693e-13
-9.484746e-14
-5.623464e-14
-2.415689e-14
2.4679228e-15
2.4522555e-14
4.2749723e-14
5.7796969e-14
7.0218153e-14
8.0443547e-14
8.8773989e-14
9.5411967e-14
1.0047225e-13
1.0398858e-13
1.0593494e-13
1.0625836e-13
1.0491493e-13
1.0190782e-13
9.7311946e-14
9.1285277e-14
8.4063433e-14
7.593807e-14
6.722981e-14
5.825958e-14
4.9323693e-14
4.0677138e-14
3.2524249e-14
2.5014361e-14
1.8247064e-14
1.2277269e-14
7.1570369e-15
2.8747654e-15
-6.6107909e-16
-3.5395145e-15
-5.8308281e-15
-7.58306e-15
-8.8491999e-15
-9.6904023e-15
-1.0166345e-14
-1.0335856e-14
-1.0254034e-14
-9.9701735e-15
-9.5294708e-15
-8.9700281e-15
-8.3265171e-15
-7.6277554e-15
-6.8984037e-15
-6.1601968e-15
-5.4286646e-15
-4.7180335e-15
-4.0387768e-15
-3.3984633e-15
-2.8044939e-15
-2.2595175e-15
-1.7658985e-15
-1.3244296e-15
-9.3393976e-16
-5.9251929e-16
-2.9634132e-16
-4.5271371e-17
1.6121031e-16
3.2624822e-16
4.526419e-16
5.4638059e-16
6.1203751e-16
6.5324684e-16
6.7385224e-16
6.7638819e-16
6.6441451e-16
6.4074955e-16
6.0775262e-16
5.6786935e-16
5.234382e-16
4.7642894e-16
4.287734e-16
3.8092213e-16
3.3351391e-16
2.8740656e-16
2.4368877e-16
2.0252778e-16
1.6424188e-16
1.2941823e-16
9.8197885e-17
7.0493828e-17
4.6329611e-17
2.6293861e-17
7.5608698e-18
5.1320976e-13
1.0604983e-13
1.3674707e-14
-1.4044787e-14
-1.9623439e-14
-1.832881e-14
-1.5181935e-14
-1.1900821e-14
-9.0776119e-15
-6.8244815e-15
-5.0704607e-15
-3.7044098e-15
-2.6287123e-15
-1.7694754e-15
-1.0737329e-15
-4.987629e-16
-1.2842726e-17
3.9282167e-16
7.2419061e-16
9.935781e-16
1.2134667e-15
1.3944364e-15
1.5421769e-15
1.6615999e-15
1.7554891e-15
1.8250323e-15
1.8706373e-15
1.8909436e-15
1.8848756e-15
1.8512257e-15
1.7896534e-15
1.7014971e-15
1.5888349e-15
1.4559596e-15
1.3079331e-15
1.15e-15
9.8854793e-16
8.2833238e-16
6.7413624e-16
5.299316e-16
3.9751762e-16
2.7908744e-16
1.7541e-16
8.7700495e-17
1.6137053e-17
-4.2139029e-17
-8.9497238e-17
-1.2690736e-16
-1.5471302e-16
-1.7399686e-16
-1.8626038e-16
-1.920821e-16
-1.9260827e-16
-1.8900105e-16
-1.8199854e-16
-1.7258866e-16
-1.6132061e-16
-1.4876896e-16
-1.3547663e-16
-1.2176238e-16
-1.081032e-16
-9.4683601e-17
-8.1964839e-17
-6.9797235e-17
-5.8219207e-17
-4.7832241e-17
-3.822602e-17
-2.9688409e-17
-2.2240187e-17
-1.5452138e-17
-9.5076182e-18
-4.5326956e-18
-2.8776661e-19
3.1239196e-18
5.8426084e-18
7.7289575e-18
9.0440205e-18
1.0025569e-17
1.0599477e-17
1.1040713e-17
1.0803894e-17
1.0389996e-17
1.0033811e-17
9.1250619e-18
8.1629594e-18
7.1179977e-18
6.2691265e-18
5.6800529e-18
4.6291863e-18
3.7471197e-18
2.8834457e-18
2.1567651e-18
1.6019998e-18
6.344475e-19
1.3919184e-20
-4.235884e-19
-9.4470656e-19
-1.2984037e-18
-1.7575605e-18
-2.1601069e-18
)
;
    }
    water_wedge2
    {
        type            wedge;
        value           nonuniform List<scalar> 
1000
(
-1.1294896e-13
-1.4266727e-13
-1.1216606e-13
-1.0631432e-13
-9.9364479e-14
-9.3390099e-14
-8.8675656e-14
-8.4954436e-14
-8.1973692e-14
-7.9472841e-14
-7.7269717e-14
-7.5230661e-14
-7.3260309e-14
-7.1273283e-14
-6.9174998e-14
-6.6852081e-14
-6.4132631e-14
-6.0810305e-14
-5.6660034e-14
-5.1416683e-14
-4.4795101e-14
-3.6644355e-14
-2.7085155e-14
-1.655836e-14
-5.8659894e-15
4.0477086e-15
1.2384067e-14
1.8675041e-14
2.2905376e-14
2.5302523e-14
2.6205212e-14
2.6018077e-14
2.5034831e-14
2.3528628e-14
2.1691908e-14
1.9682331e-14
1.7640074e-14
1.5594994e-14
1.3622237e-14
1.176087e-14
1.0010787e-14
8.3994129e-15
6.9374366e-15
5.6235229e-15
4.4442494e-15
3.408908e-15
2.5070887e-15
1.7200957e-15
1.0499666e-15
4.8559113e-16
2.2121367e-17
-3.576718e-16
-6.6335972e-16
-9.0173991e-16
-1.0750024e-15
-1.2017746e-15
-1.2814227e-15
-1.3174428e-15
-1.3237164e-15
-1.3037025e-15
-1.2590816e-15
-1.193477e-15
-1.1240318e-15
-1.0418242e-15
-9.500044e-16
-8.5464128e-16
-7.5913013e-16
-6.6636385e-16
-5.7864891e-16
-4.8999822e-16
-4.0804668e-16
-3.3135274e-16
-2.618635e-16
-2.0050448e-16
-1.4441848e-16
-1.0112595e-16
-6.1653417e-17
-1.8704587e-17
1.4700501e-17
3.6647231e-17
5.6632258e-17
7.1577913e-17
8.0083914e-17
8.5595866e-17
9.0946273e-17
9.3264614e-17
9.7647516e-17
9.3296209e-17
8.7518279e-17
8.2794926e-17
7.8063307e-17
6.8688209e-17
6.4090103e-17
6.1923766e-17
5.2239936e-17
4.3205053e-17
3.3809375e-17
3.1267775e-17
3.2223096e-17
2.2644804e-17
-6.8080749e-13
-1.0335389e-12
-8.3929102e-13
-7.9752634e-13
-7.4939338e-13
-7.0313251e-13
-6.6535267e-13
-6.3522072e-13
-6.1093441e-13
-5.9051955e-13
-5.7244692e-13
-5.5560106e-13
-5.3911911e-13
-5.2219371e-13
-5.0395928e-13
-4.8343253e-13
-4.5934291e-13
-4.3018665e-13
-3.9436214e-13
-3.5054472e-13
-2.9813165e-13
-2.3764958e-13
-1.7104101e-13
-1.0155015e-13
-3.3367694e-14
2.8936784e-14
8.1485048e-14
1.221537e-13
1.5065645e-13
1.6798563e-13
1.7588544e-13
1.7635271e-13
1.7126779e-13
1.6228677e-13
1.507379e-13
1.3768037e-13
1.2392877e-13
1.1004665e-13
9.6462166e-14
8.3454711e-14
7.1224057e-14
5.9908752e-14
4.9562713e-14
4.0206277e-14
3.1833384e-14
2.4427573e-14
1.7943704e-14
1.2329181e-14
7.5232402e-15
3.4728216e-15
1.2528153e-16
-2.6061887e-15
-4.7888107e-15
-6.4856286e-15
-7.754727e-15
-8.6433306e-15
-9.2077738e-15
-9.4851193e-15
-9.5240207e-15
-9.3641309e-15
-9.0486575e-15
-8.6120458e-15
-8.0732998e-15
-7.4718271e-15
-6.8230029e-15
-6.1464834e-15
-5.4711648e-15
-4.8016858e-15
-4.1512477e-15
-3.5277006e-15
-2.9434473e-15
-2.4072239e-15
-1.9135967e-15
-1.4697916e-15
-1.0695336e-15
-7.2089266e-16
-4.2205327e-16
-1.6106139e-16
5.8685221e-17
2.3464197e-16
3.7408451e-16
4.7954552e-16
5.6080425e-16
6.1736457e-16
6.3959674e-16
6.4981562e-16
6.4833176e-16
6.3345287e-16
6.0406006e-16
5.6628385e-16
5.3213131e-16
4.8600865e-16
4.3700499e-16
3.9344037e-16
3.5010688e-16
3.0299893e-16
2.5445096e-16
2.1511206e-16
1.8035916e-16
1.0841943e-16
3.1339204e-12
4.8023123e-12
3.9072393e-12
3.7113923e-12
3.4900598e-12
3.2689396e-12
3.0860225e-12
2.9387837e-12
2.8176216e-12
2.7124779e-12
2.615268e-12
2.5197168e-12
2.4205072e-12
2.3123571e-12
2.1894969e-12
2.0461158e-12
1.8774946e-12
1.6811016e-12
1.4574277e-12
1.2105525e-12
9.480949e-13
6.8017564e-13
4.1760921e-13
1.7021294e-13
-5.3285052e-14
-2.4553441e-13
-4.0217576e-13
-5.2206848e-13
-6.0640075e-13
-6.5809958e-13
-6.8131776e-13
-6.8087932e-13
-6.6175844e-13
-6.2865884e-13
-5.8577049e-13
-5.3663089e-13
-4.8411459e-13
-4.3049131e-13
-3.7747943e-13
-3.2634795e-13
-2.7798451e-13
-2.3299007e-13
-1.9171246e-13
-1.543288e-13
-1.2088069e-13
-9.1280101e-14
-6.5402948e-14
-4.3058461e-14
-2.4058447e-14
-8.178525e-15
4.9028175e-15
1.548425e-14
2.3851297e-14
3.0248093e-14
3.4904115e-14
3.8034256e-14
3.9838516e-14
4.054113e-14
4.0306432e-14
3.9313052e-14
3.7703772e-14
3.560668e-14
3.3178194e-14
3.0505466e-14
2.7690485e-14
2.4812974e-14
2.1923274e-14
1.9111279e-14
1.6407431e-14
1.3851816e-14
1.1465304e-14
9.2495203e-15
7.2466457e-15
5.4515654e-15
3.8671019e-15
2.4811023e-15
1.2752501e-15
2.6601144e-16
-5.7152263e-16
-1.2473091e-15
-1.7705858e-15
-2.1765431e-15
-2.4536573e-15
-2.6224217e-15
-2.7158674e-15
-2.732883e-15
-2.6939835e-15
-2.5997458e-15
-2.4653152e-15
-2.3122394e-15
-2.1348975e-15
-1.9515132e-15
-1.7560812e-15
-1.5512038e-15
-1.3561538e-15
-1.167619e-15
-9.9138724e-16
-8.2096349e-16
-6.5978228e-16
-3.8248976e-16
-3.7211469e-12
-5.4869268e-12
-4.4854175e-12
-4.2512596e-12
-3.987371e-12
-3.7244141e-12
-3.5031639e-12
-3.319521e-12
-3.1610761e-12
-3.0149831e-12
-2.8702718e-12
-2.7174923e-12
-2.5486696e-12
-2.3580365e-12
-2.1427136e-12
-1.9031527e-12
-1.6434557e-12
-1.3711219e-12
-1.0958675e-12
-8.2769145e-13
-5.7485808e-13
-3.4279415e-13
-1.342437e-13
4.9272332e-14
2.066526e-13
3.3753604e-13
4.4237345e-13
5.2197791e-13
5.7747059e-13
6.1047311e-13
6.231944e-13
6.1837972e-13
5.9907312e-13
5.684212e-13
5.2943856e-13
4.8486161e-13
4.3707675e-13
3.8803737e-13
3.393253e-13
2.9215481e-13
2.4740252e-13
2.0568421e-13
1.6739952e-13
1.3275333e-13
1.0181027e-13
7.4538249e-14
5.0815759e-14
3.0494233e-14
1.3377185e-14
-7.8890512e-16
-1.231456e-14
-2.1507918e-14
-2.8616723e-14
-3.3879228e-14
-3.7517242e-14
-3.9750525e-14
-4.0788745e-14
-4.0820823e-14
-4.0026402e-14
-3.8561711e-14
-3.6580398e-14
-3.4215554e-14
-3.157285e-14
-2.8760348e-14
-2.5861338e-14
-2.2948529e-14
-2.0090649e-14
-1.7328112e-14
-1.4700882e-14
-1.223594e-14
-9.9567998e-15
-7.8833933e-15
-6.0146615e-15
-4.352509e-15
-2.8935111e-15
-1.6316026e-15
-5.5851269e-16
3.387271e-16
1.0706059e-15
1.6492488e-15
2.0859277e-15
2.3991231e-15
2.6086886e-15
2.7250218e-15
2.7626547e-15
2.7356475e-15
2.6541064e-15
2.5353209e-15
2.3865571e-15
2.2153548e-15
2.0291844e-15
1.8307837e-15
1.6325272e-15
1.4379631e-15
1.2461794e-15
1.0604635e-15
8.8650459e-16
7.2645021e-16
5.8041307e-16
3.3216847e-16
-1.0858261e-12
-1.5239442e-12
-1.2531e-12
-1.181926e-12
-1.1008299e-12
-1.0209639e-12
-9.5197003e-13
-8.9178004e-13
-8.3604874e-13
-7.8041422e-13
-7.2162349e-13
-6.5787192e-13
-5.88783e-13
-5.1529433e-13
-4.3944304e-13
-3.639349e-13
-2.9151029e-13
-2.2431821e-13
-1.635893e-13
-1.0968218e-13
-6.2333357e-14
-2.1019076e-14
1.4665003e-14
4.5065581e-14
7.0530897e-14
9.1389296e-14
1.0791469e-13
1.2027823e-13
1.2863193e-13
1.331828e-13
1.3420846e-13
1.320935e-13
1.2729534e-13
1.2033151e-13
1.1173608e-13
1.0200844e-13
9.1621582e-14
8.0968956e-14
7.0381849e-14
6.0137112e-14
5.0421035e-14
4.1377977e-14
3.3103223e-14
2.5642687e-14
1.901443e-14
1.3209709e-14
8.2126061e-15
3.9854291e-15
4.6920238e-16
-2.4017753e-15
-4.7021599e-15
-6.4904168e-15
-7.8240687e-15
-8.7617486e-15
-9.3484495e-15
-9.6411384e-15
-9.6855537e-15
-9.5266137e-15
-9.2049376e-15
-8.7473594e-15
-8.1957278e-15
-7.5775825e-15
-6.9142501e-15
-6.2321012e-15
-5.5395655e-15
-4.8576623e-15
-4.2000342e-15
-3.5728333e-15
-2.9855773e-15
-2.4373398e-15
-1.9379659e-15
-1.4882449e-15
-1.0885117e-15
-7.3855699e-16
-4.3119885e-16
-1.7079562e-16
4.9516874e-17
2.2882497e-16
3.6885155e-16
4.8101499e-16
5.5608524e-16
6.0686783e-16
6.4342871e-16
6.5439927e-16
6.5237617e-16
6.3531799e-16
6.0512297e-16
5.7258141e-16
5.3146273e-16
4.9258305e-16
4.4599459e-16
3.9441894e-16
3.5071127e-16
3.0458568e-16
2.6378312e-16
2.201904e-16
1.7981006e-16
1.4869374e-16
1.1284415e-16
6.076495e-17
-1.5235291e-12
-2.0202534e-12
-1.6642515e-12
-1.5632236e-12
-1.4418416e-12
-1.3187419e-12
-1.2058568e-12
-1.0997888e-12
-9.9514814e-13
-8.8831304e-13
-7.7850221e-13
-6.6751005e-13
-5.5886019e-13
-4.564983e-13
-3.6346782e-13
-2.8125203e-13
-2.0991723e-13
-1.4863756e-13
-9.6211882e-14
-5.1343126e-14
-1.2892415e-14
1.9895995e-14
4.761031e-14
7.0808331e-14
8.9989116e-14
1.0552115e-13
1.1763138e-13
1.2643674e-13
1.3201564e-13
1.3447004e-13
1.3396683e-13
1.307676e-13
1.2521316e-13
1.1771873e-13
1.0873991e-13
9.872823e-14
8.8119442e-14
7.7293401e-14
6.6577376e-14
5.6240657e-14
4.6480832e-14
3.7440738e-14
2.9214011e-14
2.1853369e-14
1.5371225e-14
9.7576128e-15
4.9884173e-15
1.0157336e-15
-2.2355109e-15
-4.8457494e-15
-6.8838777e-15
-8.411795e-15
-9.4884918e-15
-1.0175602e-14
-1.0529484e-14
-1.0600611e-14
-1.0442171e-14
-1.0100104e-14
-9.6136287e-15
-9.0174078e-15
-8.3408202e-15
-7.6165787e-15
-6.8673421e-15
-6.1131775e-15
-5.3698557e-15
-4.645448e-15
-3.9557021e-15
-3.3095618e-15
-2.7120923e-15
-2.1647396e-15
-1.6672379e-15
-1.2254747e-15
-8.3824167e-16
-5.0110095e-16
-2.1279362e-16
3.080091e-17
2.3054235e-16
3.8934152e-16
5.1085267e-16
5.9957166e-16
6.5901121e-16
6.9349729e-16
7.1112411e-16
7.085352e-16
6.911e-16
6.6396193e-16
6.2594039e-16
5.8403519e-16
5.3724192e-16
4.8805903e-16
4.3748144e-16
3.8572439e-16
3.3764867e-16
2.8965601e-16
2.4414355e-16
2.0219633e-16
1.6344016e-16
1.2924839e-16
9.6622501e-17
5.0698377e-17
9.832025e-12
1.2244871e-11
9.7925807e-12
9.0793532e-12
8.2357955e-12
7.3209388e-12
6.4223984e-12
5.5553883e-12
4.7220554e-12
3.9327835e-12
3.2079177e-12
2.5666012e-12
2.017227e-12
1.5563705e-12
1.1734076e-12
8.5559781e-13
5.9100676e-13
3.6947338e-13
1.8287919e-13
2.5092676e-14
-1.0820294e-13
-2.2006817e-13
-3.1333755e-13
-3.9061554e-13
-4.5385428e-13
-5.0433217e-13
-5.4272694e-13
-5.693019e-13
-5.8414411e-13
-5.8739362e-13
-5.7945465e-13
-5.6111476e-13
-5.3357042e-13
-4.983671e-13
-4.572692e-13
-4.1212692e-13
-3.6473857e-13
-3.1674224e-13
-2.6954811e-13
-2.2429771e-13
-1.8186306e-13
-1.4285973e-13
-1.0767312e-13
-7.6496187e-14
-4.937289e-14
-2.6258225e-14
-6.9598086e-15
8.8690394e-15
2.1605437e-14
3.158024e-14
3.9080839e-14
4.4394526e-14
4.7810322e-14
4.9606195e-14
5.0043862e-14
4.9365605e-14
4.7789714e-14
4.5514393e-14
4.2714183e-14
3.9542705e-14
3.6133412e-14
3.2597943e-14
2.9030005e-14
2.5507933e-14
2.2094904e-14
1.8842125e-14
1.5786215e-14
1.2953433e-14
1.0360539e-14
8.0170916e-15
5.9270074e-15
4.0853375e-15
2.4825586e-15
1.107447e-15
-5.0417777e-17
-1.0006891e-15
-1.7573614e-15
-2.3388086e-15
-2.7663067e-15
-3.0590464e-15
-3.236209e-15
-3.3146351e-15
-3.3077115e-15
-3.2333857e-15
-3.1051303e-15
-2.9348422e-15
-2.735144e-15
-2.5156601e-15
-2.2843154e-15
-2.0480102e-15
-1.8123323e-15
-1.5819701e-15
-1.3586086e-15
-1.1456579e-15
-9.4631461e-16
-7.6315279e-16
-5.9674266e-16
-4.4765588e-16
-3.1985458e-16
-1.562845e-16
-2.1664383e-13
-2.7929186e-13
-2.0492103e-13
-1.7660104e-13
-1.5135455e-13
-1.2642914e-13
-1.0306268e-13
-8.2197846e-14
-6.4407352e-14
-4.9843583e-14
-3.8255452e-14
-2.9143174e-14
-2.1963408e-14
-1.6251545e-14
-1.1649039e-14
-7.892171e-15
-4.786591e-15
-2.1939252e-15
-2.4011434e-17
1.7925935e-15
3.3084123e-15
4.5671118e-15
5.6088857e-15
6.4648063e-15
7.1574256e-15
7.6993925e-15
8.0966343e-15
8.3499279e-15
8.457008e-15
8.4176621e-15
8.2344445e-15
7.9152084e-15
7.4741723e-15
6.9309867e-15
6.310806e-15
5.6388113e-15
4.9402489e-15
4.2389517e-15
3.5544037e-15
2.9039619e-15
2.2996057e-15
1.7489181e-15
1.2575592e-15
8.2748801e-16
4.5986693e-16
1.525482e-16
-1.0070808e-16
-3.0481855e-16
-4.6540564e-16
-5.8714442e-16
-6.7349844e-16
-7.3006728e-16
-7.6073058e-16
-7.6957322e-16
-7.6084351e-16
-7.3742203e-16
-7.0298951e-16
-6.6000079e-16
-6.1122142e-16
-5.5914068e-16
-5.0431709e-16
-4.4911037e-16
-3.9456954e-16
-3.4159111e-16
-2.9187032e-16
-2.4456349e-16
-2.0037129e-16
-1.5999016e-16
-1.2338459e-16
-9.1294082e-17
-6.2718832e-17
-3.7471676e-17
-1.5786973e-17
2.322767e-18
1.6980524e-17
2.8827975e-17
3.7875593e-17
4.4700076e-17
4.9444899e-17
5.2330217e-17
5.3491937e-17
5.3351791e-17
5.2661616e-17
5.0771346e-17
4.8152247e-17
4.5376343e-17
4.2183503e-17
3.8520018e-17
3.4699877e-17
3.1420496e-17
2.7949441e-17
2.4029464e-17
2.0783314e-17
1.8117956e-17
1.5363456e-17
1.2670209e-17
1.0394631e-17
8.3442115e-18
6.5369417e-18
4.581176e-18
-1.9757705e-12
-5.5527708e-12
-4.1251303e-12
-3.2301764e-12
-2.5097008e-12
-1.8982084e-12
-1.3933956e-12
-1.0034857e-12
-7.2027409e-13
-5.2074585e-13
-3.7985542e-13
-2.7783134e-13
-2.013468e-13
-1.4206725e-13
-9.4848009e-14
-5.6234887e-14
-2.4157303e-14
2.4676497e-15
2.4522423e-14
4.2749562e-14
5.7797168e-14
7.0218283e-14
8.0443436e-14
8.877398e-14
9.5412232e-14
1.0047233e-13
1.0398849e-13
1.0593486e-13
1.0625809e-13
1.0491509e-13
1.0190809e-13
9.7312241e-14
9.1285876e-14
8.4063771e-14
7.5937979e-14
6.722952e-14
5.8259186e-14
4.9323598e-14
4.0677499e-14
3.2524496e-14
2.5015636e-14
1.8249186e-14
1.227969e-14
7.1594301e-15
2.8770315e-15
-6.5770682e-16
-3.5360783e-15
-5.8269444e-15
-7.5790893e-15
-8.8458987e-15
-9.6857275e-15
-1.0161438e-14
-1.0331483e-14
-1.0249961e-14
-9.9665623e-15
-9.5251189e-15
-8.9656999e-15
-8.3219197e-15
-7.6232837e-15
-6.8947659e-15
-6.1556877e-15
-5.4242766e-15
-4.7133547e-15
-4.0339248e-15
-3.3947059e-15
-2.8000497e-15
-2.2549526e-15
-1.7612482e-15
-1.3194228e-15
-9.296363e-16
-5.8791757e-16
-2.9183558e-16
-4.0551867e-17
1.6633437e-16
3.3048848e-16
4.5751485e-16
5.5136622e-16
6.1665607e-16
6.5769746e-16
6.7780345e-16
6.8077057e-16
6.6898007e-16
6.4511573e-16
6.1222208e-16
5.7269308e-16
5.287601e-16
4.8203959e-16
4.3376419e-16
3.8553662e-16
3.3843568e-16
2.9285262e-16
2.4894128e-16
2.0754389e-16
1.693725e-16
1.3448113e-16
1.0332428e-16
7.5884843e-17
5.188973e-17
3.1880733e-17
1.3202693e-17
5.1320825e-13
1.0604838e-13
1.3673567e-14
-1.4045739e-14
-1.9624419e-14
-1.8329571e-14
-1.5182642e-14
-1.1901535e-14
-9.077739e-15
-6.824752e-15
-5.0709179e-15
-3.7049319e-15
-2.6290842e-15
-1.7700533e-15
-1.0739774e-15
-4.9850913e-16
-1.3344294e-17
3.92552e-16
7.2378296e-16
9.935575e-16
1.2140751e-15
1.3944342e-15
1.5423769e-15
1.6618039e-15
1.7555879e-15
1.825292e-15
1.8705694e-15
1.8909194e-15
1.8847968e-15
1.8512218e-15
1.7899696e-15
1.7016754e-15
1.5892387e-15
1.4562622e-15
1.3078387e-15
1.1501303e-15
9.8828003e-16
8.2820735e-16
6.7425594e-16
5.2967599e-16
3.9788687e-16
2.8002591e-16
1.7704927e-16
8.9435951e-17
1.7609921e-17
-4.0208466e-17
-8.7116435e-17
-1.2403028e-16
-1.5185687e-16
-1.7132794e-16
-1.8309999e-16
-1.888179e-16
-1.8945595e-16
-1.8581934e-16
-1.7893614e-16
-1.6939559e-16
-1.5801797e-16
-1.4541509e-16
-1.3204344e-16
-1.1842594e-16
-1.0476941e-16
-9.1442859e-17
-7.8421222e-17
-6.6198837e-17
-5.4994671e-17
-4.4385432e-17
-3.4884943e-17
-2.6244983e-17
-1.8433511e-17
-1.1833514e-17
-6.1358273e-18
-1.0391804e-18
3.2330173e-18
6.694617e-18
9.2791903e-18
1.1341999e-17
1.2840348e-17
1.3718339e-17
1.4195061e-17
1.4118203e-17
1.4134839e-17
1.3839804e-17
1.3090982e-17
1.2599894e-17
1.1960607e-17
1.1292746e-17
1.038022e-17
9.2098468e-18
8.5241916e-18
7.7073565e-18
6.9209343e-18
6.0672877e-18
5.1352468e-18
4.7388259e-18
4.1360155e-18
3.5043794e-18
3.1020652e-18
2.6599948e-18
2.4667059e-18
2.3071982e-18
)
;
    }
    water_to_rock
    {
        type            calculated;
        value           uniform 0;
    }
}


// ************************************************************************* //
