/*--------------------------------*- C++ -*----------------------------------*\
| =========                 |                                                 |
| \\      /  F ield         | OpenFOAM: The Open Source CFD Toolbox           |
|  \\    /   O peration     | Version:  2506                                  |
|   \\  /    A nd           | Website:  www.openfoam.com                      |
|    \\/     M anipulation  |                                                 |
\*---------------------------------------------------------------------------*/
FoamFile
{
    version     2.0;
    format      ascii;
    arch        "LSB;label=32;scalar=64";
    class       volScalarField;
    location    "9000/water";
    object      alphat;
}
// * * * * * * * * * * * * * * * * * * * * * * * * * * * * * * * * * * * * * //

dimensions      [1 -1 -1 0 0 0 0];

internalField   nonuniform List<scalar> 
6000
(
0.041292847
0.041292824
0.041292831
0.041292856
0.041292889
0.041292932
0.041292983
0.041293016
0.041292808
0.041290571
0.041271537
0.041111294
0.0397723
0.030564074
0.013464793
0.040788543
0.040788537
0.040788576
0.040788654
0.040788758
0.040788888
0.04078902
0.040788972
0.040787494
0.040776037
0.040696382
0.040161217
0.036863805
0.023766469
0.015141611
0.04033569
0.040335696
0.040335761
0.040335884
0.040336044
0.040336229
0.04033633
0.040335685
0.040330323
0.040296649
0.040097616
0.038983223
0.033614213
0.0194951
0.016360294
0.039926215
0.039926219
0.039926301
0.039926459
0.03992666
0.039926848
0.039926701
0.039924457
0.039910659
0.039835636
0.039448738
0.037597438
0.030384627
0.016783058
0.017196555
0.039553796
0.039553808
0.039553906
0.039554093
0.039554312
0.039554413
0.039553622
0.0395481
0.039519187
0.039379112
0.038737841
0.036066498
0.027427863
0.015063192
0.01773179
0.039213273
0.039213296
0.039213408
0.039213613
0.039213809
0.039213657
0.039211571
0.039200298
0.039147643
0.038916647
0.037965398
0.034462847
0.024852826
0.013984463
0.018040007
0.038900366
0.038900399
0.038900521
0.038900723
0.038900826
0.038900159
0.038895819
0.03887551
0.038788999
0.038441492
0.037140256
0.032849727
0.022675913
0.013336844
0.018183117
0.038611532
0.038611573
0.038611697
0.038611866
0.038611765
0.038610199
0.038602307
0.038568928
0.038437606
0.037950377
0.036275872
0.031274836
0.020870828
0.012994967
0.018210197
0.038343817
0.038343862
0.038343975
0.038344065
0.038343601
0.038340605
0.038327517
0.03827644
0.038089201
0.037442856
0.03538704
0.029770034
0.019396999
0.012882914
0.018158676
0.038094736
0.03809478
0.038094862
0.038094803
0.038093753
0.038088644
0.038068396
0.037994592
0.037740813
0.036920505
0.03448763
0.028354169
0.018213448
0.012953916
0.018056304
0.037862183
0.037862216
0.037862238
0.037861935
0.037860009
0.037851941
0.037822294
0.037720559
0.037390607
0.036386134
0.033589398
0.02703684
0.017284481
0.013178532
0.017923231
0.03764436
0.037644371
0.037644291
0.037643618
0.037640447
0.037628426
0.037586933
0.037452106
0.037037684
0.035843147
0.032701562
0.025821837
0.016581272
0.013537499
0.017773886
0.037439726
0.037439699
0.03743946
0.037438254
0.037433393
0.037416287
0.037360374
0.037187532
0.036681868
0.035295042
0.031830871
0.02470985
0.016081614
0.014017191
0.017618497
0.037246949
0.037246861
0.037246392
0.037244452
0.037237378
0.037213943
0.037140989
0.036925609
0.0363235
0.034745073
0.030981931
0.023700436
0.015768976
0.014606606
0.017464261
0.037064871
0.037064693
0.037063903
0.037060987
0.037051109
0.037020016
0.036927437
0.036665512
0.035963258
0.03419604
0.030157673
0.022793377
0.015631332
0.015295285
0.017316197
0.03689248
0.036892177
0.036890955
0.036886782
0.036873442
0.036833316
0.036718634
0.03640675
0.035602004
0.033650187
0.029359858
0.021989538
0.015659917
0.016071914
0.01717775
0.036728885
0.036728414
0.036726628
0.036720878
0.03670337
0.036652818
0.036513731
0.036149096
0.035240656
0.033109157
0.028589603
0.021291346
0.015847992
0.016923492
0.017051196
0.036573301
0.03657261
0.036570106
0.036562424
0.036540005
0.036477653
0.03631208
0.035892529
0.034880099
0.032574024
0.027847913
0.02070292
0.016189617
0.01783505
0.016937916
0.036425028
0.036424056
0.036420663
0.036410663
0.036382564
0.036307092
0.036113215
0.03563717
0.034521109
0.032045349
0.027136212
0.020229918
0.016678486
0.018789895
0.016838558
0.036283441
0.03628212
0.036277645
0.036264917
0.036230367
0.036140535
0.03591682
0.035383242
0.034164308
0.031523285
0.026456862
0.019879123
0.017306891
0.019770317
0.016753165
0.036147982
0.036146234
0.036140468
0.036124584
0.036082821
0.035977497
0.035722708
0.035131018
0.033810124
0.031007717
0.025813646
0.019657797
0.018064912
0.0207586
0.016681265
0.036018143
0.036015885
0.036008605
0.035989127
0.035939416
0.035817597
0.035530799
0.034880794
0.033458783
0.030498445
0.025212142
0.019572905
0.018939949
0.021738147
0.016621966
0.03589347
0.03589061
0.035881581
0.035858069
0.035799718
0.035660549
0.035341095
0.034632853
0.033110301
0.029995409
0.024659951
0.019630248
0.019916664
0.02269449
0.016574063
0.035773545
0.035769987
0.035758968
0.035730991
0.035663366
0.035506152
0.035153669
0.034387441
0.032764498
0.029498968
0.024166686
0.019833637
0.020977366
0.023616003
0.016536152
0.035657992
0.035653635
0.035640383
0.035607524
0.035530063
0.035354279
0.034968643
0.03414475
0.03242103
0.029010211
0.023743688
0.020184173
0.022102784
0.024494228
0.016506745
0.035546464
0.035541207
0.035525479
0.035487349
0.035399574
0.035204869
0.034786172
0.033904896
0.032079439
0.028531302
0.023403466
0.020679734
0.023273104
0.025323802
0.016484372
0.035438647
0.035432386
0.035413948
0.035370193
0.035271718
0.035057919
0.034606436
0.03366791
0.03173923
0.028065808
0.023158914
0.021314706
0.0244691
0.026102089
0.016467662
0.035334251
0.035326887
0.035305516
0.035255823
0.03514637
0.034913479
0.03442962
0.033433727
0.031399978
0.02761899
0.023022388
0.022080016
0.025673169
0.026828633
0.016455398
0.035233012
0.035224448
0.035199939
0.03514405
0.035023453
0.034771643
0.034255909
0.033202186
0.031061475
0.027197981
0.02300477
0.022963453
0.026870127
0.027504567
0.016446543
0.035134691
0.035124836
0.035097009
0.035034724
0.034902936
0.03463254
0.03408547
0.032973033
0.030723902
0.0268118
0.023114633
0.023950249
0.02804767
0.028132079
0.016440248
0.035039067
0.03502784
0.034996542
0.034927732
0.034784832
0.034496333
0.033918446
0.032745938
0.030388047
0.026471168
0.023357597
0.025023883
0.02919649
0.028713982
0.016435834
0.034945943
0.034933275
0.034898386
0.034822996
0.034669194
0.034363211
0.033754944
0.032520522
0.030055535
0.0261881
0.023735915
0.026166982
0.030310099
0.029253407
0.016432778
0.034855141
0.034840974
0.034802418
0.034720475
0.034556112
0.034233382
0.033595029
0.032296402
0.029729078
0.025975302
0.024248334
0.02736225
0.031384439
0.029753594
0.016430685
0.034766502
0.034750797
0.03470854
0.034620164
0.034445715
0.034107066
0.033438713
0.032073259
0.029412693
0.025845435
0.02489019
0.028593298
0.032417399
0.030217765
0.016429265
0.034679887
0.034662624
0.034616684
0.034522088
0.034338162
0.033984492
0.033285952
0.031850929
0.029111867
0.025810314
0.025653732
0.029845306
0.033408314
0.030649046
0.016428312
0.034595176
0.034576356
0.034526808
0.034426308
0.034233647
0.033865888
0.033136649
0.03162952
0.028833633
0.02588017
0.026528619
0.031105458
0.034357529
0.031050409
0.016427682
0.034512269
0.034491917
0.034438897
0.034332917
0.034132389
0.033751478
0.032990657
0.031409556
0.028586515
0.02606301
0.027502554
0.032363144
0.035266042
0.031424648
0.01642728
0.034431083
0.034409252
0.034352965
0.034242042
0.034034637
0.033641469
0.032847794
0.031192142
0.028380315
0.026364176
0.028561979
0.033609948
0.036135248
0.031774346
0.016427047
0.034351558
0.034328331
0.034269052
0.034153841
0.033940664
0.03353605
0.032707869
0.030979151
0.028225759
0.026786091
0.029692789
0.034839473
0.03696677
0.032101874
0.01642695
0.034273652
0.034249145
0.03418723
0.034068505
0.03385076
0.033435383
0.03257072
0.030773393
0.028133998
0.027328221
0.030880994
0.036047068
0.037762344
0.032409381
0.016426974
0.034197344
0.03417171
0.034107598
0.033986257
0.033765237
0.033339598
0.032436275
0.030578782
0.028116033
0.027987225
0.032113285
0.037229503
0.038523755
0.032698799
0.016427117
0.034122637
0.034096065
0.034030285
0.033907355
0.033684417
0.033248788
0.032304627
0.030400435
0.028182108
0.028757251
0.033377461
0.038384663
0.039252794
0.032971855
0.016427382
0.034049553
0.034022276
0.033955452
0.033832084
0.033608631
0.033163012
0.032176131
0.030244714
0.028341141
0.029630359
0.034662708
0.039511266
0.039951228
0.033230086
0.016427779
0.03397814
0.033950437
0.033883292
0.033760766
0.033538214
0.0330823
0.032051523
0.030119155
0.028600248
0.030597022
0.035959728
0.040608641
0.040620777
0.033474856
0.016428318
0.033908471
0.033880668
0.033814033
0.033693749
0.033473498
0.033006661
0.031932061
0.030032291
0.028964397
0.031646653
0.037260745
0.041676559
0.0412631
0.033707373
0.01642901
0.033840644
0.033813121
0.033747936
0.033631414
0.033414804
0.032936115
0.031819661
0.029993369
0.029436212
0.032768131
0.038559406
0.042715108
0.04187978
0.033928705
0.016429865
0.033774787
0.03374798
0.033685299
0.033574167
0.033362441
0.032870717
0.031717044
0.030011962
0.030015935
0.033950285
0.039850629
0.043724612
0.042472314
0.034139802
0.016430892
0.033711057
0.03368546
0.033626458
0.03352244
0.033316699
0.032810615
0.031627853
0.03009752
0.030701524
0.035182302
0.041130416
0.044705564
0.043042114
0.034341502
0.016432097
0.033649643
0.033625814
0.033571787
0.033476689
0.033277844
0.032756113
0.031556734
0.030258904
0.031488879
0.036454045
0.042395664
0.045658587
0.043590498
0.034534553
0.016433487
0.03359077
0.033569333
0.033521698
0.033437387
0.03324612
0.032707756
0.031509357
0.030503939
0.032372145
0.037756267
0.043643995
0.046584395
0.044118699
0.034719618
0.016435064
0.033534699
0.033516348
0.033476647
0.033405019
0.033221753
0.032666433
0.031492359
0.030839028
0.033344088
0.039080735
0.044873612
0.04748377
0.044627864
0.034897289
0.016436831
0.033481731
0.033467235
0.033437127
0.033380083
0.033204961
0.032633491
0.031513197
0.031268866
0.034396492
0.040420265
0.046083176
0.048357533
0.045119059
0.035068096
0.016438788
0.033432211
0.033422413
0.033403675
0.033363076
0.033195977
0.032610856
0.031579923
0.031796265
0.035520555
0.04176869
0.047271717
0.04920653
0.045593277
0.035232514
0.016440933
0.033386531
0.033382352
0.033376864
0.033354497
0.033195078
0.03260115
0.031700872
0.032422091
0.036707256
0.043120788
0.048438563
0.050031614
0.046051438
0.035390968
0.016443266
0.033345134
0.033347573
0.033357309
0.033354836
0.033202628
0.032607792
0.031884307
0.033145319
0.037947676
0.044472181
0.049583282
0.050833633
0.046494397
0.035543844
0.016445782
0.033308518
0.033318652
0.033345661
0.033364571
0.033219143
0.032635061
0.032138042
0.033963178
0.039233252
0.045819223
0.050705639
0.051613421
0.046922952
0.035691489
0.016448478
0.033277237
0.03329622
0.033342601
0.033384174
0.033245363
0.032688109
0.03246907
0.034871382
0.040555968
0.047158893
0.051805561
0.052371796
0.04733784
0.035834219
0.016451351
0.033251914
0.033280969
0.033348845
0.033414106
0.033282345
0.032772916
0.032883247
0.035864399
0.041908473
0.048488702
0.052883101
0.053109548
0.047739749
0.03597232
0.016454394
0.033233235
0.033273652
0.033365128
0.033454835
0.033331563
0.032896165
0.033385033
0.03693576
0.043284142
0.049806605
0.05393842
0.053827443
0.048129319
0.036106053
0.016457603
0.033221962
0.033275082
0.033392211
0.033506851
0.033395016
0.03306505
0.033977334
0.038078364
0.044677087
0.051110936
0.054971758
0.05452622
0.048507145
0.036235658
0.016460974
0.033218934
0.033286139
0.033430864
0.033570696
0.033475331
0.033287021
0.034661421
0.039284779
0.046082132
0.052400343
0.055983419
0.055206587
0.048873783
0.036361356
0.016464499
0.033225073
0.033307763
0.033481871
0.033647008
0.033575845
0.033569484
0.035436951
0.040547492
0.047494763
0.053673746
0.056973755
0.055869227
0.049229756
0.036483354
0.016468174
0.033241386
0.033340956
0.033546021
0.033736578
0.03370066
0.033919477
0.036302067
0.041859138
0.048911069
0.054930293
0.057943151
0.056514769
0.049575443
0.036601083
0.01647199
0.033268972
0.03338678
0.033624112
0.03384042
0.033854651
0.034343362
0.037253558
0.043212658
0.050327673
0.056169324
0.058892009
0.057143808
0.049911242
0.036714879
0.016475942
0.033309024
0.033446355
0.033716953
0.03395986
0.03404342
0.034846538
0.038287076
0.044601425
0.051741668
0.05739034
0.059820746
0.057756912
0.050237556
0.036825046
0.016480019
0.03336283
0.033520853
0.033825376
0.034096628
0.034273182
0.035433219
0.039397376
0.046019315
0.05315056
0.05859298
0.060729792
0.058354636
0.050554797
0.036931851
0.016484214
0.033431775
0.033611491
0.033950257
0.034252954
0.034550592
0.036106274
0.040578559
0.047460739
0.054552213
0.059776994
0.061619575
0.058937455
0.050862924
0.037035581
0.016488518
0.033517344
0.033719533
0.034092549
0.034431665
0.034882516
0.036867154
0.041824324
0.048920651
0.055944808
0.060942229
0.062490517
0.059505812
0.051162152
0.037136396
0.016492923
0.033621114
0.033846282
0.034253324
0.03463625
0.035275767
0.037715885
0.04312818
0.050394528
0.057326794
0.062088607
0.063343037
0.060060164
0.051452982
0.037234385
0.016497425
0.033744758
0.03399308
0.034433835
0.034870907
0.035736814
0.038651139
0.04448364
0.051878339
0.05869686
0.063216116
0.064177553
0.060600974
0.051735851
0.037329654
0.016502019
0.033890035
0.034161309
0.034635592
0.035140534
0.036271505
0.039670361
0.045884371
0.053368507
0.060053901
0.064324795
0.064994472
0.061128573
0.052011163
0.037422331
0.0165067
0.034058787
0.034352405
0.034860441
0.035450672
0.036884818
0.040769941
0.047324308
0.054861871
0.06139699
0.065414727
0.065794144
0.061642948
0.052279305
0.037512563
0.016511467
0.034252938
0.034567873
0.035110665
0.035807392
0.037580648
0.041945411
0.048797738
0.056355639
0.062725357
0.066486018
0.06657693
0.062144667
0.052540483
0.037600453
0.016516317
0.034474482
0.034809314
0.035389066
0.036217115
0.038361673
0.043191655
0.050299338
0.057847355
0.064038357
0.067538804
0.067343214
0.062634244
0.052794917
0.037686088
0.016521247
0.034725489
0.035078475
0.035699051
0.036686391
0.039229275
0.044503117
0.051824204
0.059334858
0.065335461
0.068573251
0.068093395
0.063112137
0.053042836
0.037769546
0.016526253
0.035008111
0.035377301
0.036044683
0.037221646
0.040183534
0.045873992
0.05336785
0.060816256
0.066616244
0.069589501
0.06882737
0.063578807
0.05328449
0.037850923
0.016531331
0.035324589
0.035708009
0.036430696
0.037828911
0.041223287
0.047298392
0.054926197
0.06228989
0.06788035
0.070587708
0.069545619
0.064034565
0.053520087
0.037930306
0.016536479
0.035677286
0.036073175
0.036862463
0.038513563
0.042346233
0.048770487
0.056495549
0.063754305
0.069127488
0.071568061
0.070248613
0.064479708
0.053749814
0.03800777
0.016541693
0.036068722
0.036475821
0.037345903
0.039280098
0.043549088
0.05028461
0.05807257
0.065208225
0.070357433
0.072530785
0.070936787
0.064914534
0.05397385
0.03808338
0.016546969
0.036501629
0.036919504
0.037887338
0.040131949
0.044827756
0.051835338
0.059654259
0.066650547
0.071569999
0.073475727
0.071610523
0.06533934
0.054192382
0.038157196
0.016552305
0.036979023
0.037408384
0.038493284
0.041071361
0.046177514
0.053417545
0.061237917
0.068080292
0.072765014
0.074403187
0.07227017
0.065754388
0.05440559
0.03822928
0.016557696
0.037504284
0.037947268
0.039170216
0.042099338
0.047593196
0.055026426
0.062821116
0.069496595
0.073942364
0.075313492
0.072916046
0.066159927
0.05461363
0.038299687
0.01656314
0.038081239
0.038541606
0.039924297
0.043215644
0.049069364
0.056657518
0.064401678
0.070898702
0.075101909
0.076206923
0.073548448
0.066556199
0.054816651
0.038368466
0.016568632
0.038714234
0.039197428
0.040761121
0.04441887
0.050600456
0.058306694
0.065977655
0.072285945
0.076243438
0.077083725
0.074167652
0.066943444
0.055014793
0.038435662
0.01657417
0.039408189
0.039921223
0.041685465
0.045706545
0.052180912
0.05997015
0.067547278
0.073657701
0.077366974
0.077944204
0.074773921
0.067321887
0.055208188
0.038501318
0.016579751
0.040168598
0.040719751
0.042701084
0.047075277
0.053805273
0.061644389
0.069108947
0.075013441
0.078472605
0.078788615
0.075367507
0.067691734
0.055396962
0.038565472
0.01658537
0.041001481
0.041599794
0.04381057
0.04852092
0.05546826
0.063326225
0.07066126
0.076352561
0.07956026
0.079617161
0.075948661
0.068053182
0.055581228
0.03862816
0.016591025
0.041913255
0.042567874
0.045015258
0.050038745
0.057164817
0.065012719
0.072202873
0.077674599
0.080630132
0.080430046
0.076517619
0.068406417
0.055761093
0.038689414
0.016596712
0.042910531
0.043629948
0.046315207
0.051623604
0.058890143
0.066701164
0.073732566
0.078979243
0.081682352
0.08122747
0.077074598
0.068751613
0.055936658
0.038749263
0.016602429
0.043999834
0.044791105
0.047709235
0.053270089
0.060639728
0.068389125
0.075249201
0.080266023
0.082716971
0.08200963
0.077619803
0.069088931
0.056108014
0.038807734
0.016608172
0.045187273
0.046055294
0.049195005
0.054972657
0.062409322
0.070074286
0.07675168
0.081534845
0.083734048
0.082776708
0.078153429
0.069418522
0.056275246
0.038864851
0.016613937
0.046478163
0.047425104
0.050769147
0.056725735
0.064194937
0.071754502
0.07823906
0.08278558
0.084733652
0.083528872
0.078675655
0.069740525
0.056438431
0.038920634
0.016619723
0.047876663
0.048901598
0.052427403
0.058523831
0.06599289
0.073427805
0.079710321
0.084018009
0.085715844
0.084266277
0.079186644
0.070055068
0.056597641
0.038975104
0.016625525
0.049385435
0.05048423
0.054164773
0.060361544
0.067799637
0.075092238
0.081164974
0.085231947
0.086680677
0.084989064
0.079686548
0.070362268
0.05675294
0.039028275
0.016631341
0.051005377
0.05217083
0.055975685
0.062233675
0.069611918
0.076745849
0.082602396
0.08642722
0.087628191
0.085697359
0.080175505
0.07066223
0.056904384
0.039080162
0.016637167
0.052735442
0.053957648
0.057854097
0.064135131
0.071426508
0.078387248
0.084021978
0.087603653
0.088558412
0.086391272
0.080653634
0.07095505
0.057052026
0.039130777
0.016643001
0.054572576
0.05583948
0.059793663
0.066061029
0.073240178
0.080015143
0.085423145
0.088761065
0.089471354
0.087070894
0.081121045
0.07124081
0.05719591
0.039180128
0.016648839
0.05651176
0.057809804
0.061787731
0.068006449
0.075050357
0.081628275
0.086805338
0.089899268
0.090367013
0.087736301
0.081577828
0.071519585
0.057336073
0.039228223
0.016654679
0.058546162
0.059860964
0.063829435
0.069966601
0.076854672
0.083225447
0.088168012
0.091018063
0.091245366
0.08838755
0.082024061
0.071791436
0.057472549
0.039275066
0.016660517
0.060667316
0.061984249
0.065911633
0.071937321
0.078650871
0.084805511
0.089510628
0.092117238
0.092106371
0.089024678
0.082459803
0.072056414
0.057605362
0.03932066
0.01666635
0.062865334
0.064170264
0.068027498
0.073914601
0.080436805
0.086367361
0.090832648
0.093196565
0.092949967
0.089647702
0.082885099
0.072314557
0.057734532
0.039365004
0.016672175
0.065129362
0.066409217
0.070170247
0.075894572
0.082210413
0.087909925
0.092133533
0.094255799
0.093776068
0.090256619
0.083299978
0.072565895
0.057860071
0.039408096
0.016677989
0.067447966
0.068691099
0.072333187
0.077873492
0.083969716
0.089432158
0.093412741
0.095294676
0.094584569
0.090851407
0.083704451
0.072810444
0.057981986
0.039449932
0.016683788
0.069809482
0.07100589
0.074509748
0.079847736
0.085712798
0.090933037
0.094669722
0.096312913
0.09537534
0.091432021
0.084098514
0.073048209
0.058100277
0.039490503
0.01668957
0.072202334
0.073343734
0.07669352
0.081813786
0.087437806
0.09241156
0.095903921
0.097310208
0.096148229
0.091998395
0.084482144
0.073279183
0.058214937
0.039529801
0.01669533
0.074615288
0.075695098
0.078878292
0.083768231
0.089142936
0.09386674
0.097114777
0.098286243
0.096903064
0.092550445
0.084855304
0.073503347
0.058325952
0.039567813
0.016701065
0.077037665
0.078050901
0.081058092
0.085707765
0.090826434
0.095297607
0.098301726
0.099240683
0.097639652
0.093088066
0.08521794
0.073720674
0.058433302
0.039604524
0.016706771
0.07945949
0.080402612
0.083227221
0.087629196
0.092486593
0.096703209
0.099464201
0.10017318
0.09835778
0.093611133
0.085569982
0.073931122
0.058536962
0.039639919
0.016712444
0.081871591
0.082742325
0.085380291
0.089529447
0.094121756
0.098082613
0.10060163
0.10108337
0.099057222
0.094119507
0.085911345
0.07413464
0.058636899
0.039673977
0.016718081
0.084265657
0.085062804
0.087512248
0.091405577
0.095730317
0.099434908
0.10171347
0.1019709
0.099737737
0.094613032
0.086241932
0.074331168
0.058733075
0.039706676
0.016723677
0.086634255
0.087357506
0.089618407
0.093254784
0.097310728
0.10075921
0.10279915
0.10283539
0.10039907
0.095091542
0.086561634
0.074520634
0.058825445
0.039737994
0.016729228
0.088970824
0.089620586
0.091694458
0.095074426
0.098861506
0.10205467
0.10385815
0.10367648
0.10104098
0.095554858
0.086870331
0.074702961
0.058913962
0.039767904
0.016734728
0.09126964
0.091846884
0.093736488
0.096862029
0.10038124
0.10332046
0.10488994
0.10449382
0.1016632
0.096002797
0.087167895
0.074878063
0.058998572
0.039796378
0.016740174
0.093525773
0.0940319
0.095740975
0.098615301
0.1018686
0.10455582
0.10589404
0.10528705
0.10226547
0.096435172
0.087454193
0.075045851
0.059079217
0.039823389
0.016745561
0.09573503
0.096171757
0.097704796
0.10033214
0.10332234
0.10576002
0.10686999
0.10605587
0.10284756
0.0968518
0.087729091
0.075206229
0.05915584
0.039848906
0.016750882
0.097893895
0.098263166
0.09962521
0.10201065
0.10474131
0.10693239
0.10781736
0.10679995
0.10340922
0.097252498
0.08799245
0.075359101
0.059228379
0.039872899
0.016756134
0.099999471
0.10030338
0.10149985
0.10364912
0.10612447
0.10807233
0.10873577
0.10751903
0.10395025
0.097637095
0.088244141
0.075504373
0.059296771
0.039895337
0.01676131
0.10204941
0.10229014
0.10332671
0.10524605
0.10747087
0.10917927
0.10962489
0.10821287
0.10447046
0.098005433
0.088484034
0.07564195
0.059360957
0.03991619
0.016766405
0.10404187
0.10422164
0.10510412
0.10680016
0.1087797
0.11025275
0.11048442
0.10888127
0.10496967
0.098357369
0.088712015
0.075771743
0.059420878
0.039935428
0.016771414
0.10597543
0.10609649
0.10683071
0.10831034
0.11005023
0.11129235
0.11131412
0.10952406
0.10544775
0.098692782
0.088927977
0.07589367
0.059476479
0.039953024
0.01677633
0.10784908
0.10791364
0.10850543
0.1097757
0.11128188
0.11229775
0.11211382
0.11014111
0.1059046
0.099011575
0.089131832
0.076007659
0.059527708
0.039968952
0.016781148
0.10966215
0.10967239
0.11012747
0.11119552
0.11247415
0.11326868
0.11288339
0.11073237
0.10634014
0.099313674
0.089323508
0.076113647
0.059574522
0.039983189
0.016785862
0.11141425
0.11137232
0.1116963
0.11256927
0.11362669
0.11420497
0.11362276
0.11129779
0.10675436
0.099599039
0.089502954
0.076211585
0.059616883
0.039995716
0.016790467
0.11310528
0.11301323
0.11321159
0.11389656
0.11473924
0.1151065
0.11433193
0.11183739
0.10714726
0.099867658
0.089670143
0.07630144
0.059654765
0.040006518
0.016794957
0.11473535
0.1145952
0.11467321
0.11517721
0.11581164
0.11597326
0.11501093
0.11235126
0.1075189
0.10011955
0.08982507
0.076383194
0.059688148
0.040015583
0.016799326
0.11630477
0.11611845
0.11608122
0.11641113
0.11684387
0.11680527
0.11565988
0.1128395
0.10786936
0.10035478
0.089967758
0.076456848
0.059717025
0.040022905
0.01680357
0.11781402
0.11758341
0.11743586
0.11759841
0.11783597
0.11760267
0.11627895
0.11330229
0.10819879
0.10057344
0.090098256
0.076522422
0.059741401
0.040028484
0.016807684
0.11926374
0.11899063
0.11873748
0.11873924
0.1187881
0.11836563
0.11686834
0.11373983
0.10850736
0.10077564
0.090216643
0.076579956
0.059761293
0.040032325
0.016811663
0.12065469
0.12034079
0.11998659
0.11983392
0.1197005
0.11909441
0.11742832
0.11415239
0.10879529
0.10096155
0.090323022
0.076629511
0.059776731
0.040034438
0.016815503
0.12198772
0.1216347
0.12118378
0.12088287
0.12057349
0.11978932
0.11795923
0.11454027
0.10906283
0.10113138
0.090417528
0.076671167
0.059787758
0.040034841
0.016819199
0.1232638
0.12287325
0.12232977
0.12188661
0.12140748
0.12045074
0.11846143
0.11490382
0.10931029
0.10128534
0.090500323
0.076705027
0.05979443
0.040033557
0.01682275
0.12448395
0.12405741
0.12342534
0.12284571
0.12220293
0.12107909
0.11893533
0.11524341
0.10953799
0.1014237
0.090571594
0.076731214
0.059796817
0.040030616
0.016826151
0.1256493
0.12518822
0.12447137
0.12376086
0.12296038
0.12167486
0.11938138
0.11555946
0.10974629
0.10154674
0.090631555
0.076749871
0.059795003
0.040026053
0.016829401
0.12676097
0.12626677
0.12546879
0.12463276
0.12368042
0.12223858
0.11980009
0.11585245
0.1099356
0.1016548
0.090680447
0.076761161
0.059789084
0.040019909
0.016832497
0.12782019
0.1272942
0.12641857
0.12546222
0.12436369
0.12277081
0.12019198
0.11612284
0.11010633
0.10174821
0.090718531
0.076765263
0.059779166
0.040012232
0.016835438
0.12882817
0.12827171
0.12732176
0.12625008
0.1250109
0.12327216
0.12055761
0.11637115
0.11025894
0.10182735
0.090746092
0.076762377
0.059765371
0.040003073
0.016838222
0.1297862
0.1292005
0.12817943
0.12699722
0.12562276
0.12374329
0.12089757
0.11659793
0.1103939
0.10189261
0.090763433
0.076752716
0.059747827
0.03999249
0.01684085
0.13069555
0.13008182
0.12899267
0.12770455
0.12620005
0.12418486
0.12121249
0.11680373
0.1105117
0.1019444
0.090770878
0.076736509
0.059726675
0.039980544
0.016843322
0.13155753
0.13091691
0.12976262
0.12837304
0.12674358
0.12459758
0.12150299
0.11698914
0.11061287
0.10198316
0.090768764
0.076713998
0.059702064
0.039967299
0.016845638
0.13237345
0.13170706
0.13049042
0.12900366
0.12725417
0.12498217
0.12176974
0.11715475
0.11069792
0.10200934
0.090757444
0.076685436
0.05967415
0.039952826
0.016847799
0.13314465
0.13245354
0.13117724
0.12959741
0.12773267
0.12533938
0.12201342
0.11730118
0.11076741
0.10202339
0.090737283
0.076651088
0.059643096
0.039937194
0.016849806
0.13387243
0.13315763
0.13182425
0.1301553
0.12817996
0.12566998
0.1222347
0.11742906
0.11082189
0.10202578
0.090708657
0.076611226
0.059609072
0.039920479
0.016851662
0.13455812
0.13382062
0.13243262
0.13067837
0.1285969
0.12597473
0.1224343
0.117539
0.11086191
0.10201699
0.090671946
0.076566128
0.059572251
0.039902756
0.016853369
0.13520305
0.1344438
0.13300354
0.13116765
0.12898441
0.12625444
0.12261291
0.11763167
0.11088806
0.10199751
0.090627543
0.07651608
0.059532809
0.039884101
0.01685493
0.13580853
0.13502843
0.1335382
0.13162418
0.12934338
0.12650988
0.12277125
0.1177077
0.11090089
0.10196783
0.090575839
0.076461368
0.059490926
0.039864592
0.016856347
0.13637585
0.13557579
0.13403776
0.13204901
0.12967472
0.12674186
0.12291005
0.11776773
0.110901
0.10192844
0.090517232
0.076402285
0.059446783
0.039844308
0.016857624
0.13690632
0.13608714
0.1345034
0.13244317
0.12997934
0.12695119
0.12303001
0.11781242
0.11088894
0.10187983
0.090452119
0.076339121
0.05940056
0.039823325
0.016858766
0.1374012
0.13656372
0.13493628
0.13280771
0.13025816
0.12713866
0.12313185
0.11784241
0.1108653
0.1018225
0.090380896
0.076272168
0.059352437
0.03980172
0.016859774
0.13786175
0.13700676
0.13533755
0.13314366
0.13051206
0.12730507
0.1232163
0.11785835
0.11083064
0.10175692
0.09030396
0.076201715
0.059302594
0.03977957
0.016860655
0.13828923
0.13741747
0.13570836
0.13345204
0.13074197
0.12745122
0.12328406
0.11786087
0.11078554
0.1016836
0.090221701
0.076128049
0.059251208
0.039756949
0.016861411
0.13868484
0.13779706
0.13604981
0.13373386
0.13094878
0.1275779
0.12333583
0.11785061
0.11073055
0.101603
0.090134506
0.076051454
0.059198452
0.03973393
0.016862048
0.13904981
0.13814669
0.13636303
0.13399013
0.13113336
0.12768589
0.12337233
0.11782819
0.11066622
0.1015156
0.090042758
0.075972208
0.059144497
0.039710583
0.016862571
0.13938531
0.13846754
0.1366491
0.13422185
0.13129661
0.12777597
0.12339423
0.11779423
0.1105931
0.10142187
0.089946829
0.075890583
0.059089508
0.039686976
0.016862983
0.13969251
0.13876072
0.1369091
0.13442997
0.13143937
0.12784891
0.12340222
0.11774934
0.11051173
0.10132226
0.089847087
0.075806846
0.059033648
0.039663176
0.016863289
0.13997253
0.13902737
0.13714407
0.13461547
0.13156252
0.12790546
0.12339697
0.11769412
0.11042263
0.10121722
0.08974389
0.075721257
0.058977071
0.039639246
0.016863495
0.14022651
0.13926856
0.13735505
0.13477927
0.13166688
0.12794637
0.12337914
0.11762914
0.11032631
0.10110718
0.089637587
0.075634067
0.05891993
0.039615245
0.016863605
0.14045552
0.13948537
0.13754305
0.13492232
0.13175328
0.12797235
0.12334938
0.11755499
0.11022328
0.10099258
0.089528518
0.07554552
0.058862369
0.039591232
0.016863624
0.14066063
0.13967884
0.13770905
0.13504551
0.13182253
0.12798413
0.12330832
0.11747222
0.11011402
0.10087382
0.089417011
0.07545585
0.058804526
0.03956726
0.016863557
0.14084289
0.13984999
0.13785404
0.13514972
0.13187543
0.12798242
0.12325658
0.11738139
0.10999902
0.1007513
0.089303385
0.075365285
0.058746535
0.039543381
0.016863408
0.14100331
0.13999981
0.13797895
0.13523584
0.13191274
0.12796789
0.12319478
0.11728303
0.10987874
0.10062543
0.089187947
0.075274041
0.05868852
0.039519643
0.016863183
0.14114288
0.14012928
0.1380847
0.13530469
0.13193523
0.12794123
0.1231235
0.11717767
0.10975363
0.10049656
0.089070992
0.075182326
0.058630603
0.03949609
0.016862885
0.14126257
0.14023935
0.13817219
0.13535712
0.13194364
0.12790308
0.12304332
0.1170658
0.10962413
0.10036508
0.088952805
0.075090338
0.058572896
0.039472766
0.016862519
0.1413633
0.14033092
0.13824229
0.13539392
0.1319387
0.12785409
0.12295481
0.11694792
0.10949066
0.10023132
0.088833657
0.074998265
0.058515504
0.039449709
0.01686209
0.14144601
0.1404049
0.13829587
0.13541589
0.1319211
0.12779488
0.12285851
0.11682451
0.10935362
0.10009563
0.08871381
0.074906286
0.058458528
0.039426953
0.016861602
0.14151156
0.14046215
0.13833374
0.13542377
0.13189153
0.12772606
0.12275496
0.11669603
0.10921343
0.099958335
0.088593511
0.074814571
0.058402061
0.039404533
0.016861059
0.14156083
0.14050353
0.13835671
0.13541833
0.13185067
0.12764822
0.12264467
0.11656293
0.10907045
0.099819738
0.088472997
0.074723278
0.05834619
0.039382479
0.016860465
0.14159464
0.14052984
0.13836556
0.13540027
0.13179915
0.12756193
0.12252815
0.11642565
0.10892505
0.099680141
0.088352493
0.074632558
0.058290994
0.039360816
0.016859825
0.14161382
0.14054189
0.13836105
0.1353703
0.13173762
0.12746774
0.12240588
0.1162846
0.10877759
0.099539826
0.088232211
0.074542552
0.058236549
0.03933957
0.016859141
0.14161914
0.14054045
0.13834392
0.1353291
0.13166668
0.12736621
0.12227833
0.11614019
0.1086284
0.099399066
0.088112353
0.074453391
0.058182919
0.039318742
0.016858419
0.14161137
0.14052625
0.13831487
0.13527733
0.13158693
0.12725785
0.12214596
0.11599279
0.10847781
0.099258117
0.087993107
0.074365189
0.058130142
0.039298216
0.01685766
0.14159124
0.14050003
0.1382746
0.13521563
0.13149894
0.12714317
0.1220092
0.1158428
0.10832612
0.099117224
0.087874649
0.074278056
0.058078267
0.039278046
0.016856868
0.14155946
0.14046249
0.13822377
0.13514461
0.13140326
0.12702265
0.12186848
0.11569057
0.10817364
0.098976616
0.087757142
0.074192092
0.058027343
0.039258278
0.016856046
0.14151673
0.1404143
0.13816304
0.13506487
0.13130044
0.12689678
0.12172421
0.11553644
0.10802064
0.098836512
0.087640738
0.074107369
0.057977288
0.039238975
0.016855195
0.1414637
0.1403561
0.13809301
0.13497699
0.13119099
0.126766
0.12157677
0.11538074
0.10786739
0.098697114
0.087525573
0.074023963
0.057928168
0.039220148
0.016854319
0.14140103
0.14028854
0.1380143
0.13488153
0.13107543
0.12663077
0.12142656
0.11522379
0.10771415
0.098558614
0.087411779
0.073941956
0.057880065
0.039201804
0.01685342
0.14132932
0.14021222
0.13792749
0.13477903
0.13095422
0.12649149
0.12127392
0.11506589
0.10756115
0.098421188
0.087299461
0.073861324
0.057833065
0.039183959
0.016852501
0.14124918
0.14012773
0.13783314
0.13467
0.13082784
0.12634859
0.12111922
0.11490732
0.10740862
0.098285
0.087188718
0.073782134
0.057787205
0.039166625
0.016851565
0.14116118
0.14003563
0.13773178
0.13455495
0.13069674
0.12620245
0.12096277
0.11474837
0.10725677
0.098150206
0.087079659
0.073704493
0.057742501
0.03914981
0.016850616
0.14106587
0.13993646
0.13762393
0.13443436
0.13056135
0.12605345
0.1208049
0.11458928
0.1071058
0.098016933
0.086972293
0.073628515
0.057698976
0.039133523
0.016849654
0.1409638
0.13983076
0.13751011
0.1343087
0.13042209
0.12590196
0.12064592
0.11443031
0.1069559
0.097885307
0.086866718
0.073554256
0.05765665
0.039117769
0.016848684
0.14085547
0.13971902
0.13739079
0.1341784
0.13027936
0.12574831
0.1204861
0.11427168
0.10680725
0.097755458
0.086763059
0.073481748
0.057615535
0.039102552
0.016847708
0.14074138
0.13960173
0.13726643
0.1340439
0.13013353
0.12559284
0.12032574
0.11411361
0.10665998
0.097627402
0.086661458
0.073411032
0.057575644
0.039087874
0.016846727
0.140622
0.13947936
0.13713748
0.13390562
0.12998499
0.12543588
0.12016509
0.11395631
0.10651424
0.097501298
0.086561973
0.073342135
0.057536988
0.039073736
0.016845744
0.14049779
0.13935235
0.13700436
0.13376394
0.12983408
0.12527771
0.12000439
0.11379995
0.10637015
0.097377302
0.08646466
0.073275083
0.057499572
0.039060137
0.016844761
0.14036918
0.13922113
0.1368675
0.13361925
0.12968114
0.12511862
0.11984388
0.11364472
0.10622782
0.097255536
0.086369573
0.073209898
0.057463398
0.039047076
0.01684378
0.1402366
0.13908612
0.13672727
0.1334719
0.12952649
0.1249589
0.11968377
0.11349077
0.10608743
0.09713608
0.086276757
0.073146594
0.057428469
0.039034548
0.016842801
0.14010044
0.1389477
0.13658406
0.13332225
0.12937044
0.12479879
0.11952427
0.11333821
0.10594914
0.097019014
0.086186249
0.073085185
0.057394781
0.039022549
0.016841828
0.1399611
0.13880626
0.13643822
0.13317063
0.12921328
0.12463853
0.11936554
0.11318725
0.10581306
0.096904404
0.086098084
0.073025679
0.057362331
0.039011073
0.016840861
0.13981893
0.13866216
0.1362901
0.13301734
0.12905527
0.12447835
0.11920775
0.11303808
0.1056793
0.096792314
0.086012288
0.072968079
0.057331111
0.039000114
0.016839902
0.13967429
0.13851574
0.13614003
0.1328627
0.12889668
0.12431844
0.11905113
0.11289084
0.10554796
0.096682795
0.085928882
0.072912386
0.057301113
0.038989664
0.016838952
0.13952752
0.13836733
0.13598832
0.13270697
0.12873775
0.12415901
0.11889588
0.11274566
0.10541911
0.096575895
0.085847884
0.072858596
0.057272326
0.038979716
0.016838012
0.13937894
0.13821724
0.13583526
0.13255042
0.12857867
0.1240003
0.11874215
0.11260266
0.10529284
0.096471655
0.085769303
0.072806704
0.057244737
0.03897026
0.016837083
0.13922884
0.13806576
0.13568112
0.13239328
0.12841972
0.12384252
0.11859012
0.11246196
0.10516922
0.096370106
0.085693147
0.072756699
0.057218331
0.038961288
0.016836167
0.13907751
0.13791317
0.13552615
0.13223582
0.12826113
0.12368585
0.11843992
0.11232365
0.1050483
0.096271278
0.085619418
0.072708569
0.057193094
0.038952789
0.016835263
0.13892522
0.13775973
0.13537061
0.13207828
0.12810311
0.12353048
0.1182917
0.11218784
0.10493015
0.09617519
0.085548112
0.072662298
0.057169007
0.038944754
0.016834373
0.13877222
0.13760569
0.13521477
0.13192089
0.12794586
0.12337658
0.11814557
0.11205461
0.10481481
0.09608186
0.085479225
0.072617869
0.057146052
0.038937171
0.016833499
0.13861875
0.1374513
0.13505885
0.13176389
0.12778959
0.1232243
0.11800167
0.11192402
0.10470232
0.095991298
0.085412746
0.072575262
0.057124209
0.038930031
0.016832639
0.13846506
0.1372968
0.13490308
0.13160747
0.12763447
0.12307378
0.11786009
0.11179617
0.10459272
0.095903509
0.085348661
0.072534453
0.057103459
0.038923322
0.016831795
0.13831138
0.13714241
0.13474769
0.13145184
0.12748068
0.12292517
0.11772094
0.11167109
0.10448603
0.095818494
0.085286953
0.07249542
0.057083778
0.038917033
0.016830968
0.13815792
0.13698835
0.13459287
0.13129718
0.12732837
0.1227786
0.11758431
0.11154886
0.10438227
0.09573625
0.085227602
0.072458134
0.057065146
0.038911152
0.016830158
0.13800489
0.13683482
0.13443883
0.13114368
0.1271777
0.12263418
0.11745027
0.11142951
0.10428146
0.095656768
0.085170585
0.072422569
0.057047539
0.038905667
0.016829365
0.13785249
0.13668202
0.13428574
0.13099149
0.12702881
0.12249201
0.1173189
0.11131309
0.10418361
0.095580037
0.085115877
0.072388696
0.057030932
0.038900568
0.01682859
0.13770091
0.13653013
0.13413378
0.13084078
0.12688182
0.12235221
0.11719028
0.11119963
0.10408874
0.095506041
0.085063448
0.072356483
0.057015303
0.038895842
0.016827833
0.13755032
0.13637932
0.13398311
0.13069169
0.12673687
0.12221486
0.11706445
0.11108916
0.10399682
0.09543476
0.085013269
0.072325898
0.057000627
0.038891478
0.016827094
0.13740089
0.13622976
0.1338339
0.13054436
0.12659406
0.12208005
0.11694147
0.11098169
0.10390788
0.095366171
0.084965306
0.072296908
0.056986878
0.038887464
0.016826374
0.13725278
0.1360816
0.13368627
0.13039891
0.1264535
0.12194785
0.11682139
0.11087726
0.10382188
0.095300248
0.084919526
0.072269479
0.056974032
0.038883789
0.016825673
0.13710614
0.13593499
0.13354038
0.13025547
0.12631529
0.12181833
0.11670425
0.11077586
0.10373883
0.095236962
0.08487589
0.072243577
0.056962062
0.03888044
0.01682499
0.13696111
0.13579006
0.13339634
0.13011415
0.12617951
0.12169156
0.11659007
0.11067751
0.10365871
0.095176281
0.084834361
0.072219164
0.056950944
0.038877406
0.016824326
0.13681782
0.13564694
0.13325427
0.12997505
0.12604624
0.12156758
0.1164789
0.1105822
0.10358149
0.095118172
0.084794899
0.072196206
0.056940652
0.038874675
0.016823682
0.1366764
0.13550575
0.13311429
0.12983826
0.12591557
0.12144645
0.11637074
0.11048993
0.10350715
0.095062597
0.084757463
0.072174665
0.05693116
0.038872237
0.016823056
0.13653694
0.13536661
0.13297649
0.12970387
0.12578755
0.12132821
0.11626561
0.1104007
0.10343567
0.095009518
0.084722011
0.072154504
0.056922443
0.03887008
0.01682245
0.13639957
0.1352296
0.13284097
0.12957196
0.12566224
0.1212129
0.11616353
0.11031449
0.10336701
0.094958894
0.0846885
0.072135685
0.056914474
0.038868193
0.016821862
0.13626438
0.13509483
0.13270782
0.12944261
0.12553971
0.12110054
0.11606449
0.11023128
0.10330115
0.094910683
0.084656885
0.072118171
0.056907229
0.038866565
0.016821294
0.13613145
0.13496238
0.1325771
0.12931587
0.12541998
0.12099115
0.11596851
0.11015106
0.10323804
0.094864839
0.084627123
0.072101923
0.056900682
0.038865186
0.016820744
0.13600088
0.13483233
0.13244891
0.12919181
0.12530312
0.12088477
0.11587558
0.1100738
0.10317765
0.094821319
0.084599166
0.072086904
0.056894808
0.038864044
0.016820213
0.13587274
0.13470476
0.13232329
0.12907048
0.12518914
0.12078139
0.11578569
0.10999947
0.10311994
0.094780074
0.084572969
0.072073076
0.056889583
0.03886313
0.016819701
0.13574709
0.13457973
0.13220031
0.12895193
0.12507808
0.12068104
0.11569882
0.10992806
0.10306487
0.094741057
0.084548487
0.072060401
0.056884982
0.038862433
0.016819207
0.135624
0.1344573
0.13208002
0.12883619
0.12496996
0.12058371
0.11561497
0.10985952
0.10301239
0.094704218
0.084525671
0.072048841
0.056880981
0.038861944
0.016818732
0.13550352
0.13433752
0.13196247
0.1287233
0.1248648
0.1204894
0.11553412
0.10979381
0.10296245
0.094669508
0.084504475
0.072038359
0.056877556
0.038861652
0.016818274
0.13538571
0.13422045
0.1318477
0.12861329
0.12476262
0.12039812
0.11545623
0.10973091
0.10291502
0.094636876
0.084484852
0.072028917
0.056874683
0.038861549
0.016817835
0.1352706
0.13410611
0.13173573
0.12850618
0.12466342
0.12030984
0.11538129
0.10967077
0.10287003
0.09460627
0.084466755
0.072020478
0.05687234
0.038861624
0.016817413
0.13515824
0.13399455
0.13162661
0.12840199
0.12456721
0.12022456
0.11530927
0.10961335
0.10282745
0.094577638
0.084450136
0.072013006
0.056870502
0.038861869
0.016817008
0.13504866
0.1338858
0.13152035
0.12830073
0.12447398
0.12014227
0.11524014
0.10955861
0.10278721
0.094550928
0.084434948
0.072006464
0.056869149
0.038862274
0.016816621
0.13494188
0.13377987
0.13141697
0.12820242
0.12438373
0.12006293
0.11517385
0.10950649
0.10274927
0.094526086
0.084421145
0.072000816
0.056868258
0.038862832
0.01681625
0.13483793
0.1336768
0.13131649
0.12810706
0.12429646
0.11998653
0.11511038
0.10945696
0.10271357
0.094503061
0.08440868
0.071996028
0.056867808
0.038863534
0.016815897
0.13473682
0.13357659
0.13121892
0.12801464
0.12421214
0.11991305
0.11504969
0.10940996
0.10268006
0.094481798
0.084397506
0.071992063
0.056867776
0.038864371
0.016815559
0.13463856
0.13347926
0.13112426
0.12792517
0.12413078
0.11984245
0.11499173
0.10936544
0.10264869
0.094462244
0.084387576
0.071988887
0.056868143
0.038865335
0.016815238
0.13454317
0.13338481
0.1310325
0.12783863
0.12405233
0.1197747
0.11493645
0.10932335
0.10261939
0.094444346
0.084378846
0.071986467
0.056868889
0.038866419
0.016814932
0.13445065
0.13329324
0.13094366
0.12775501
0.12397679
0.11970977
0.11488383
0.10928364
0.10259211
0.094428051
0.084371271
0.071984769
0.056869993
0.038867615
0.016814642
0.13436099
0.13320455
0.13085772
0.12767431
0.12390413
0.11964762
0.11483379
0.10924625
0.1025668
0.094413306
0.084364804
0.071983759
0.056871436
0.038868916
0.016814367
0.1342742
0.13311873
0.13077466
0.12759649
0.12383432
0.11958821
0.11478631
0.10921113
0.1025434
0.094400059
0.084359403
0.071983407
0.056873199
0.038870314
0.016814106
0.13419026
0.13303578
0.13069449
0.12752154
0.12376732
0.1195315
0.11474133
0.10917822
0.10252186
0.094388256
0.084355023
0.07198368
0.056875264
0.038871804
0.01681386
0.13410917
0.13295568
0.13061717
0.12744944
0.12370311
0.11947744
0.11469879
0.10914746
0.10250211
0.094377846
0.084351622
0.071984548
0.056877613
0.038873377
0.016813628
0.1340309
0.13287842
0.13054268
0.12738015
0.12364164
0.11942599
0.11465864
0.10911881
0.1024841
0.094368778
0.084349158
0.07198598
0.056880229
0.038875028
0.01681341
0.13395544
0.13280397
0.13047101
0.12731365
0.12358288
0.11937711
0.11462084
0.1090922
0.10246777
0.094361001
0.084347589
0.071987947
0.056883095
0.03887675
0.016813205
0.13388277
0.13273231
0.13040213
0.1272499
0.1235268
0.11933075
0.11458532
0.10906757
0.10245308
0.094354464
0.084346873
0.07199042
0.056886195
0.038878538
0.016813013
0.13381286
0.13266341
0.130336
0.12718886
0.12347334
0.11928685
0.11455204
0.10904488
0.10243995
0.094349118
0.084346972
0.071993371
0.056889511
0.038880385
0.016812834
0.13374569
0.13259725
0.1302726
0.12713051
0.12342246
0.11924536
0.11452093
0.10902405
0.10242835
0.094344914
0.084347845
0.071996773
0.05689303
0.038882287
0.016812668
0.13368123
0.1325338
0.13021189
0.1270748
0.12337411
0.11920624
0.11449194
0.10900503
0.1024182
0.094341802
0.084349455
0.072000597
0.056896737
0.038884237
0.016812513
0.13361945
0.13247302
0.13015383
0.12702169
0.12332826
0.11916943
0.11446501
0.10898777
0.10240946
0.094339737
0.084351763
0.07200482
0.056900615
0.03888623
0.01681237
0.1335603
0.13241488
0.13009839
0.12697113
0.12328484
0.11913487
0.11444008
0.10897221
0.10240208
0.09433867
0.084354732
0.072009414
0.056904653
0.038888262
0.016812239
0.13350376
0.13235934
0.13004552
0.12692309
0.12324382
0.11910251
0.1144171
0.10895828
0.10239599
0.094338555
0.084358327
0.072014356
0.056908835
0.038890327
0.016812118
0.13344978
0.13230635
0.12999518
0.12687751
0.12320513
0.1190723
0.11439601
0.10894594
0.10239116
0.094339347
0.084362511
0.072019622
0.056913149
0.038892422
0.016812008
0.13339833
0.13225588
0.12994734
0.12683434
0.12316873
0.11904418
0.11437675
0.10893512
0.10238751
0.094341002
0.084367251
0.072025186
0.056917582
0.038894541
0.016811909
0.13334936
0.13220789
0.12990193
0.12679354
0.12313456
0.11901809
0.11435926
0.10892578
0.10238501
0.094343474
0.084372512
0.072031028
0.056922121
0.03889668
0.016811819
0.13330283
0.13216232
0.12985892
0.12675506
0.12310256
0.11899397
0.11434349
0.10891784
0.10238361
0.094346723
0.084378261
0.072037125
0.056926755
0.038898835
0.016811739
0.13325869
0.13211914
0.12981825
0.12671884
0.12307269
0.11897178
0.11432937
0.10891127
0.10238324
0.094350704
0.084384467
0.072043456
0.056931473
0.038901002
0.016811668
0.13321689
0.1320783
0.12977988
0.12668484
0.12304489
0.11895144
0.11431686
0.10890599
0.10238387
0.094355378
0.084391098
0.072049999
0.056936263
0.038903177
0.016811606
0.1331774
0.13203974
0.12974376
0.12665299
0.1230191
0.1189329
0.11430588
0.10890197
0.10238544
0.094360703
0.084398123
0.072056735
0.056941114
0.038905357
0.016811553
0.13314016
0.13200341
0.12970983
0.12662325
0.12299526
0.11891611
0.11429639
0.10889914
0.1023879
0.094366642
0.084405513
0.072063645
0.056946017
0.038907538
0.016811508
0.13310512
0.13196927
0.12967804
0.12659555
0.12297333
0.11890101
0.11428833
0.10889745
0.10239122
0.094373155
0.084413241
0.07207071
0.056950961
0.038909717
0.016811471
0.13307222
0.13193727
0.12964835
0.12656986
0.12295323
0.11888754
0.11428165
0.10889685
0.10239534
0.094380205
0.084421277
0.072077911
0.056955938
0.038911891
0.016811441
0.13304143
0.13190735
0.12962069
0.1265461
0.12293492
0.11887564
0.11427628
0.1088973
0.10240023
0.094387756
0.084429596
0.072085232
0.056960938
0.038914057
0.016811419
0.13301268
0.13187946
0.12959501
0.12652423
0.12291834
0.11886526
0.11427218
0.10889873
0.10240582
0.094395774
0.084438171
0.072092657
0.056965953
0.038916212
0.016811404
0.13298592
0.13185355
0.12957126
0.12650419
0.12290344
0.11885634
0.11426929
0.10890111
0.1024121
0.094404224
0.084446978
0.072100169
0.056970975
0.038918353
0.016811395
0.13296111
0.13182956
0.12954938
0.12648593
0.12289015
0.11884883
0.11426755
0.10890438
0.10241901
0.094413074
0.084455993
0.072107753
0.056975997
0.038920478
0.016811393
0.13293818
0.13180745
0.12952932
0.12646938
0.12287843
0.11884267
0.11426693
0.10890849
0.10242651
0.09442229
0.084465193
0.072115395
0.056981011
0.038922586
0.016811397
0.13291709
0.13178715
0.12951103
0.1264545
0.12286821
0.11883781
0.11426736
0.10891341
0.10243456
0.094431844
0.084474555
0.072123082
0.05698601
0.038924673
0.016811406
0.13289777
0.13176861
0.12949445
0.12644122
0.12285944
0.1188342
0.11426879
0.10891908
0.10244314
0.094441704
0.084484059
0.072130799
0.056990988
0.038926737
0.016811421
0.13288019
0.13175178
0.12947952
0.1264295
0.12285206
0.11883177
0.11427118
0.10892546
0.10245219
0.094451842
0.084493684
0.072138535
0.056995939
0.038928778
0.016811442
0.13286428
0.1317366
0.12946619
0.12641928
0.12284603
0.11883049
0.11427448
0.10893252
0.10246168
0.09446223
0.08450341
0.072146277
0.057000857
0.038930792
0.016811467
0.13284998
0.13172302
0.12945441
0.1264105
0.12284129
0.11883029
0.11427864
0.1089402
0.10247159
0.094472841
0.084513219
0.072154013
0.057005736
0.038932779
0.016811497
0.13283725
0.13171099
0.12944412
0.12640311
0.12283779
0.11883114
0.11428362
0.10894846
0.10248187
0.094483648
0.084523091
0.072161734
0.057010572
0.038934737
0.016811531
0.13282603
0.13170045
0.12943527
0.12639706
0.12283547
0.11883296
0.11428936
0.10895727
0.10249249
0.094494628
0.08453301
0.072169428
0.057015358
0.038936664
0.01681157
0.13281627
0.13169135
0.1294278
0.12639229
0.12283427
0.11883573
0.11429582
0.10896659
0.10250342
0.094505754
0.084542959
0.072177085
0.057020092
0.038938559
0.016811612
0.13280791
0.13168363
0.12942166
0.12638875
0.12283416
0.11883939
0.11430297
0.10897638
0.10251463
0.094517004
0.084552921
0.072184695
0.057024767
0.038940421
0.016811659
0.1328009
0.13167724
0.1294168
0.12638638
0.12283508
0.11884389
0.11431075
0.1089866
0.10252609
0.094528355
0.084562881
0.07219225
0.057029381
0.038942249
0.016811708
0.13279518
0.13167213
0.12941316
0.12638514
0.12283697
0.11884918
0.11431912
0.10899722
0.10253777
0.094539785
0.084572824
0.072199741
0.057033928
0.038944041
0.016811761
0.13279071
0.13166824
0.12941069
0.12638498
0.12283979
0.11885523
0.11432805
0.1090082
0.10254964
0.094551273
0.084582737
0.072207159
0.057038405
0.038945797
0.016811817
0.13278744
0.13166552
0.12940934
0.12638583
0.1228435
0.11886198
0.1143375
0.1090195
0.10256168
0.094562799
0.084592604
0.072214498
0.05704281
0.038947515
0.016811875
0.1327853
0.13166393
0.12940906
0.12638766
0.12284804
0.11886939
0.11434741
0.1090311
0.10257385
0.094574343
0.084602415
0.072221748
0.057047136
0.038949187
0.016811936
0.13278426
0.13166341
0.1294098
0.12639042
0.12285336
0.11887742
0.11435777
0.10904297
0.10258614
0.094585888
0.084612155
0.072228904
0.057051381
0.038950808
0.016812
0.13278426
0.13166391
0.12941151
0.12639405
0.12285943
0.11888602
0.11436852
0.10905506
0.10259852
0.094597416
0.084621815
0.072235958
0.057055541
0.038952382
0.016812065
0.13278525
0.13166539
0.12941414
0.12639851
0.1228662
0.11889517
0.11437964
0.10906736
0.10261096
0.09460891
0.084631382
0.072242904
0.057059612
0.038953911
0.016812132
0.13278719
0.13166779
0.12941765
0.12640375
0.12287362
0.11890481
0.11439109
0.10907984
0.10262345
0.094620353
0.084640847
0.072249735
0.057063582
0.038955398
0.016812201
0.13279002
0.13167107
0.12942199
0.12640974
0.12288165
0.11891491
0.11440284
0.10909246
0.10263596
0.094631732
0.084650199
0.072256445
0.057067455
0.038956841
0.016812271
0.13279371
0.13167518
0.1294271
0.12641642
0.12289026
0.11892543
0.11441486
0.10910521
0.10264847
0.094643032
0.08465943
0.07226303
0.057071232
0.03895824
0.016812342
0.1327982
0.13168009
0.12943296
0.12642376
0.1228994
0.11893634
0.11442712
0.10911805
0.10266097
0.09465424
0.084668529
0.072269478
0.057074916
0.038959595
0.016812414
0.13280346
0.13168573
0.12943952
0.12643171
0.12290903
0.11894761
0.11443958
0.10913097
0.10267344
0.094665342
0.08467749
0.072275786
0.057078506
0.038960909
0.016812487
0.13280943
0.13169208
0.12944673
0.12644023
0.12291912
0.11895919
0.11445222
0.10914394
0.10268586
0.094676328
0.084686304
0.072281956
0.057082
0.038962179
0.01681256
0.13281608
0.13169908
0.12945455
0.12644928
0.12292963
0.11897106
0.11446501
0.10915693
0.10269821
0.094687184
0.08469496
0.072287989
0.057085397
0.038963408
0.016812635
0.13282337
0.13170671
0.12946294
0.12645883
0.12294052
0.11898319
0.11447792
0.10916994
0.10271047
0.0946979
0.084703451
0.072293882
0.057088699
0.038964595
0.016812709
0.13283125
0.13171491
0.12947187
0.12646883
0.12295177
0.11899555
0.11449094
0.10918293
0.10272264
0.094708467
0.084711777
0.072299634
0.057091903
0.038965741
0.016812785
0.13283969
0.13172365
0.1294813
0.12647926
0.12296333
0.1190081
0.11450403
0.10919589
0.1027347
0.094718869
0.084719936
0.072305243
0.057095012
0.038966847
0.01681286
0.13284865
0.1317329
0.12949118
0.12649007
0.12297518
0.11902082
0.11451718
0.10920881
0.10274664
0.0947291
0.084727926
0.072310708
0.057098023
0.038967913
0.016812935
0.13285809
0.1317426
0.12950149
0.12650123
0.12298728
0.11903368
0.11453036
0.10922165
0.10275843
0.094739155
0.084735741
0.072316026
0.057100939
0.03896894
0.016813011
0.13286797
0.13175274
0.12951218
0.12651271
0.12299961
0.11904666
0.11454354
0.10923442
0.10277007
0.094749031
0.084743379
0.072321197
0.05710376
0.038969927
0.016813087
0.13287825
0.13176326
0.12952322
0.12652447
0.12301213
0.11905973
0.11455671
0.10924708
0.10278154
0.094758722
0.084750837
0.072326221
0.057106485
0.038970876
0.016813162
0.13288891
0.13177414
0.12953458
0.12653649
0.12302482
0.11907287
0.11456985
0.10925962
0.10279285
0.094768221
0.084758111
0.072331097
0.057109116
0.038971787
0.016813237
0.13289991
0.13178535
0.12954623
0.12654874
0.12303764
0.11908604
0.11458294
0.10927203
0.10280398
0.094777525
0.0847652
0.072335824
0.057111653
0.038972661
0.016813312
0.13291122
0.13179685
0.12955814
0.12656118
0.12305058
0.11909924
0.11459595
0.1092843
0.10281492
0.094786627
0.084772102
0.072340403
0.057114096
0.038973498
0.016813386
0.1329228
0.13180861
0.12957027
0.12657378
0.12306361
0.11911243
0.11460887
0.10929641
0.10282567
0.094795524
0.084778814
0.072344834
0.057116448
0.038974299
0.01681346
0.13293462
0.1318206
0.1295826
0.12658652
0.12307669
0.1191256
0.11462169
0.10930836
0.10283622
0.094804212
0.084785337
0.072349118
0.057118708
0.038975064
0.016813534
0.13294666
0.13183279
0.12959509
0.12659938
0.12308982
0.11913872
0.11463439
0.10932014
0.10284656
0.094812688
0.084791669
0.072353254
0.057120878
0.038975794
0.016813606
0.13295889
0.13184515
0.12960772
0.12661232
0.12310295
0.11915178
0.11464696
0.10933173
0.10285669
0.094820949
0.08479781
0.072357244
0.057122958
0.03897649
0.016813678
0.13297127
0.13185766
0.12962047
0.12662531
0.12311608
0.11916476
0.11465939
0.10934314
0.1028666
0.094828993
0.084803759
0.072361089
0.057124951
0.038977151
0.016813749
0.13298378
0.13187029
0.1296333
0.12663835
0.12312918
0.11917764
0.11467166
0.10935434
0.1028763
0.094836818
0.084809517
0.07236479
0.057126857
0.038977779
0.016813819
0.1329964
0.131883
0.12964619
0.1266514
0.12314224
0.11919043
0.11468377
0.10936534
0.10288576
0.094844423
0.084815085
0.072368349
0.057128677
0.038978375
0.016813888
0.1330091
0.13189579
0.12965913
0.12666445
0.12315524
0.11920309
0.11469571
0.10937612
0.102895
0.094851808
0.084820463
0.072371767
0.057130414
0.038978939
0.016813956
0.13302186
0.13190862
0.12967208
0.12667747
0.12316816
0.11921561
0.11470746
0.10938669
0.102904
0.094858971
0.084825654
0.072375046
0.057132068
0.038979471
0.016814023
0.13303464
0.13192148
0.12968503
0.12669045
0.12318099
0.11922799
0.11471902
0.10939703
0.10291277
0.094865914
0.084830657
0.072378187
0.057133642
0.038979974
0.016814089
0.13304745
0.13193433
0.12969796
0.12670338
0.12319371
0.11924021
0.11473037
0.10940714
0.10292131
0.094872636
0.084835475
0.072381195
0.057135137
0.038980447
0.016814154
0.13306024
0.13194717
0.12971085
0.12671623
0.12320632
0.11925227
0.11474152
0.10941702
0.1029296
0.094879138
0.08484011
0.072384069
0.057136555
0.038980891
0.016814218
0.13307301
0.13195998
0.12972369
0.12672898
0.12321878
0.11926414
0.11475245
0.10942666
0.10293766
0.09488542
0.084844564
0.072386813
0.057137897
0.038981307
0.01681428
0.13308573
0.13197273
0.12973645
0.12674163
0.1232311
0.11927583
0.11476316
0.10943606
0.10294548
0.094891486
0.084848839
0.072389428
0.057139165
0.038981696
0.016814341
0.13309839
0.13198541
0.12974911
0.12675416
0.12324327
0.11928732
0.11477365
0.10944522
0.10295307
0.094897334
0.084852936
0.072391918
0.057140361
0.038982059
0.016814401
0.13311097
0.131998
0.12976168
0.12676656
0.12325526
0.11929861
0.1147839
0.10945414
0.10296041
0.094902967
0.084856859
0.072394284
0.057141487
0.038982396
0.016814459
0.13312345
0.13201049
0.12977413
0.12677881
0.12326707
0.11930968
0.11479391
0.10946281
0.10296751
0.094908387
0.08486061
0.072396528
0.057142544
0.038982708
0.016814517
0.13313583
0.13202287
0.12978644
0.1267909
0.1232787
0.11932054
0.11480369
0.10947123
0.10297437
0.094913595
0.08486419
0.072398654
0.057143534
0.038982996
0.016814572
0.13314808
0.13203512
0.12979861
0.12680283
0.12329012
0.11933116
0.11481322
0.1094794
0.102981
0.094918594
0.084867603
0.072400662
0.057144458
0.03898326
0.016814627
0.1331602
0.13204722
0.12981062
0.12681457
0.12330134
0.11934156
0.1148225
0.10948732
0.10298739
0.094923384
0.084870851
0.072402556
0.057145317
0.038983501
0.01681468
0.13317218
0.13205918
0.12982246
0.12682613
0.12331235
0.11935172
0.11483153
0.10949498
0.10299354
0.094927969
0.084873937
0.072404337
0.057146115
0.038983719
0.016814732
0.13318399
0.13207096
0.12983413
0.12683749
0.12332314
0.11936164
0.11484031
0.1095024
0.10299946
0.094932352
0.084876863
0.072406009
0.057146851
0.038983916
0.016814782
0.13319564
0.13208258
0.12984561
0.12684864
0.1233337
0.11937132
0.11484883
0.10950957
0.10300514
0.094936534
0.084879632
0.072407573
0.057147528
0.038984092
0.016814831
0.13320711
0.13209402
0.1298569
0.12685958
0.12334403
0.11938075
0.11485711
0.10951649
0.1030106
0.094940519
0.084882247
0.072409033
0.057148147
0.038984247
0.016814878
0.1332184
0.13210526
0.12986799
0.12687031
0.12335412
0.11938993
0.11486512
0.10952316
0.10301583
0.094944311
0.084884712
0.07241039
0.05714871
0.038984382
0.016814924
0.13322949
0.13211631
0.12987887
0.12688081
0.12336398
0.11939886
0.11487288
0.10952958
0.10302083
0.094947912
0.084887031
0.072411648
0.057149219
0.038984498
0.016814968
0.13324039
0.13212715
0.12988954
0.12689109
0.1233736
0.11940754
0.11488039
0.10953576
0.10302562
0.094951328
0.084889207
0.072412809
0.057149675
0.038984596
0.016815011
0.13325108
0.13213779
0.12989999
0.12690114
0.12338297
0.11941597
0.11488765
0.1095417
0.10303018
0.094954563
0.084891244
0.072413878
0.057150081
0.038984676
0.016815053
0.13326156
0.13214821
0.12991021
0.12691095
0.1233921
0.11942415
0.11489466
0.10954741
0.10303454
0.094957621
0.084893146
0.072414857
0.057150439
0.03898474
0.016815093
0.13327183
0.13215841
0.12992021
0.12692053
0.12340098
0.11943207
0.11490143
0.10955288
0.10303869
0.094960507
0.084894919
0.07241575
0.057150752
0.038984787
0.016815131
0.13328187
0.13216839
0.12992998
0.12692987
0.12340962
0.11943975
0.11490795
0.10955813
0.10304264
0.094963227
0.084896566
0.072416561
0.05715102
0.03898482
0.016815168
0.13329169
0.13217815
0.12993952
0.12693896
0.12341801
0.11944718
0.11491423
0.10956315
0.10304639
0.094965784
0.084898092
0.072417292
0.057151248
0.038984838
0.016815204
0.13330129
0.13218767
0.12994882
0.12694782
0.12342616
0.11945437
0.11492027
0.10956795
0.10304995
0.094968185
0.084899502
0.072417948
0.057151436
0.038984844
0.016815238
0.13331065
0.13219695
0.12995788
0.12695643
0.12343405
0.11946131
0.11492607
0.10957254
0.10305332
0.094970433
0.084900799
0.072418533
0.057151587
0.038984838
0.016815272
0.13331977
0.132206
0.1299667
0.12696479
0.1234417
0.119468
0.11493164
0.10957691
0.10305651
0.094972534
0.084901989
0.072419048
0.057151704
0.03898482
0.016815303
0.13332866
0.13221481
0.12997528
0.12697291
0.1234491
0.11947445
0.11493699
0.10958107
0.10305951
0.094974491
0.084903073
0.072419497
0.057151787
0.038984792
0.016815334
0.1333373
0.13222337
0.1299836
0.12698078
0.12345625
0.11948066
0.1149421
0.10958503
0.10306234
0.094976307
0.084904057
0.072419883
0.057151838
0.038984754
0.016815363
0.13334569
0.13223168
0.12999168
0.12698839
0.12346315
0.11948662
0.11494698
0.10958878
0.103065
0.094977986
0.084904941
0.072420206
0.057151859
0.038984707
0.016815391
0.13335384
0.13223975
0.1299995
0.12699575
0.1234698
0.11949235
0.11495165
0.10959233
0.10306749
0.094979531
0.084905729
0.07242047
0.05715185
0.038984651
0.016815418
0.13336173
0.13224756
0.13000707
0.12700286
0.1234762
0.11949783
0.11495608
0.10959569
0.10306981
0.094980943
0.084906422
0.072420674
0.057151812
0.038984585
0.016815444
0.13336937
0.13225511
0.13001439
0.12700971
0.12348235
0.11950308
0.1149603
0.10959884
0.10307196
0.094982225
0.084907022
0.072420821
0.057151745
0.038984512
0.016815469
0.13337676
0.13226242
0.13002145
0.12701631
0.12348825
0.11950808
0.11496429
0.1096018
0.10307395
0.094983378
0.08490753
0.07242091
0.05715165
0.038984429
0.016815492
0.1333839
0.13226947
0.13002825
0.12702266
0.12349391
0.11951285
0.11496807
0.10960457
0.10307578
0.094984405
0.084907948
0.072420942
0.057151526
0.038984337
0.016815514
0.13339079
0.13227627
0.13003481
0.12702876
0.12349932
0.11951739
0.11497163
0.10960715
0.10307745
0.094985309
0.084908277
0.072420919
0.057151375
0.038984236
0.016815535
0.13339743
0.13228283
0.13004112
0.12703461
0.12350449
0.1195217
0.11497499
0.10960955
0.10307896
0.094986091
0.08490852
0.072420842
0.057151195
0.038984126
0.016815554
0.13340383
0.13228914
0.13004718
0.12704021
0.12350942
0.11952579
0.11497814
0.10961176
0.10308033
0.094986758
0.08490868
0.072420713
0.057150989
0.038984007
0.016815573
0.13341
0.13229521
0.13005301
0.12704559
0.12351413
0.11952966
0.11498109
0.10961381
0.10308156
0.094987312
0.08490876
0.072420533
0.057150758
0.038983879
0.01681559
0.13341593
0.13230105
0.1300586
0.12705073
0.12351861
0.11953333
0.11498386
0.10961569
0.10308264
0.094987761
0.084908765
0.072420307
0.057150503
0.038983743
0.016815606
0.13342164
0.13230667
0.13006397
0.12705565
0.12352288
0.11953679
0.11498644
0.10961741
0.1030836
0.094988112
0.084908701
0.072420039
0.057150227
0.038983599
0.01681562
0.13342713
0.13231206
0.13006912
0.12706036
0.12352694
0.11954006
0.11498885
0.10961898
0.10308444
0.094988371
0.084908574
0.072419733
0.057149933
0.03898345
0.016815634
0.1334324
0.13231724
0.13007405
0.12706486
0.12353081
0.11954315
0.1149911
0.10962042
0.10308517
0.094988548
0.084908391
0.072419394
0.057149624
0.038983295
0.016815646
0.13343746
0.13232221
0.13007878
0.12706915
0.12353448
0.11954606
0.1149932
0.10962173
0.1030858
0.094988651
0.08490816
0.072419029
0.057149303
0.038983137
0.016815657
0.13344231
0.13232697
0.13008331
0.12707325
0.12353797
0.11954881
0.11499515
0.10962292
0.10308633
0.094988689
0.084907889
0.072418642
0.057148975
0.038982978
0.016815668
0.13344696
0.13233153
0.13008763
0.12707716
0.12354128
0.11955139
0.11499696
0.109624
0.10308678
0.094988668
0.084907582
0.072418241
0.057148644
0.038982819
0.016815677
0.1334514
0.13233588
0.13009175
0.12708088
0.12354442
0.11955382
0.11499864
0.10962497
0.10308715
0.094988597
0.084907248
0.072417828
0.057148312
0.038982662
0.016815686
0.13345563
0.13234003
0.13009568
0.12708441
0.12354739
0.1195561
0.1150002
0.10962585
0.10308745
0.094988479
0.08490689
0.072417408
0.057147982
0.038982508
0.016815695
0.13345965
0.13234397
0.13009941
0.12708775
0.12355018
0.11955823
0.11500163
0.10962662
0.10308768
0.094988317
0.084906511
0.072416984
0.057147655
0.038982358
0.016815703
0.13346346
0.13234771
0.13010293
0.1270909
0.12355279
0.1195602
0.11500293
0.1096273
0.10308784
0.094988113
0.084906111
0.072416555
0.057147333
0.038982214
0.016815711
0.13346705
0.13235122
0.13010624
0.12709385
0.12355523
0.11956202
0.1150041
0.10962787
0.10308793
0.094987864
0.08490569
0.07241612
0.057147014
0.038982074
0.016815718
0.13347042
0.13235453
0.13010935
0.12709661
0.12355749
0.11956368
0.11500514
0.10962835
0.10308795
0.094987567
0.084905243
0.072415678
0.057146696
0.038981938
0.016815725
0.13347357
0.13235761
0.13011224
0.12709916
0.12355956
0.11956518
0.11500604
0.10962871
0.10308788
0.094987217
0.084904766
0.072415223
0.057146377
0.038981804
0.016815731
0.13347651
0.13236047
0.13011492
0.12710151
0.12356144
0.11956651
0.1150068
0.10962895
0.10308773
0.094986806
0.084904253
0.072414749
0.057146052
0.038981671
0.016815737
0.13347922
0.13236312
0.13011739
0.12710365
0.12356313
0.11956766
0.11500741
0.10962908
0.10308748
0.094986328
0.084903696
0.072414251
0.057145716
0.038981536
0.016815743
0.13348173
0.13236556
0.13011965
0.1271056
0.12356463
0.11956864
0.11500788
0.10962908
0.10308713
0.094985776
0.084903088
0.072413723
0.057145365
0.038981397
0.016815747
0.13348404
0.1323678
0.13012171
0.12710734
0.12356594
0.11956946
0.11500819
0.10962895
0.10308668
0.094985146
0.084902424
0.072413158
0.057144994
0.038981251
0.016815751
0.13348616
0.13236985
0.13012358
0.1271089
0.12356708
0.11957011
0.11500835
0.1096287
0.10308613
0.094984434
0.084901701
0.072412554
0.0571446
0.038981096
0.016815754
0.13348812
0.13237173
0.13012527
0.12711029
0.12356805
0.1195706
0.11500838
0.10962833
0.10308548
0.094983643
0.084900917
0.072411907
0.057144181
0.03898093
0.016815755
0.13348992
0.13237346
0.13012681
0.12711153
0.12356888
0.11957096
0.11500828
0.10962785
0.10308474
0.094982777
0.084900076
0.072411219
0.057143736
0.038980751
0.016815755
0.1334916
0.13237506
0.13012822
0.12711263
0.12356957
0.11957119
0.11500807
0.10962728
0.10308391
0.094981846
0.084899184
0.072410495
0.057143268
0.038980562
0.016815753
0.13349317
0.13237655
0.13012952
0.12711361
0.12357016
0.11957133
0.11500777
0.10962662
0.10308302
0.094980863
0.084898252
0.072409742
0.057142782
0.038980362
0.016815751
0.13349466
0.13237795
0.13013072
0.12711452
0.12357066
0.11957139
0.11500741
0.10962592
0.10308209
0.094979846
0.084897294
0.072408971
0.057142283
0.038980154
0.016815747
0.13349608
0.13237927
0.13013186
0.12711535
0.1235711
0.1195714
0.11500701
0.10962518
0.10308113
0.094978814
0.084896328
0.072408194
0.057141781
0.038979942
0.016815742
0.13349744
0.13238055
0.13013294
0.12711614
0.1235715
0.11957138
0.11500659
0.10962443
0.10308018
0.094977791
0.084895372
0.072407428
0.057141286
0.038979731
0.016815736
0.13349874
0.13238177
0.13013398
0.12711689
0.12357189
0.11957136
0.11500618
0.10962371
0.10307926
0.094976799
0.084894448
0.072406689
0.057140809
0.038979526
0.01681573
0.1335
0.13238295
0.13013499
0.12711762
0.12357226
0.11957134
0.11500579
0.10962302
0.10307838
0.094975857
0.084893573
0.072405993
0.057140362
0.038979333
0.016815725
0.1335012
0.13238408
0.13013596
0.12711833
0.12357264
0.11957134
0.11500543
0.10962238
0.10307756
0.094974984
0.084892765
0.072405353
0.057139954
0.038979157
0.016815719
0.13350233
0.13238515
0.13013688
0.12711901
0.123573
0.11957136
0.11500512
0.1096218
0.10307682
0.09497419
0.084892034
0.07240478
0.057139594
0.038979002
0.016815714
0.13350336
0.13238613
0.13013773
0.12711965
0.12357335
0.11957139
0.11500485
0.10962129
0.10307615
0.094973482
0.084891388
0.072404281
0.057139287
0.038978873
0.01681571
0.13350427
0.132387
0.1301385
0.12712023
0.12357367
0.11957141
0.1150046
0.10962082
0.10307556
0.094972856
0.084890827
0.072403857
0.057139034
0.038978772
0.016815708
0.13350503
0.13238774
0.13013915
0.12712072
0.12357393
0.11957141
0.11500435
0.10962039
0.10307502
0.094972302
0.084890342
0.072403502
0.057138834
0.0389787
0.016815707
0.13350561
0.13238831
0.13013965
0.12712108
0.12357409
0.11957135
0.11500408
0.10961996
0.10307451
0.094971799
0.084889916
0.072403205
0.05713868
0.038978655
0.016815707
0.13350598
0.13238868
0.13013997
0.12712129
0.12357413
0.1195712
0.11500376
0.10961951
0.10307401
0.094971321
0.084889529
0.072402949
0.05713856
0.038978633
0.016815709
0.13350611
0.13238882
0.13014008
0.12712131
0.12357402
0.11957092
0.11500334
0.109619
0.10307348
0.094970835
0.08488915
0.072402709
0.05713846
0.038978628
0.016815712
0.133506
0.13238873
0.13013996
0.12712112
0.12357371
0.11957049
0.11500279
0.10961839
0.10307287
0.094970306
0.084888747
0.07240246
0.057138357
0.038978628
0.016815715
0.13350564
0.13238838
0.1301396
0.12712069
0.12357319
0.11956986
0.11500208
0.10961765
0.10307217
0.094969698
0.084888286
0.07240217
0.057138228
0.038978615
0.016815718
0.13350504
0.13238779
0.13013899
0.12712003
0.12357244
0.11956902
0.11500118
0.10961675
0.10307132
0.094968977
0.084887737
0.072401811
0.057138053
0.038978578
0.016815719
0.13350421
0.13238696
0.13013814
0.12711912
0.12357145
0.11956796
0.11500008
0.10961566
0.10307031
0.094968117
0.084887072
0.072401363
0.057137811
0.038978507
0.016815719
0.1335032
0.13238594
0.13013709
0.127118
0.12357024
0.11956668
0.11499876
0.10961437
0.10306913
0.094967101
0.084886273
0.072400806
0.057137492
0.038978396
0.016815717
0.13350205
0.13238477
0.13013586
0.12711669
0.12356884
0.11956519
0.11499725
0.10961289
0.10306776
0.094965921
0.084885331
0.072400134
0.057137093
0.038978244
0.016815712
0.13350081
0.1323835
0.13013451
0.12711524
0.12356728
0.11956354
0.11499556
0.10961124
0.10306623
0.094964583
0.084884249
0.072399347
0.057136613
0.03897805
0.016815703
0.13349956
0.13238219
0.1301331
0.1271137
0.12356561
0.11956177
0.11499373
0.10960944
0.10306455
0.094963105
0.084883041
0.072398457
0.057136061
0.03897782
0.016815692
0.13349837
0.13238091
0.13013169
0.12711214
0.12356389
0.11955992
0.11499182
0.10960754
0.10306276
0.094961519
0.084881734
0.072397485
0.05713545
0.038977558
0.016815678
0.1334973
0.13237974
0.13013037
0.12711064
0.12356221
0.11955808
0.11498989
0.1096056
0.10306091
0.094959867
0.084880364
0.07239646
0.057134803
0.038977277
0.016815661
0.13349641
0.13237874
0.13012919
0.12710925
0.12356062
0.11955632
0.11498801
0.10960369
0.10305908
0.094958207
0.08487898
0.072395419
0.057134144
0.038976986
0.016815643
0.13349575
0.13237796
0.13012822
0.12710806
0.1235592
0.1195547
0.11498625
0.10960189
0.10305732
0.094956601
0.08487763
0.072394407
0.057133504
0.038976704
0.016815623
0.13349535
0.13237743
0.1301275
0.12710711
0.12355801
0.1195533
0.11498469
0.10960026
0.10305571
0.094955118
0.084876373
0.072393463
0.057132914
0.038976444
0.016815603
0.13349523
0.13237719
0.13012706
0.12710644
0.1235571
0.11955217
0.1149834
0.10959887
0.10305432
0.094953828
0.084875273
0.072392637
0.0571324
0.038976215
0.016815585
0.13349538
0.13237722
0.13012692
0.12710607
0.12355649
0.11955135
0.11498241
0.10959779
0.10305322
0.094952793
0.084874391
0.072391976
0.057131991
0.038976027
0.016815568
0.13349576
0.13237751
0.13012704
0.127106
0.12355621
0.11955086
0.11498176
0.10959704
0.10305244
0.094952062
0.084873775
0.072391526
0.057131721
0.038975894
0.016815554
0.13349632
0.13237799
0.1301274
0.12710619
0.12355622
0.1195507
0.11498146
0.10959664
0.10305201
0.09495166
0.084873452
0.072391314
0.057131613
0.038975831
0.016815545
0.13349697
0.13237861
0.13012793
0.1271066
0.12355648
0.11955082
0.11498146
0.10959657
0.10305192
0.094951587
0.08487343
0.072391349
0.057131676
0.038975851
0.016815541
0.13349763
0.13237926
0.13012854
0.12710714
0.12355692
0.11955117
0.11498174
0.1095968
0.10305213
0.094951814
0.084873686
0.072391618
0.057131906
0.038975958
0.016815543
0.13349819
0.13237985
0.13012914
0.12710771
0.12355746
0.11955165
0.11498219
0.10959724
0.10305258
0.094952284
0.084874173
0.072392086
0.057132282
0.038976146
0.01681555
0.13349854
0.13238026
0.13012961
0.12710822
0.12355797
0.11955218
0.11498273
0.1095978
0.10305318
0.094952912
0.084874817
0.072392695
0.057132768
0.038976404
0.016815563
0.13349858
0.13238039
0.13012985
0.12710854
0.12355836
0.11955263
0.11498324
0.10959837
0.10305381
0.094953599
0.084875525
0.072393361
0.057133305
0.038976709
0.016815579
0.13349823
0.13238015
0.13012975
0.12710857
0.12355852
0.11955289
0.1149836
0.10959884
0.10305437
0.094954238
0.084876199
0.072394001
0.057133827
0.038977021
0.016815598
0.13349739
0.13237946
0.13012922
0.12710822
0.12355832
0.11955285
0.11498371
0.10959909
0.10305475
0.094954725
0.084876745
0.072394535
0.057134266
0.038977297
0.016815616
0.13349605
0.13237826
0.13012821
0.1271074
0.1235577
0.11955241
0.11498345
0.10959901
0.10305485
0.094954958
0.084877073
0.07239489
0.057134577
0.038977506
0.016815633
0.13349421
0.13237657
0.13012671
0.1271061
0.1235566
0.11955152
0.11498278
0.10959854
0.10305458
0.09495487
0.084877124
0.072395024
0.057134737
0.038977645
0.016815646
)
;

boundaryField
{
    water_inlet
    {
        type            calculated;
        value           uniform 0.041850807;
    }
    water_outlet
    {
        type            calculated;
        value           nonuniform List<scalar> 
15
(
0.13349421
0.13237657
0.13012671
0.1271061
0.1235566
0.11955152
0.11498278
0.10959854
0.10305458
0.09495487
0.084877124
0.072395024
0.057134737
0.038977645
0.016815646
)
;
    }
    water_wedge1
    {
        type            wedge;
    }
    water_wedge2
    {
        type            wedge;
    }
    water_to_rock
    {
        type            compressible::alphatWallFunction;
        value           nonuniform List<scalar> 
400
(
0.0015669952
0.0018471873
0.0020481781
0.0021849324
0.0022719934
0.0023219691
0.0023451352
0.002349516
0.0023411805
0.0023246084
0.0023030479
0.0022788257
0.0022535946
0.0022285216
0.0022044242
0.0021818671
0.0021612267
0.0021427337
0.0021265001
0.0021125379
0.0021007745
0.0020910676
0.0020832228
0.0020770122
0.0020721935
0.0020685265
0.0020657873
0.0020637767
0.0020623249
0.0020612926
0.0020605688
0.0020600677
0.0020597245
0.0020594917
0.0020593354
0.002059232
0.002059166
0.0020591278
0.002059112
0.002059116
0.0020591394
0.0020591829
0.0020592479
0.0020593363
0.0020594498
0.00205959
0.0020597584
0.0020599561
0.002060184
0.0020604427
0.0020607324
0.0020610532
0.002061405
0.0020617874
0.0020622
0.0020626421
0.0020631131
0.0020636121
0.0020641383
0.0020646908
0.0020652687
0.0020658712
0.0020664969
0.0020671447
0.002067813
0.0020685006
0.002069206
0.0020699281
0.002070666
0.0020714189
0.0020721861
0.0020729673
0.0020737621
0.0020745699
0.0020753902
0.0020762224
0.0020770658
0.00207792
0.0020787845
0.0020796586
0.0020805418
0.0020814336
0.0020823333
0.0020832404
0.0020841544
0.0020850748
0.0020860009
0.0020869323
0.0020878685
0.0020888089
0.002089753
0.0020907003
0.0020916503
0.0020926025
0.0020935564
0.0020945114
0.0020954671
0.0020964231
0.0020973787
0.0020983334
0.0020992868
0.0021002383
0.0021011874
0.0021021335
0.0021030761
0.0021040145
0.0021049482
0.0021058765
0.0021067987
0.0021077142
0.0021086223
0.0021095221
0.002110413
0.0021112941
0.0021121645
0.0021130235
0.00211387
0.0021147033
0.0021155224
0.0021163264
0.0021171143
0.0021178851
0.0021186381
0.0021193722
0.0021200866
0.0021207805
0.0021214531
0.0021221036
0.0021227313
0.0021233357
0.0021239161
0.0021244721
0.0021250033
0.0021255094
0.00212599
0.0021264452
0.0021268748
0.0021272787
0.0021276572
0.0021280104
0.0021283385
0.0021286418
0.0021289208
0.0021291759
0.0021294075
0.0021296162
0.0021298027
0.0021299676
0.0021301115
0.0021302351
0.0021303392
0.0021304246
0.0021304919
0.002130542
0.0021305757
0.0021305937
0.0021305968
0.0021305858
0.0021305615
0.0021305246
0.0021304759
0.0021304161
0.002130346
0.0021302662
0.0021301775
0.0021300805
0.0021299758
0.0021298641
0.002129746
0.002129622
0.0021294926
0.0021293582
0.0021292192
0.002129076
0.0021289291
0.0021287789
0.002128626
0.0021284708
0.0021283137
0.0021281552
0.0021279956
0.0021278353
0.0021276746
0.002127514
0.0021273535
0.0021271937
0.0021270346
0.0021268765
0.0021267198
0.0021265645
0.0021264108
0.002126259
0.0021261092
0.0021259615
0.0021258161
0.0021256731
0.0021255326
0.0021253947
0.0021252595
0.002125127
0.0021249974
0.0021248707
0.002124747
0.0021246262
0.0021245085
0.0021243939
0.0021242823
0.0021241738
0.0021240684
0.0021239662
0.002123867
0.002123771
0.0021236781
0.0021235882
0.0021235014
0.0021234177
0.0021233369
0.0021232592
0.0021231844
0.0021231126
0.0021230436
0.0021229775
0.0021229141
0.0021228536
0.0021227957
0.0021227406
0.002122688
0.002122638
0.0021225906
0.0021225456
0.002122503
0.0021224628
0.0021224249
0.0021223892
0.0021223557
0.0021223244
0.0021222951
0.0021222679
0.0021222426
0.0021222193
0.0021221978
0.0021221781
0.0021221601
0.0021221438
0.0021221291
0.002122116
0.0021221045
0.0021220943
0.0021220856
0.0021220782
0.0021220722
0.0021220673
0.0021220637
0.0021220612
0.0021220598
0.0021220594
0.00212206
0.0021220616
0.0021220641
0.0021220674
0.0021220716
0.0021220765
0.0021220821
0.0021220884
0.0021220954
0.0021221029
0.002122111
0.0021221197
0.0021221288
0.0021221384
0.0021221483
0.0021221587
0.0021221694
0.0021221803
0.0021221915
0.002122203
0.0021222146
0.0021222263
0.0021222383
0.0021222503
0.0021222624
0.0021222747
0.002122287
0.0021222993
0.0021223117
0.002122324
0.0021223364
0.0021223487
0.002122361
0.0021223732
0.0021223854
0.0021223975
0.0021224094
0.0021224213
0.002122433
0.0021224446
0.0021224561
0.0021224674
0.0021224785
0.0021224895
0.0021225003
0.0021225109
0.0021225213
0.0021225315
0.0021225415
0.0021225512
0.0021225608
0.0021225702
0.0021225793
0.0021225882
0.0021225969
0.0021226053
0.0021226135
0.0021226215
0.0021226292
0.0021226367
0.0021226439
0.0021226509
0.0021226577
0.0021226642
0.0021226706
0.0021226767
0.0021226825
0.0021226882
0.0021226936
0.0021226989
0.0021227039
0.0021227087
0.0021227133
0.0021227177
0.0021227219
0.0021227259
0.0021227296
0.0021227332
0.0021227365
0.0021227397
0.0021227426
0.0021227453
0.0021227479
0.0021227503
0.0021227525
0.0021227546
0.0021227565
0.0021227583
0.00212276
0.0021227616
0.0021227632
0.0021227646
0.0021227659
0.0021227672
0.0021227683
0.0021227693
0.0021227701
0.0021227708
0.0021227713
0.0021227716
0.0021227717
0.0021227716
0.0021227714
0.002122771
0.0021227705
0.00212277
0.0021227693
0.0021227687
0.0021227682
0.0021227677
0.0021227674
0.0021227672
0.0021227671
0.0021227672
0.0021227673
0.0021227675
0.0021227677
0.0021227678
0.0021227676
0.0021227673
0.0021227666
0.0021227655
0.0021227641
0.0021227623
0.0021227601
0.0021227578
0.0021227552
0.0021227526
0.0021227501
0.0021227477
0.0021227458
0.0021227443
0.0021227434
0.0021227431
0.0021227435
0.0021227445
0.002122746
0.0021227478
0.0021227497
0.0021227516
0.0021227531
0.002122754
0.0021227541
0.0021227533
)
;
    }
}


// ************************************************************************* //
