/*--------------------------------*- C++ -*----------------------------------*\
| =========                 |                                                 |
| \\      /  F ield         | OpenFOAM: The Open Source CFD Toolbox           |
|  \\    /   O peration     | Version:  2506                                  |
|   \\  /    A nd           | Website:  www.openfoam.com                      |
|    \\/     M anipulation  |                                                 |
\*---------------------------------------------------------------------------*/
FoamFile
{
    version     2.0;
    format      ascii;
    arch        "LSB;label=32;scalar=64";
    class       volScalarField;
    location    "9000/water";
    object      T;
}
// * * * * * * * * * * * * * * * * * * * * * * * * * * * * * * * * * * * * * //

dimensions      [0 0 0 1 0 0 0];

internalField   nonuniform List<scalar> 
6000
(
333.15
333.15
333.15
333.15
333.15
333.15
333.15
333.15
333.15
333.15
333.15
333.14998
333.14989
333.14924
333.14255
333.15
333.15
333.15
333.15
333.15
333.15
333.15
333.15
333.15
333.15
333.14999
333.14994
333.14968
333.14816
333.13665
333.15
333.15
333.15
333.15
333.15
333.15
333.15
333.15
333.15
333.14999
333.14997
333.14987
333.14939
333.14688
333.13169
333.15
333.15
333.15
333.15
333.15
333.15
333.15
333.15
333.15
333.14999
333.14994
333.14976
333.14902
333.14546
333.12735
333.15
333.15
333.15
333.15
333.15
333.15
333.15
333.15
333.14999
333.14997
333.1499
333.14963
333.1486
333.14394
333.12346
333.15
333.15
333.15
333.15
333.15
333.15
333.15
333.15
333.14999
333.14996
333.14985
333.14947
333.14812
333.14235
333.11991
333.15
333.15
333.15
333.15
333.15
333.15
333.15
333.14999
333.14998
333.14994
333.14978
333.14929
333.1476
333.14071
333.11665
333.15
333.15
333.15
333.15
333.15
333.15
333.15
333.14999
333.14997
333.14991
333.1497
333.14908
333.14703
333.13903
333.11362
333.15
333.15
333.15
333.15
333.15
333.15
333.15
333.14999
333.14996
333.14987
333.14961
333.14886
333.14642
333.13733
333.1108
333.15
333.15
333.15
333.15
333.15
333.15
333.14999
333.14998
333.14994
333.14983
333.14951
333.14862
333.14577
333.13562
333.10816
333.15
333.15
333.15
333.15
333.15
333.15
333.14999
333.14998
333.14993
333.14978
333.1494
333.14835
333.14508
333.13391
333.10569
333.15
333.15
333.15
333.15
333.15
333.15
333.14999
333.14997
333.1499
333.14973
333.14928
333.14807
333.14436
333.13221
333.10338
333.15
333.15
333.15
333.15
333.15
333.14999
333.14998
333.14996
333.14988
333.14967
333.14915
333.14776
333.14359
333.13052
333.10122
333.15
333.15
333.15
333.15
333.15
333.14999
333.14998
333.14994
333.14985
333.14961
333.14901
333.14744
333.14278
333.12886
333.0992
333.15
333.15
333.15
333.15
333.15
333.14999
333.14997
333.14993
333.14982
333.14954
333.14886
333.14709
333.14193
333.12722
333.09733
333.15
333.15
333.15
333.15
333.15
333.14999
333.14997
333.14991
333.14978
333.14946
333.14869
333.14672
333.14103
333.12561
333.09558
333.15
333.15
333.15
333.15
333.14999
333.14998
333.14996
333.1499
333.14974
333.14938
333.14852
333.14632
333.14009
333.12405
333.09398
333.15
333.15
333.15
333.15
333.14999
333.14998
333.14995
333.14988
333.1497
333.14929
333.14833
333.1459
333.13911
333.12253
333.0925
333.15
333.15
333.15
333.15
333.14999
333.14998
333.14994
333.14985
333.14965
333.14919
333.14813
333.14544
333.13809
333.12106
333.09114
333.15
333.15
333.15
333.14999
333.14999
333.14997
333.14993
333.14983
333.1496
333.14909
333.14792
333.14495
333.13704
333.11965
333.0899
333.15
333.15
333.15
333.14999
333.14999
333.14997
333.14992
333.1498
333.14955
333.14898
333.14769
333.14442
333.13595
333.1183
333.08877
333.15
333.15
333.15
333.14999
333.14998
333.14996
333.1499
333.14977
333.14949
333.14887
333.14744
333.14386
333.13484
333.11701
333.08775
333.15
333.15
333.15
333.14999
333.14998
333.14995
333.14989
333.14974
333.14943
333.14874
333.14717
333.14325
333.13371
333.11578
333.08683
333.15
333.15
333.14999
333.14999
333.14998
333.14994
333.14987
333.14971
333.14936
333.14861
333.14689
333.1426
333.13257
333.11461
333.08599
333.15
333.15
333.14999
333.14999
333.14997
333.14993
333.14985
333.14967
333.14929
333.14846
333.14657
333.14191
333.13144
333.11351
333.08523
333.15
333.15
333.14999
333.14998
333.14997
333.14992
333.14983
333.14963
333.14921
333.14831
333.14623
333.14118
333.13031
333.11247
333.08455
333.15
333.15
333.14999
333.14998
333.14996
333.14991
333.14981
333.14959
333.14913
333.14814
333.14587
333.14042
333.1292
333.11149
333.08392
333.15
333.14999
333.14999
333.14998
333.14995
333.1499
333.14978
333.14954
333.14904
333.14796
333.14547
333.13962
333.12812
333.11057
333.08336
333.15
333.14999
333.14999
333.14998
333.14995
333.14989
333.14976
333.14949
333.14894
333.14776
333.14504
333.13879
333.12706
333.1097
333.08285
333.14999
333.14999
333.14999
333.14997
333.14994
333.14987
333.14973
333.14944
333.14884
333.14755
333.14458
333.13794
333.12603
333.10888
333.08238
333.14999
333.14999
333.14998
333.14997
333.14993
333.14986
333.1497
333.14938
333.14873
333.14732
333.14408
333.13708
333.12505
333.1081
333.08195
333.14999
333.14999
333.14998
333.14996
333.14992
333.14984
333.14967
333.14932
333.14861
333.14707
333.14356
333.1362
333.12409
333.10737
333.08155
333.14999
333.14999
333.14998
333.14996
333.14991
333.14982
333.14964
333.14926
333.14848
333.1468
333.14299
333.13532
333.12318
333.10668
333.08119
333.14999
333.14999
333.14998
333.14995
333.1499
333.1498
333.1496
333.14919
333.14834
333.1465
333.1424
333.13445
333.12231
333.10603
333.08085
333.14999
333.14998
333.14997
333.14995
333.14989
333.14978
333.14956
333.14911
333.14819
333.14618
333.14178
333.13358
333.12147
333.10541
333.08054
333.14999
333.14998
333.14997
333.14994
333.14988
333.14976
333.14952
333.14903
333.14802
333.14584
333.14114
333.13272
333.12067
333.10482
333.08025
333.14999
333.14998
333.14997
333.14993
333.14987
333.14973
333.14947
333.14894
333.14785
333.14546
333.14048
333.13188
333.1199
333.10426
333.07998
333.14998
333.14998
333.14996
333.14993
333.14985
333.14971
333.14942
333.14885
333.14765
333.14506
333.13979
333.13106
333.11917
333.10373
333.07973
333.14998
333.14998
333.14996
333.14992
333.14984
333.14968
333.14937
333.14874
333.14744
333.14464
333.1391
333.13026
333.11846
333.10322
333.07949
333.14998
333.14997
333.14995
333.14991
333.14982
333.14965
333.14931
333.14863
333.14721
333.14419
333.1384
333.12948
333.11779
333.10274
333.07927
333.14998
333.14997
333.14995
333.1499
333.1498
333.14962
333.14925
333.14851
333.14696
333.14371
333.13769
333.12872
333.11714
333.10228
333.07905
333.14997
333.14996
333.14994
333.14989
333.14978
333.14958
333.14918
333.14838
333.1467
333.14321
333.13699
333.12799
333.11652
333.10184
333.07886
333.14997
333.14996
333.14993
333.14988
333.14976
333.14954
333.14911
333.14823
333.14641
333.14269
333.13629
333.12728
333.11593
333.10142
333.07867
333.14997
333.14996
333.14993
333.14986
333.14974
333.1495
333.14903
333.14808
333.1461
333.14216
333.13559
333.12659
333.11536
333.10102
333.07849
333.14996
333.14995
333.14992
333.14985
333.14972
333.14946
333.14894
333.14791
333.14576
333.1416
333.1349
333.12592
333.11481
333.10064
333.07832
333.14996
333.14995
333.14991
333.14984
333.14969
333.14941
333.14885
333.14773
333.14541
333.14104
333.13422
333.12527
333.11428
333.10027
333.07816
333.14995
333.14994
333.1499
333.14982
333.14966
333.14936
333.14875
333.14753
333.14504
333.14046
333.13355
333.12465
333.11377
333.09991
333.07801
333.14995
333.14993
333.14989
333.1498
333.14963
333.1493
333.14864
333.14731
333.14464
333.13988
333.1329
333.12404
333.11328
333.09957
333.07787
333.14994
333.14993
333.14988
333.14978
333.1496
333.14924
333.14853
333.14708
333.14422
333.13929
333.13226
333.12345
333.1128
333.09924
333.07773
333.14994
333.14992
333.14987
333.14977
333.14956
333.14917
333.1484
333.14683
333.14379
333.1387
333.13163
333.12288
333.11235
333.09893
333.0776
333.14993
333.14991
333.14986
333.14974
333.14953
333.1491
333.14826
333.14657
333.14334
333.13811
333.13101
333.12233
333.11191
333.09862
333.07747
333.14993
333.1499
333.14984
333.14972
333.14948
333.14902
333.14811
333.14628
333.14288
333.13752
333.13041
333.1218
333.11148
333.09833
333.07735
333.14992
333.14989
333.14983
333.1497
333.14944
333.14894
333.14795
333.14598
333.1424
333.13694
333.12983
333.12128
333.11107
333.09804
333.07724
333.14991
333.14988
333.14981
333.14967
333.14939
333.14885
333.14777
333.14566
333.14191
333.13636
333.12925
333.12077
333.11067
333.09777
333.07713
333.1499
333.14987
333.14979
333.14964
333.14934
333.14875
333.14758
333.14532
333.14142
333.13579
333.12869
333.12029
333.11028
333.0975
333.07703
333.14989
333.14986
333.14978
333.14961
333.14928
333.14864
333.14738
333.14496
333.14092
333.13522
333.12815
333.11981
333.10991
333.09724
333.07693
333.14988
333.14985
333.14976
333.14957
333.14922
333.14852
333.14716
333.14459
333.14041
333.13466
333.12761
333.11935
333.10954
333.09699
333.07683
333.14987
333.14983
333.14973
333.14954
333.14915
333.1484
333.14692
333.14421
333.1399
333.13411
333.1271
333.1189
333.10919
333.09675
333.07674
333.14986
333.14982
333.14971
333.1495
333.14908
333.14826
333.14667
333.14381
333.13939
333.13357
333.12659
333.11847
333.10885
333.09652
333.07665
333.14984
333.1498
333.14969
333.14945
333.149
333.14811
333.1464
333.14339
333.13888
333.13304
333.12609
333.11805
333.10851
333.09629
333.07657
333.14983
333.14978
333.14966
333.1494
333.14891
333.14795
333.14612
333.14297
333.13837
333.13251
333.12561
333.11763
333.10819
333.09607
333.07649
333.14982
333.14976
333.14963
333.14935
333.14882
333.14778
333.14582
333.14254
333.13786
333.132
333.12514
333.11723
333.10787
333.09586
333.07641
333.1498
333.14974
333.1496
333.1493
333.14871
333.14759
333.14551
333.1421
333.13736
333.1315
333.12468
333.11684
333.10757
333.09565
333.07633
333.14978
333.14972
333.14956
333.14924
333.1486
333.14739
333.14518
333.14165
333.13685
333.131
333.12423
333.11646
333.10727
333.09544
333.07626
333.14976
333.1497
333.14952
333.14917
333.14848
333.14717
333.14484
333.1412
333.13636
333.13051
333.12379
333.11609
333.10698
333.09525
333.07619
333.14974
333.14967
333.14948
333.1491
333.14835
333.14695
333.14448
333.14075
333.13587
333.13004
333.12336
333.11572
333.10669
333.09505
333.07612
333.14972
333.14964
333.14943
333.14902
333.14821
333.1467
333.14412
333.14029
333.13538
333.12957
333.12294
333.11537
333.10642
333.09486
333.07606
333.14969
333.14961
333.14938
333.14893
333.14806
333.14645
333.14374
333.13984
333.1349
333.12911
333.12253
333.11502
333.10615
333.09468
333.07599
333.14967
333.14957
333.14933
333.14884
333.1479
333.14617
333.14335
333.13938
333.13442
333.12866
333.12212
333.11468
333.10588
333.0945
333.07593
333.14964
333.14953
333.14927
333.14874
333.14772
333.14589
333.14296
333.13892
333.13395
333.12821
333.12173
333.11435
333.10562
333.09433
333.07587
333.1496
333.14949
333.14921
333.14863
333.14753
333.14559
333.14256
333.13846
333.13349
333.12778
333.12134
333.11403
333.10537
333.09416
333.07581
333.14957
333.14945
333.14914
333.14851
333.14733
333.14528
333.14215
333.13801
333.13303
333.12735
333.12097
333.11371
333.10512
333.09399
333.07575
333.14953
333.1494
333.14906
333.14838
333.14711
333.14495
333.14174
333.13756
333.13258
333.12693
333.1206
333.1134
333.10488
333.09383
333.0757
333.14949
333.14934
333.14898
333.14824
333.14689
333.14462
333.14132
333.13711
333.13214
333.12652
333.12024
333.1131
333.10464
333.09367
333.07564
333.14944
333.14929
333.14889
333.14809
333.14664
333.14427
333.1409
333.13666
333.1317
333.12612
333.11988
333.1128
333.10441
333.09351
333.07559
333.14939
333.14922
333.14879
333.14793
333.14639
333.14392
333.14048
333.13622
333.13127
333.12572
333.11953
333.11251
333.10419
333.09336
333.07554
333.14933
333.14915
333.14868
333.14776
333.14612
333.14355
333.14006
333.13578
333.13085
333.12533
333.11919
333.11223
333.10396
333.0932
333.07548
333.14927
333.14907
333.14856
333.14757
333.14583
333.14318
333.13963
333.13534
333.13043
333.12495
333.11886
333.11195
333.10375
333.09306
333.07543
333.14921
333.14899
333.14844
333.14737
333.14554
333.1428
333.13921
333.13491
333.13001
333.12457
333.11853
333.11167
333.10353
333.09291
333.07538
333.14913
333.1489
333.1483
333.14715
333.14523
333.14242
333.13879
333.13448
333.12961
333.1242
333.1182
333.1114
333.10332
333.09277
333.07533
333.14905
333.1488
333.14815
333.14693
333.14491
333.14203
333.13836
333.13406
333.12921
333.12384
333.11789
333.11114
333.10311
333.09263
333.07528
333.14896
333.14869
333.14799
333.14669
333.14459
333.14164
333.13794
333.13364
333.12881
333.12348
333.11757
333.11088
333.10291
333.09249
333.07523
333.14887
333.14857
333.14781
333.14643
333.14425
333.14124
333.13752
333.13322
333.12842
333.12313
333.11727
333.11062
333.10271
333.09235
333.07519
333.14876
333.14844
333.14763
333.14616
333.1439
333.14084
333.13711
333.13281
333.12804
333.12278
333.11697
333.11037
333.10251
333.09222
333.07514
333.14864
333.14829
333.14743
333.14588
333.14355
333.14044
333.13669
333.13241
333.12766
333.12244
333.11667
333.11012
333.10232
333.09209
333.07509
333.14851
333.14814
333.14721
333.14559
333.14318
333.14004
333.13628
333.13201
333.12729
333.12211
333.11638
333.10988
333.10213
333.09196
333.07504
333.14837
333.14797
333.14698
333.14529
333.14281
333.13963
333.13586
333.13161
333.12692
333.12178
333.11609
333.10964
333.10194
333.09183
333.07499
333.14822
333.14778
333.14674
333.14497
333.14244
333.13923
333.13546
333.13122
333.12656
333.12145
333.11581
333.10941
333.10176
333.0917
333.07495
333.14805
333.14759
333.14648
333.14464
333.14206
333.13882
333.13505
333.13083
333.1262
333.12113
333.11553
333.10917
333.10158
333.09157
333.0749
333.14787
333.14737
333.14621
333.1443
333.14167
333.13842
333.13465
333.13045
333.12584
333.12082
333.11526
333.10895
333.1014
333.09145
333.07485
333.14767
333.14714
333.14592
333.14395
333.14128
333.13801
333.13425
333.13007
333.1255
333.1205
333.11499
333.10872
333.10122
333.09132
333.0748
333.14745
333.1469
333.14562
333.1436
333.14089
333.1376
333.13385
333.12969
333.12515
333.1202
333.11472
333.1085
333.10104
333.0912
333.07475
333.14721
333.14663
333.1453
333.14323
333.14049
333.1372
333.13345
333.12932
333.12481
333.1199
333.11446
333.10828
333.10087
333.09108
333.07471
333.14696
333.14635
333.14497
333.14286
333.14009
333.13679
333.13306
333.12895
333.12448
333.1196
333.1142
333.10806
333.1007
333.09096
333.07466
333.14668
333.14605
333.14463
333.14248
333.13969
333.13639
333.13267
333.12859
333.12415
333.1193
333.11395
333.10785
333.10053
333.09084
333.07461
333.14639
333.14573
333.14428
333.14209
333.13929
333.13599
333.13229
333.12823
333.12382
333.11901
333.11369
333.10764
333.10036
333.09072
333.07456
333.14608
333.1454
333.14391
333.14169
333.13888
333.13559
333.13191
333.12787
333.1235
333.11872
333.11344
333.10743
333.10019
333.09061
333.07451
333.14575
333.14505
333.14353
333.14129
333.13847
333.13519
333.13153
333.12752
333.12318
333.11844
333.1132
333.10722
333.10003
333.09049
333.07446
333.1454
333.14468
333.14314
333.14089
333.13806
333.13479
333.13115
333.12717
333.12286
333.11816
333.11295
333.10702
333.09987
333.09037
333.07441
333.14503
333.1443
333.14274
333.14047
333.13765
333.1344
333.13078
333.12683
333.12255
333.11788
333.11271
333.10681
333.0997
333.09026
333.07436
333.14464
333.1439
333.14233
333.14006
333.13724
333.134
333.13041
333.12649
333.12224
333.11761
333.11247
333.10661
333.09954
333.09014
333.0743
333.14423
333.14349
333.14191
333.13964
333.13683
333.13361
333.13004
333.12615
333.12193
333.11733
333.11224
333.10641
333.09938
333.09003
333.07425
333.14381
333.14307
333.14148
333.13921
333.13642
333.13322
333.12967
333.12581
333.12163
333.11707
333.11201
333.10622
333.09923
333.08991
333.0742
333.14337
333.14263
333.14104
333.13878
333.13601
333.13283
333.12931
333.12548
333.12133
333.1168
333.11177
333.10602
333.09907
333.0898
333.07414
333.14292
333.14218
333.1406
333.13835
333.1356
333.13244
333.12895
333.12515
333.12103
333.11654
333.11155
333.10583
333.09891
333.08969
333.07409
333.14246
333.14172
333.14015
333.13792
333.13518
333.13205
333.12859
333.12482
333.12074
333.11627
333.11132
333.10564
333.09876
333.08957
333.07403
333.14198
333.14125
333.13969
333.13748
333.13477
333.13166
333.12823
333.1245
333.12044
333.11602
333.11109
333.10545
333.0986
333.08946
333.07397
333.1415
333.14077
333.13923
333.13704
333.13436
333.13128
333.12788
333.12417
333.12015
333.11576
333.11087
333.10526
333.09845
333.08935
333.07392
333.141
333.14028
333.13876
333.1366
333.13394
333.1309
333.12753
333.12385
333.11987
333.1155
333.11065
333.10507
333.0983
333.08923
333.07386
333.1405
333.13979
333.13829
333.13616
333.13353
333.13051
333.12717
333.12354
333.11958
333.11525
333.11043
333.10488
333.09815
333.08912
333.0738
333.13999
333.1393
333.13782
333.13571
333.13311
333.13013
333.12683
333.12322
333.1193
333.115
333.11021
333.10469
333.09799
333.08901
333.07374
333.13948
333.1388
333.13734
333.13526
333.1327
333.12975
333.12648
333.1229
333.11901
333.11475
333.10999
333.10451
333.09784
333.08889
333.07367
333.13896
333.13829
333.13686
333.13482
333.13229
333.12937
333.12613
333.12259
333.11873
333.1145
333.10977
333.10433
333.09769
333.08878
333.07361
333.13844
333.13779
333.13638
333.13437
333.13187
333.12899
333.12579
333.12228
333.11846
333.11425
333.10956
333.10414
333.09754
333.08866
333.07354
333.13792
333.13728
333.1359
333.13392
333.13146
333.12862
333.12545
333.12197
333.11818
333.11401
333.10934
333.10396
333.09739
333.08855
333.07348
333.1374
333.13677
333.13542
333.13347
333.13105
333.12824
333.12511
333.12166
333.1179
333.11377
333.10913
333.10378
333.09724
333.08843
333.07341
333.13688
333.13626
333.13493
333.13302
333.13064
333.12787
333.12476
333.12136
333.11763
333.11352
333.10892
333.1036
333.09709
333.08832
333.07334
333.13636
333.13575
333.13445
333.13258
333.13023
333.12749
333.12443
333.12105
333.11736
333.11328
333.10871
333.10341
333.09694
333.0882
333.07327
333.13584
333.13524
333.13397
333.13213
333.12982
333.12712
333.12409
333.12075
333.11708
333.11304
333.1085
333.10323
333.09679
333.08808
333.0732
333.13532
333.13474
333.13349
333.13168
333.12941
333.12675
333.12375
333.12045
333.11681
333.1128
333.10829
333.10305
333.09664
333.08797
333.07313
333.1348
333.13423
333.13301
333.13124
333.129
333.12638
333.12342
333.12014
333.11654
333.11256
333.10808
333.10287
333.09649
333.08785
333.07305
333.13428
333.13373
333.13254
333.1308
333.1286
333.12601
333.12308
333.11984
333.11628
333.11232
333.10787
333.10269
333.09634
333.08773
333.07297
333.13377
333.13323
333.13206
333.13036
333.12819
333.12564
333.12275
333.11954
333.11601
333.11208
333.10766
333.10251
333.09618
333.08761
333.0729
333.13327
333.13273
333.13159
333.12992
333.12779
333.12527
333.12242
333.11925
333.11574
333.11185
333.10745
333.10233
333.09603
333.08749
333.07282
333.13276
333.13224
333.13112
333.12948
333.12739
333.12491
333.12209
333.11895
333.11547
333.11161
333.10724
333.10215
333.09588
333.08737
333.07273
333.13226
333.13175
333.13066
333.12904
333.12699
333.12454
333.12176
333.11865
333.11521
333.11137
333.10703
333.10197
333.09573
333.08724
333.07265
333.13176
333.13127
333.13019
333.12861
333.12659
333.12418
333.12143
333.11836
333.11494
333.11114
333.10683
333.10179
333.09557
333.08712
333.07256
333.13127
333.13079
333.12973
333.12818
333.12619
333.12382
333.1211
333.11806
333.11468
333.1109
333.10662
333.10161
333.09542
333.08699
333.07248
333.13078
333.13031
333.12928
333.12776
333.1258
333.12346
333.12078
333.11777
333.11441
333.11067
333.10641
333.10142
333.09526
333.08686
333.07239
333.1303
333.12984
333.12883
333.12733
333.12541
333.1231
333.12045
333.11747
333.11415
333.11043
333.1062
333.10124
333.09511
333.08674
333.07229
333.12982
333.12937
333.12838
333.12691
333.12502
333.12275
333.12013
333.11718
333.11389
333.1102
333.10599
333.10106
333.09495
333.08661
333.0722
333.12935
333.1289
333.12793
333.1265
333.12463
333.12239
333.11981
333.11689
333.11363
333.10996
333.10578
333.10088
333.09479
333.08647
333.0721
333.12888
333.12845
333.12749
333.12608
333.12425
333.12204
333.11949
333.1166
333.11336
333.10973
333.10558
333.10069
333.09463
333.08634
333.072
333.12842
333.12799
333.12706
333.12567
333.12387
333.12169
333.11917
333.11631
333.1131
333.10949
333.10537
333.10051
333.09447
333.08621
333.0719
333.12796
333.12754
333.12663
333.12526
333.12349
333.12134
333.11885
333.11602
333.11284
333.10926
333.10516
333.10032
333.09431
333.08607
333.0718
333.12751
333.1271
333.1262
333.12486
333.12311
333.12099
333.11853
333.11573
333.11258
333.10903
333.10495
333.10014
333.09415
333.08593
333.0717
333.12706
333.12666
333.12578
333.12446
333.12274
333.12065
333.11822
333.11545
333.11232
333.10879
333.10474
333.09995
333.09399
333.0858
333.07159
333.12662
333.12622
333.12536
333.12406
333.12237
333.12031
333.1179
333.11516
333.11206
333.10856
333.10453
333.09976
333.09382
333.08566
333.07148
333.12618
333.12579
333.12494
333.12367
333.122
333.11997
333.11759
333.11488
333.11181
333.10832
333.10432
333.09958
333.09366
333.08551
333.07137
333.12575
333.12537
333.12453
333.12328
333.12164
333.11963
333.11728
333.11459
333.11155
333.10809
333.10411
333.09939
333.09349
333.08537
333.07125
333.12532
333.12494
333.12412
333.12289
333.12127
333.11929
333.11697
333.11431
333.11129
333.10786
333.1039
333.0992
333.09332
333.08522
333.07113
333.1249
333.12453
333.12372
333.12251
333.12091
333.11896
333.11666
333.11403
333.11103
333.10762
333.10369
333.09901
333.09315
333.08508
333.07101
333.12448
333.12412
333.12332
333.12213
333.12056
333.11863
333.11636
333.11375
333.11078
333.10739
333.10347
333.09882
333.09298
333.08493
333.07089
333.12407
333.12371
333.12293
333.12175
333.1202
333.1183
333.11605
333.11347
333.11052
333.10716
333.10326
333.09863
333.09281
333.08478
333.07077
333.12366
333.12331
333.12254
333.12138
333.11985
333.11797
333.11575
333.11319
333.11026
333.10692
333.10305
333.09844
333.09264
333.08462
333.07064
333.12325
333.12291
333.12215
333.12101
333.1195
333.11765
333.11545
333.11291
333.11001
333.10669
333.10284
333.09824
333.09246
333.08447
333.07051
333.12285
333.12251
333.12177
333.12065
333.11916
333.11732
333.11515
333.11263
333.10975
333.10645
333.10262
333.09805
333.09229
333.08431
333.07038
333.12246
333.12213
333.12139
333.12028
333.11882
333.117
333.11485
333.11236
333.1095
333.10622
333.10241
333.09785
333.09211
333.08416
333.07025
333.12207
333.12174
333.12102
333.11993
333.11848
333.11668
333.11455
333.11208
333.10925
333.10599
333.1022
333.09766
333.09193
333.084
333.07011
333.12168
333.12136
333.12065
333.11957
333.11814
333.11637
333.11426
333.11181
333.10899
333.10575
333.10198
333.09746
333.09176
333.08384
333.06997
333.1213
333.12098
333.12028
333.11922
333.11781
333.11605
333.11396
333.11153
333.10874
333.10552
333.10177
333.09726
333.09158
333.08367
333.06983
333.12093
333.12061
333.11992
333.11887
333.11747
333.11574
333.11367
333.11126
333.10849
333.10529
333.10155
333.09707
333.09139
333.08351
333.06969
333.12055
333.12024
333.11956
333.11852
333.11715
333.11543
333.11338
333.11099
333.10824
333.10505
333.10134
333.09687
333.09121
333.08334
333.06955
333.12019
333.11988
333.11921
333.11818
333.11682
333.11512
333.11309
333.11072
333.10798
333.10482
333.10112
333.09667
333.09103
333.08317
333.0694
333.11982
333.11952
333.11885
333.11784
333.1165
333.11482
333.1128
333.11045
333.10773
333.10459
333.1009
333.09647
333.09084
333.08301
333.06925
333.11946
333.11916
333.11851
333.11751
333.11617
333.11451
333.11252
333.11019
333.10748
333.10436
333.10069
333.09626
333.09066
333.08283
333.0691
333.1191
333.11881
333.11816
333.11717
333.11586
333.11421
333.11223
333.10992
333.10723
333.10412
333.10047
333.09606
333.09047
333.08266
333.06895
333.11875
333.11846
333.11782
333.11684
333.11554
333.11391
333.11195
333.10965
333.10699
333.10389
333.10025
333.09586
333.09028
333.08249
333.06879
333.1184
333.11811
333.11748
333.11652
333.11523
333.11361
333.11167
333.10939
333.10674
333.10366
333.10003
333.09566
333.09009
333.08231
333.06863
333.11806
333.11777
333.11715
333.11619
333.11492
333.11331
333.11139
333.10912
333.10649
333.10342
333.09982
333.09545
333.0899
333.08213
333.06847
333.11771
333.11743
333.11681
333.11587
333.11461
333.11302
333.11111
333.10886
333.10624
333.10319
333.0996
333.09525
333.08971
333.08196
333.06831
333.11738
333.1171
333.11649
333.11555
333.1143
333.11273
333.11083
333.1086
333.10599
333.10296
333.09938
333.09504
333.08951
333.08178
333.06815
333.11704
333.11677
333.11616
333.11524
333.114
333.11244
333.11056
333.10834
333.10575
333.10272
333.09916
333.09483
333.08932
333.08159
333.06798
333.11671
333.11644
333.11584
333.11492
333.11369
333.11215
333.11028
333.10808
333.1055
333.10249
333.09894
333.09462
333.08912
333.08141
333.06781
333.11638
333.11611
333.11552
333.11461
333.1134
333.11186
333.11001
333.10782
333.10525
333.10226
333.09872
333.09442
333.08893
333.08123
333.06765
333.11606
333.11579
333.1152
333.11431
333.1131
333.11158
333.10974
333.10756
333.10501
333.10203
333.0985
333.09421
333.08873
333.08104
333.06748
333.11573
333.11547
333.11489
333.114
333.1128
333.11129
333.10946
333.1073
333.10476
333.10179
333.09828
333.094
333.08853
333.08085
333.0673
333.11541
333.11515
333.11458
333.1137
333.11251
333.11101
333.10919
333.10704
333.10452
333.10156
333.09806
333.09379
333.08833
333.08067
333.06713
333.1151
333.11484
333.11427
333.1134
333.11222
333.11073
333.10893
333.10679
333.10427
333.10133
333.09783
333.09358
333.08813
333.08048
333.06695
333.11478
333.11453
333.11396
333.1131
333.11193
333.11045
333.10866
333.10653
333.10403
333.1011
333.09761
333.09337
333.08793
333.08028
333.06678
333.11447
333.11422
333.11366
333.1128
333.11164
333.11017
333.10839
333.10628
333.10379
333.10086
333.09739
333.09315
333.08773
333.08009
333.0666
333.11417
333.11391
333.11336
333.11251
333.11136
333.1099
333.10813
333.10602
333.10354
333.10063
333.09717
333.09294
333.08752
333.0799
333.06642
333.11386
333.11361
333.11306
333.11221
333.11107
333.10963
333.10786
333.10577
333.1033
333.1004
333.09694
333.09273
333.08732
333.07971
333.06624
333.11356
333.11331
333.11276
333.11192
333.11079
333.10935
333.1076
333.10552
333.10306
333.10017
333.09672
333.09251
333.08711
333.07951
333.06605
333.11326
333.11301
333.11247
333.11164
333.11051
333.10908
333.10734
333.10526
333.10282
333.09993
333.0965
333.0923
333.08691
333.07931
333.06587
333.11296
333.11272
333.11218
333.11135
333.11023
333.10881
333.10708
333.10501
333.10258
333.0997
333.09628
333.09208
333.0867
333.07912
333.06568
333.11266
333.11242
333.11189
333.11107
333.10995
333.10854
333.10682
333.10476
333.10233
333.09947
333.09605
333.09187
333.08649
333.07892
333.06549
333.11237
333.11213
333.1116
333.11078
333.10968
333.10828
333.10656
333.10451
333.10209
333.09924
333.09583
333.09165
333.08629
333.07872
333.06531
333.11208
333.11184
333.11131
333.1105
333.1094
333.10801
333.1063
333.10426
333.10185
333.099
333.0956
333.09144
333.08608
333.07852
333.06512
333.11179
333.11155
333.11103
333.11022
333.10913
333.10774
333.10605
333.10401
333.10161
333.09877
333.09538
333.09122
333.08587
333.07832
333.06493
333.1115
333.11127
333.11075
333.10995
333.10886
333.10748
333.10579
333.10377
333.10137
333.09854
333.09515
333.091
333.08566
333.07811
333.06473
333.11122
333.11098
333.11047
333.10967
333.10859
333.10722
333.10554
333.10352
333.10113
333.09831
333.09493
333.09078
333.08545
333.07791
333.06454
333.11094
333.1107
333.11019
333.1094
333.10832
333.10696
333.10528
333.10327
333.10089
333.09808
333.0947
333.09057
333.08524
333.07771
333.06435
333.11065
333.11042
333.10991
333.10913
333.10806
333.1067
333.10503
333.10303
333.10065
333.09784
333.09448
333.09035
333.08502
333.0775
333.06415
333.11038
333.11015
333.10964
333.10886
333.10779
333.10644
333.10478
333.10278
333.10042
333.09761
333.09425
333.09013
333.08481
333.0773
333.06396
333.1101
333.10987
333.10936
333.10859
333.10753
333.10618
333.10452
333.10254
333.10018
333.09738
333.09403
333.08991
333.0846
333.07709
333.06376
333.10982
333.1096
333.10909
333.10832
333.10727
333.10592
333.10427
333.10229
333.09994
333.09715
333.0938
333.08969
333.08438
333.07688
333.06356
333.10955
333.10932
333.10882
333.10805
333.107
333.10567
333.10402
333.10205
333.0997
333.09692
333.09358
333.08947
333.08417
333.07668
333.06336
333.10928
333.10905
333.10855
333.10779
333.10674
333.10541
333.10377
333.1018
333.09946
333.09668
333.09335
333.08925
333.08396
333.07647
333.06316
333.10901
333.10878
333.10829
333.10752
333.10648
333.10516
333.10352
333.10156
333.09923
333.09645
333.09312
333.08903
333.08374
333.07626
333.06296
333.10874
333.10852
333.10802
333.10726
333.10623
333.1049
333.10328
333.10132
333.09899
333.09622
333.0929
333.08881
333.08352
333.07605
333.06276
333.10847
333.10825
333.10776
333.107
333.10597
333.10465
333.10303
333.10107
333.09875
333.09599
333.09267
333.08858
333.08331
333.07584
333.06256
333.1082
333.10798
333.10749
333.10674
333.10571
333.1044
333.10278
333.10083
333.09851
333.09576
333.09244
333.08836
333.08309
333.07563
333.06235
333.10794
333.10772
333.10723
333.10648
333.10546
333.10415
333.10253
333.10059
333.09828
333.09552
333.09222
333.08814
333.08287
333.07542
333.06215
333.10768
333.10746
333.10697
333.10622
333.1052
333.1039
333.10229
333.10035
333.09804
333.09529
333.09199
333.08792
333.08266
333.07521
333.06194
333.10741
333.1072
333.10671
333.10597
333.10495
333.10365
333.10204
333.10011
333.0978
333.09506
333.09176
333.0877
333.08244
333.07499
333.06174
333.10715
333.10694
333.10645
333.10571
333.1047
333.1034
333.1018
333.09987
333.09757
333.09483
333.09153
333.08747
333.08222
333.07478
333.06153
333.10689
333.10668
333.1062
333.10546
333.10445
333.10315
333.10156
333.09963
333.09733
333.0946
333.09131
333.08725
333.082
333.07457
333.06132
333.10664
333.10642
333.10594
333.1052
333.1042
333.1029
333.10131
333.09939
333.0971
333.09437
333.09108
333.08703
333.08178
333.07435
333.06112
333.10638
333.10616
333.10569
333.10495
333.10395
333.10266
333.10107
333.09915
333.09686
333.09413
333.09085
333.0868
333.08156
333.07414
333.06091
333.10612
333.10591
333.10543
333.1047
333.1037
333.10241
333.10083
333.09891
333.09663
333.0939
333.09062
333.08658
333.08134
333.07392
333.0607
333.10587
333.10565
333.10518
333.10445
333.10345
333.10217
333.10058
333.09867
333.09639
333.09367
333.0904
333.08635
333.08112
333.07371
333.06049
333.10561
333.1054
333.10493
333.1042
333.1032
333.10192
333.10034
333.09843
333.09616
333.09344
333.09017
333.08613
333.0809
333.07349
333.06028
333.10536
333.10515
333.10468
333.10395
333.10295
333.10168
333.1001
333.0982
333.09592
333.09321
333.08994
333.08591
333.08068
333.07328
333.06007
333.10511
333.1049
333.10443
333.1037
333.10271
333.10143
333.09986
333.09796
333.09569
333.09298
333.08971
333.08568
333.08046
333.07306
333.05986
333.10486
333.10465
333.10418
333.10345
333.10246
333.10119
333.09962
333.09772
333.09545
333.09275
333.08948
333.08546
333.08024
333.07284
333.05965
333.10461
333.1044
333.10393
333.10321
333.10222
333.10095
333.09938
333.09748
333.09522
333.09251
333.08926
333.08523
333.08002
333.07263
333.05943
333.10436
333.10415
333.10368
333.10296
333.10197
333.10071
333.09914
333.09725
333.09498
333.09228
333.08903
333.08501
333.0798
333.07241
333.05922
333.10411
333.1039
333.10343
333.10271
333.10173
333.10046
333.0989
333.09701
333.09475
333.09205
333.0888
333.08478
333.07958
333.07219
333.05901
333.10386
333.10365
333.10319
333.10247
333.10149
333.10022
333.09866
333.09677
333.09452
333.09182
333.08857
333.08456
333.07935
333.07197
333.0588
333.10361
333.10341
333.10294
333.10222
333.10124
333.09998
333.09842
333.09654
333.09428
333.09159
333.08834
333.08433
333.07913
333.07175
333.05858
333.10337
333.10316
333.1027
333.10198
333.101
333.09974
333.09818
333.0963
333.09405
333.09136
333.08811
333.0841
333.07891
333.07153
333.05837
333.10312
333.10291
333.10245
333.10174
333.10076
333.0995
333.09795
333.09607
333.09381
333.09113
333.08788
333.08388
333.07869
333.07131
333.05815
333.10288
333.10267
333.10221
333.10149
333.10052
333.09926
333.09771
333.09583
333.09358
333.0909
333.08766
333.08365
333.07846
333.0711
333.05794
333.10263
333.10243
333.10196
333.10125
333.10028
333.09902
333.09747
333.09559
333.09335
333.09066
333.08743
333.08343
333.07824
333.07088
333.05772
333.10239
333.10218
333.10172
333.10101
333.10004
333.09878
333.09723
333.09536
333.09311
333.09043
333.0872
333.0832
333.07802
333.07066
333.0575
333.10215
333.10194
333.10148
333.10077
333.0998
333.09855
333.097
333.09512
333.09288
333.0902
333.08697
333.08297
333.07779
333.07044
333.05729
333.1019
333.1017
333.10124
333.10053
333.09956
333.09831
333.09676
333.09489
333.09265
333.08997
333.08674
333.08275
333.07757
333.07021
333.05707
333.10166
333.10146
333.101
333.10029
333.09932
333.09807
333.09652
333.09465
333.09242
333.08974
333.08651
333.08252
333.07735
333.06999
333.05685
333.10142
333.10121
333.10076
333.10005
333.09908
333.09783
333.09629
333.09442
333.09218
333.08951
333.08628
333.08229
333.07712
333.06977
333.05664
333.10118
333.10097
333.10052
333.09981
333.09884
333.09759
333.09605
333.09419
333.09195
333.08928
333.08605
333.08207
333.0769
333.06955
333.05642
333.10094
333.10073
333.10028
333.09957
333.0986
333.09736
333.09582
333.09395
333.09172
333.08905
333.08583
333.08184
333.07667
333.06933
333.0562
333.1007
333.10049
333.10004
333.09933
333.09836
333.09712
333.09558
333.09372
333.09148
333.08882
333.0856
333.08161
333.07645
333.06911
333.05598
333.10046
333.10025
333.0998
333.09909
333.09813
333.09688
333.09535
333.09348
333.09125
333.08859
333.08537
333.08139
333.07623
333.06889
333.05576
333.10022
333.10001
333.09956
333.09885
333.09789
333.09665
333.09511
333.09325
333.09102
333.08835
333.08514
333.08116
333.076
333.06866
333.05554
333.09998
333.09978
333.09932
333.09862
333.09765
333.09641
333.09488
333.09301
333.09079
333.08812
333.08491
333.08093
333.07578
333.06844
333.05532
333.09974
333.09954
333.09908
333.09838
333.09742
333.09618
333.09464
333.09278
333.09055
333.08789
333.08468
333.08071
333.07555
333.06822
333.05511
333.0995
333.0993
333.09885
333.09814
333.09718
333.09594
333.09441
333.09255
333.09032
333.08766
333.08445
333.08048
333.07533
333.068
333.05489
333.09927
333.09906
333.09861
333.09791
333.09694
333.09571
333.09417
333.09231
333.09009
333.08743
333.08422
333.08025
333.0751
333.06777
333.05467
333.09903
333.09882
333.09837
333.09767
333.09671
333.09547
333.09394
333.09208
333.08986
333.0872
333.08399
333.08002
333.07488
333.06755
333.05444
333.09879
333.09859
333.09813
333.09743
333.09647
333.09524
333.0937
333.09185
333.08963
333.08697
333.08376
333.0798
333.07465
333.06733
333.05422
333.09855
333.09835
333.0979
333.0972
333.09624
333.095
333.09347
333.09161
333.08939
333.08674
333.08353
333.07957
333.07442
333.06711
333.054
333.09832
333.09812
333.09766
333.09696
333.096
333.09477
333.09324
333.09138
333.08916
333.08651
333.08331
333.07934
333.0742
333.06688
333.05378
333.09808
333.09788
333.09743
333.09673
333.09577
333.09453
333.093
333.09115
333.08893
333.08628
333.08308
333.07911
333.07397
333.06666
333.05356
333.09785
333.09764
333.09719
333.09649
333.09553
333.0943
333.09277
333.09092
333.0887
333.08605
333.08285
333.07889
333.07375
333.06643
333.05334
333.09761
333.09741
333.09696
333.09626
333.0953
333.09406
333.09253
333.09068
333.08847
333.08582
333.08262
333.07866
333.07352
333.06621
333.05312
333.09737
333.09717
333.09672
333.09602
333.09506
333.09383
333.0923
333.09045
333.08824
333.08559
333.08239
333.07843
333.0733
333.06599
333.05289
333.09714
333.09694
333.09649
333.09579
333.09483
333.0936
333.09207
333.09022
333.088
333.08536
333.08216
333.0782
333.07307
333.06576
333.05267
333.0969
333.0967
333.09625
333.09555
333.09459
333.09336
333.09183
333.08999
333.08777
333.08513
333.08193
333.07798
333.07284
333.06554
333.05245
333.09667
333.09647
333.09602
333.09532
333.09436
333.09313
333.0916
333.08975
333.08754
333.0849
333.0817
333.07775
333.07262
333.06531
333.05222
333.09643
333.09623
333.09578
333.09508
333.09413
333.09289
333.09137
333.08952
333.08731
333.08466
333.08147
333.07752
333.07239
333.06509
333.052
333.0962
333.096
333.09555
333.09485
333.09389
333.09266
333.09114
333.08929
333.08708
333.08443
333.08124
333.07729
333.07216
333.06486
333.05178
333.09597
333.09576
333.09531
333.09461
333.09366
333.09243
333.0909
333.08906
333.08685
333.0842
333.08101
333.07706
333.07194
333.06464
333.05155
333.09573
333.09553
333.09508
333.09438
333.09342
333.09219
333.09067
333.08882
333.08662
333.08397
333.08078
333.07684
333.07171
333.06441
333.05133
333.0955
333.0953
333.09484
333.09415
333.09319
333.09196
333.09044
333.08859
333.08638
333.08374
333.08055
333.07661
333.07149
333.06419
333.05111
333.09526
333.09506
333.09461
333.09391
333.09296
333.09173
333.09021
333.08836
333.08615
333.08351
333.08033
333.07638
333.07126
333.06396
333.05088
333.09503
333.09483
333.09438
333.09368
333.09272
333.0915
333.08997
333.08813
333.08592
333.08328
333.0801
333.07615
333.07103
333.06374
333.05066
333.0948
333.09459
333.09414
333.09345
333.09249
333.09126
333.08974
333.0879
333.08569
333.08305
333.07987
333.07592
333.0708
333.06351
333.05043
333.09456
333.09436
333.09391
333.09321
333.09226
333.09103
333.08951
333.08766
333.08546
333.08282
333.07964
333.0757
333.07058
333.06329
333.05021
333.09433
333.09413
333.09368
333.09298
333.09203
333.0908
333.08928
333.08743
333.08523
333.08259
333.07941
333.07547
333.07035
333.06306
333.04998
333.0941
333.09389
333.09344
333.09275
333.09179
333.09056
333.08904
333.0872
333.085
333.08236
333.07918
333.07524
333.07012
333.06283
333.04976
333.09386
333.09366
333.09321
333.09251
333.09156
333.09033
333.08881
333.08697
333.08477
333.08213
333.07895
333.07501
333.0699
333.06261
333.04953
333.09363
333.09343
333.09298
333.09228
333.09133
333.0901
333.08858
333.08674
333.08453
333.0819
333.07872
333.07478
333.06967
333.06238
333.0493
333.0934
333.09319
333.09274
333.09205
333.09109
333.08987
333.08835
333.08651
333.0843
333.08167
333.07849
333.07456
333.06944
333.06216
333.04908
333.09316
333.09296
333.09251
333.09182
333.09086
333.08963
333.08811
333.08627
333.08407
333.08144
333.07826
333.07433
333.06921
333.06193
333.04885
333.09293
333.09273
333.09228
333.09158
333.09063
333.0894
333.08788
333.08604
333.08384
333.08121
333.07803
333.0741
333.06899
333.0617
333.04862
333.0927
333.0925
333.09205
333.09135
333.0904
333.08917
333.08765
333.08581
333.08361
333.08098
333.0778
333.07387
333.06876
333.06148
333.0484
333.09247
333.09226
333.09181
333.09112
333.09016
333.08894
333.08742
333.08558
333.08338
333.08075
333.07757
333.07364
333.06853
333.06125
333.04817
333.09223
333.09203
333.09158
333.09088
333.08993
333.08871
333.08719
333.08535
333.08315
333.08052
333.07734
333.07341
333.0683
333.06102
333.04794
333.092
333.0918
333.09135
333.09065
333.0897
333.08847
333.08695
333.08512
333.08292
333.08029
333.07711
333.07318
333.06808
333.06079
333.04771
333.09177
333.09157
333.09112
333.09042
333.08947
333.08824
333.08672
333.08489
333.08269
333.08006
333.07689
333.07296
333.06785
333.06057
333.04749
333.09153
333.09133
333.09088
333.09019
333.08923
333.08801
333.08649
333.08465
333.08246
333.07983
333.07666
333.07273
333.06762
333.06034
333.04726
333.0913
333.0911
333.09065
333.08996
333.089
333.08778
333.08626
333.08442
333.08223
333.0796
333.07643
333.0725
333.06739
333.06011
333.04703
333.09107
333.09087
333.09042
333.08972
333.08877
333.08754
333.08603
333.08419
333.08199
333.07937
333.0762
333.07227
333.06716
333.05988
333.0468
333.09084
333.09064
333.09019
333.08949
333.08854
333.08731
333.0858
333.08396
333.08176
333.07914
333.07597
333.07204
333.06694
333.05966
333.04657
333.0906
333.0904
333.08995
333.08926
333.08831
333.08708
333.08556
333.08373
333.08153
333.07891
333.07574
333.07181
333.06671
333.05943
333.04634
333.09037
333.09017
333.08972
333.08903
333.08807
333.08685
333.08533
333.0835
333.0813
333.07868
333.07551
333.07158
333.06648
333.0592
333.04611
333.09014
333.08994
333.08949
333.08879
333.08784
333.08662
333.0851
333.08327
333.08107
333.07845
333.07528
333.07135
333.06625
333.05897
333.04588
333.08991
333.08971
333.08926
333.08856
333.08761
333.08638
333.08487
333.08303
333.08084
333.07822
333.07505
333.07112
333.06602
333.05874
333.04565
333.08967
333.08947
333.08902
333.08833
333.08738
333.08615
333.08464
333.0828
333.08061
333.07799
333.07482
333.0709
333.06579
333.05851
333.04542
333.08944
333.08924
333.08879
333.0881
333.08714
333.08592
333.08441
333.08257
333.08038
333.07776
333.07459
333.07067
333.06556
333.05828
333.04519
333.08921
333.08901
333.08856
333.08786
333.08691
333.08569
333.08417
333.08234
333.08015
333.07753
333.07436
333.07044
333.06534
333.05805
333.04496
333.08898
333.08878
333.08833
333.08763
333.08668
333.08546
333.08394
333.08211
333.07992
333.0773
333.07413
333.07021
333.06511
333.05783
333.04473
333.08875
333.08854
333.0881
333.0874
333.08645
333.08523
333.08371
333.08188
333.07969
333.07707
333.0739
333.06998
333.06488
333.0576
333.0445
333.08851
333.08831
333.08786
333.08717
333.08622
333.08499
333.08348
333.08165
333.07946
333.07684
333.07367
333.06975
333.06465
333.05737
333.04427
333.08828
333.08808
333.08763
333.08694
333.08598
333.08476
333.08325
333.08142
333.07922
333.0766
333.07344
333.06952
333.06442
333.05714
333.04404
333.08805
333.08785
333.0874
333.0867
333.08575
333.08453
333.08302
333.08119
333.07899
333.07637
333.07321
333.06929
333.06419
333.05691
333.0438
333.08782
333.08762
333.08717
333.08647
333.08552
333.0843
333.08278
333.08095
333.07876
333.07614
333.07298
333.06906
333.06396
333.05668
333.04357
333.08758
333.08738
333.08693
333.08624
333.08529
333.08407
333.08255
333.08072
333.07853
333.07591
333.07275
333.06883
333.06373
333.05645
333.04334
333.08735
333.08715
333.0867
333.08601
333.08506
333.08383
333.08232
333.08049
333.0783
333.07568
333.07252
333.0686
333.0635
333.05622
333.04311
333.08712
333.08692
333.08647
333.08578
333.08483
333.0836
333.08209
333.08026
333.07807
333.07545
333.07229
333.06837
333.06327
333.05598
333.04287
333.08689
333.08669
333.08624
333.08554
333.08459
333.08337
333.08186
333.08003
333.07784
333.07522
333.07206
333.06814
333.06304
333.05575
333.04264
333.08666
333.08645
333.08601
333.08531
333.08436
333.08314
333.08163
333.0798
333.07761
333.07499
333.07183
333.06791
333.06281
333.05552
333.0424
333.08642
333.08622
333.08577
333.08508
333.08413
333.08291
333.0814
333.07957
333.07738
333.07476
333.0716
333.06768
333.06258
333.05529
333.04217
333.08619
333.08599
333.08554
333.08485
333.0839
333.08268
333.08116
333.07934
333.07715
333.07453
333.07137
333.06745
333.06235
333.05506
333.04194
333.08596
333.08576
333.08531
333.08462
333.08367
333.08244
333.08093
333.0791
333.07692
333.0743
333.07114
333.06722
333.06212
333.05483
333.0417
333.08573
333.08553
333.08508
333.08438
333.08343
333.08221
333.0807
333.07887
333.07668
333.07407
333.07091
333.06699
333.06189
333.0546
333.04147
333.08549
333.08529
333.08484
333.08415
333.0832
333.08198
333.08047
333.07864
333.07645
333.07384
333.07068
333.06676
333.06166
333.05436
333.04123
333.08526
333.08506
333.08461
333.08392
333.08297
333.08175
333.08024
333.07841
333.07622
333.07361
333.07045
333.06653
333.06142
333.05413
333.04099
333.08503
333.08483
333.08438
333.08369
333.08274
333.08152
333.08001
333.07818
333.07599
333.07338
333.07021
333.0663
333.06119
333.0539
333.04076
333.0848
333.0846
333.08415
333.08346
333.08251
333.08129
333.07977
333.07795
333.07576
333.07314
333.06998
333.06606
333.06096
333.05367
333.04052
333.08457
333.08436
333.08392
333.08322
333.08227
333.08105
333.07954
333.07772
333.07553
333.07291
333.06975
333.06583
333.06073
333.05343
333.04028
333.08433
333.08413
333.08368
333.08299
333.08204
333.08082
333.07931
333.07748
333.0753
333.07268
333.06952
333.0656
333.0605
333.0532
333.04005
333.0841
333.0839
333.08345
333.08276
333.08181
333.08059
333.07908
333.07725
333.07507
333.07245
333.06929
333.06537
333.06027
333.05297
333.03981
333.08387
333.08367
333.08322
333.08253
333.08158
333.08036
333.07885
333.07702
333.07484
333.07222
333.06906
333.06514
333.06003
333.05273
333.03957
333.08364
333.08344
333.08299
333.08229
333.08135
333.08013
333.07862
333.07679
333.0746
333.07199
333.06883
333.06491
333.0598
333.0525
333.03933
333.0834
333.0832
333.08276
333.08206
333.08111
333.07989
333.07839
333.07656
333.07437
333.07176
333.0686
333.06468
333.05957
333.05226
333.03909
333.08317
333.08297
333.08252
333.08183
333.08088
333.07966
333.07815
333.07633
333.07414
333.07153
333.06837
333.06444
333.05934
333.05203
333.03886
333.08294
333.08274
333.08229
333.0816
333.08065
333.07943
333.07792
333.0761
333.07391
333.07129
333.06813
333.06421
333.0591
333.0518
333.03862
333.08271
333.08251
333.08206
333.08137
333.08042
333.0792
333.07769
333.07586
333.07368
333.07106
333.0679
333.06398
333.05887
333.05156
333.03838
333.08248
333.08227
333.08183
333.08113
333.08019
333.07897
333.07746
333.07563
333.07345
333.07083
333.06767
333.06375
333.05864
333.05132
333.03814
333.08224
333.08204
333.08159
333.0809
333.07995
333.07874
333.07723
333.0754
333.07321
333.0706
333.06744
333.06352
333.0584
333.05109
333.03789
333.08201
333.08181
333.08136
333.08067
333.07972
333.0785
333.07699
333.07517
333.07298
333.07037
333.06721
333.06328
333.05817
333.05085
333.03765
333.08178
333.08158
333.08113
333.08044
333.07949
333.07827
333.07676
333.07494
333.07275
333.07014
333.06697
333.06305
333.05794
333.05062
333.03741
333.08155
333.08135
333.0809
333.08021
333.07926
333.07804
333.07653
333.07471
333.07252
333.0699
333.06674
333.06282
333.0577
333.05038
333.03717
333.08131
333.08111
333.08067
333.07997
333.07903
333.07781
333.0763
333.07447
333.07229
333.06967
333.06651
333.06258
333.05747
333.05014
333.03693
333.08108
333.08088
333.08043
333.07974
333.07879
333.07758
333.07607
333.07424
333.07206
333.06944
333.06628
333.06235
333.05723
333.04991
333.03668
333.08085
333.08065
333.0802
333.07951
333.07856
333.07734
333.07583
333.07401
333.07182
333.06921
333.06604
333.06212
333.057
333.04967
333.03644
333.08062
333.08042
333.07997
333.07928
333.07833
333.07711
333.0756
333.07378
333.07159
333.06898
333.06581
333.06188
333.05676
333.04943
333.0362
333.08038
333.08018
333.07974
333.07904
333.0781
333.07688
333.07537
333.07355
333.07136
333.06874
333.06558
333.06165
333.05653
333.04919
333.03595
333.08015
333.07995
333.0795
333.07881
333.07786
333.07665
333.07514
333.07331
333.07113
333.06851
333.06535
333.06142
333.05629
333.04896
333.03571
333.07992
333.07972
333.07927
333.07858
333.07763
333.07641
333.07491
333.07308
333.07089
333.06828
333.06511
333.06118
333.05606
333.04872
333.03546
333.07969
333.07949
333.07904
333.07835
333.0774
333.07618
333.07467
333.07285
333.07066
333.06805
333.06488
333.06095
333.05582
333.04848
333.03522
333.07946
333.07925
333.07881
333.07812
333.07717
333.07595
333.07444
333.07262
333.07043
333.06781
333.06465
333.06072
333.05559
333.04824
333.03497
333.07922
333.07902
333.07857
333.07788
333.07694
333.07572
333.07421
333.07238
333.0702
333.06758
333.06441
333.06048
333.05535
333.048
333.03472
333.07899
333.07879
333.07834
333.07765
333.0767
333.07549
333.07398
333.07215
333.06996
333.06735
333.06418
333.06025
333.05511
333.04776
333.03448
333.07876
333.07856
333.07811
333.07742
333.07647
333.07525
333.07374
333.07192
333.06973
333.06711
333.06395
333.06001
333.05488
333.04752
333.03423
333.07853
333.07832
333.07788
333.07719
333.07624
333.07502
333.07351
333.07169
333.0695
333.06688
333.06371
333.05978
333.05464
333.04728
333.03398
333.07829
333.07809
333.07765
333.07695
333.07601
333.07479
333.07328
333.07145
333.06927
333.06665
333.06348
333.05954
333.0544
333.04704
333.03373
333.07806
333.07786
333.07741
333.07672
333.07577
333.07456
333.07305
333.07122
333.06903
333.06641
333.06324
333.0593
333.05417
333.0468
333.03348
333.07783
333.07763
333.07718
333.07649
333.07554
333.07432
333.07281
333.07099
333.0688
333.06618
333.06301
333.05907
333.05393
333.04656
333.03323
333.0776
333.07739
333.07695
333.07626
333.07531
333.07409
333.07258
333.07076
333.06857
333.06595
333.06277
333.05883
333.05369
333.04631
333.03298
333.07736
333.07716
333.07672
333.07602
333.07508
333.07386
333.07235
333.07052
333.06833
333.06571
333.06254
333.0586
333.05345
333.04607
333.03273
333.07713
333.07693
333.07648
333.07579
333.07484
333.07362
333.07212
333.07029
333.0681
333.06548
333.0623
333.05836
333.05321
333.04583
333.03248
333.0769
333.0767
333.07625
333.07556
333.07461
333.07339
333.07188
333.07006
333.06787
333.06524
333.06207
333.05812
333.05297
333.04559
333.03222
333.07666
333.07646
333.07602
333.07533
333.07438
333.07316
333.07165
333.06982
333.06763
333.06501
333.06183
333.05789
333.05273
333.04534
333.03197
333.07643
333.07623
333.07578
333.07509
333.07414
333.07293
333.07142
333.06959
333.0674
333.06478
333.0616
333.05765
333.05249
333.0451
333.03172
333.0762
333.076
333.07555
333.07486
333.07391
333.07269
333.07118
333.06936
333.06717
333.06454
333.06136
333.05741
333.05225
333.04485
333.03146
333.07597
333.07577
333.07532
333.07463
333.07368
333.07246
333.07095
333.06912
333.06693
333.06431
333.06113
333.05718
333.05201
333.04461
333.03121
333.07573
333.07553
333.07509
333.07439
333.07345
333.07223
333.07072
333.06889
333.0667
333.06407
333.06089
333.05694
333.05177
333.04436
333.03095
333.0755
333.0753
333.07485
333.07416
333.07321
333.07199
333.07048
333.06866
333.06646
333.06384
333.06065
333.0567
333.05153
333.04412
333.0307
333.07527
333.07507
333.07462
333.07393
333.07298
333.07176
333.07025
333.06842
333.06623
333.0636
333.06042
333.05646
333.05129
333.04387
333.03044
333.07503
333.07483
333.07439
333.0737
333.07275
333.07153
333.07002
333.06819
333.06599
333.06337
333.06018
333.05622
333.05105
333.04363
333.03018
333.0748
333.0746
333.07415
333.07346
333.07251
333.07129
333.06978
333.06795
333.06576
333.06313
333.05994
333.05598
333.05081
333.04338
333.02992
333.07457
333.07437
333.07392
333.07323
333.07228
333.07106
333.06955
333.06772
333.06552
333.06289
333.05971
333.05574
333.05057
333.04313
333.02966
333.07434
333.07414
333.07369
333.073
333.07205
333.07083
333.06932
333.06748
333.06529
333.06266
333.05947
333.05551
333.05032
333.04288
333.0294
333.0741
333.0739
333.07345
333.07276
333.07181
333.07059
333.06908
333.06725
333.06505
333.06242
333.05923
333.05527
333.05008
333.04263
333.02914
333.07387
333.07367
333.07322
333.07253
333.07158
333.07036
333.06885
333.06702
333.06482
333.06219
333.05899
333.05503
333.04984
333.04238
333.02888
333.07364
333.07344
333.07299
333.0723
333.07135
333.07013
333.06861
333.06678
333.06458
333.06195
333.05876
333.05479
333.04959
333.04213
333.02862
333.0734
333.0732
333.07275
333.07206
333.07111
333.06989
333.06838
333.06655
333.06435
333.06171
333.05852
333.05454
333.04935
333.04188
333.02836
333.07317
333.07297
333.07252
333.07183
333.07088
333.06966
333.06815
333.06631
333.06411
333.06148
333.05828
333.0543
333.0491
333.04163
333.02809
333.07294
333.07274
333.07229
333.0716
333.07065
333.06942
333.06791
333.06608
333.06388
333.06124
333.05804
333.05406
333.04886
333.04138
333.02783
333.0727
333.0725
333.07205
333.07136
333.07041
333.06919
333.06768
333.06584
333.06364
333.061
333.0578
333.05382
333.04861
333.04113
333.02756
333.07247
333.07227
333.07182
333.07113
333.07018
333.06896
333.06744
333.06561
333.0634
333.06076
333.05756
333.05358
333.04837
333.04088
333.02729
333.07224
333.07204
333.07159
333.07089
333.06994
333.06872
333.06721
333.06537
333.06317
333.06053
333.05732
333.05334
333.04812
333.04063
333.02703
333.072
333.0718
333.07135
333.07066
333.06971
333.06849
333.06697
333.06513
333.06293
333.06029
333.05708
333.05309
333.04788
333.04037
333.02676
333.07177
333.07157
333.07112
333.07043
333.06948
333.06825
333.06674
333.0649
333.06269
333.06005
333.05684
333.05285
333.04763
333.04012
333.02649
333.07153
333.07133
333.07089
333.07019
333.06924
333.06802
333.0665
333.06466
333.06246
333.05981
333.0566
333.05261
333.04738
333.03986
333.02622
333.0713
333.0711
333.07065
333.06996
333.06901
333.06778
333.06627
333.06443
333.06222
333.05957
333.05636
333.05236
333.04713
333.03961
333.02595
333.07107
333.07087
333.07042
333.06972
333.06877
333.06755
333.06603
333.06419
333.06198
333.05933
333.05612
333.05212
333.04688
333.03935
333.02568
333.07083
333.07063
333.07018
333.06949
333.06854
333.06731
333.06579
333.06395
333.06174
333.05909
333.05588
333.05188
333.04663
333.03909
333.0254
333.0706
333.0704
333.06995
333.06925
333.0683
333.06708
333.06556
333.06372
333.06151
333.05886
333.05564
333.05163
333.04639
333.03884
333.02513
333.07037
333.07016
333.06971
333.06902
333.06807
333.06684
333.06532
333.06348
333.06127
333.05862
333.0554
333.05139
333.04614
333.03858
333.02485
333.07013
333.06993
333.06948
333.06879
333.06783
333.06661
333.06509
333.06324
333.06103
333.05838
333.05515
333.05114
333.04588
333.03832
333.02458
333.0699
333.0697
333.06925
333.06855
333.0676
333.06637
333.06485
333.06301
333.06079
333.05814
333.05491
333.05089
333.04563
333.03806
333.0243
333.06966
333.06946
333.06901
333.06832
333.06736
333.06614
333.06461
333.06277
333.06055
333.05789
333.05467
333.05065
333.04538
333.0378
333.02402
333.06943
333.06923
333.06878
333.06808
333.06713
333.0659
333.06438
333.06253
333.06031
333.05765
333.05442
333.0504
333.04513
333.03754
333.02374
333.06919
333.06899
333.06854
333.06785
333.06689
333.06566
333.06414
333.06229
333.06007
333.05741
333.05418
333.05015
333.04488
333.03728
333.02346
333.06896
333.06876
333.06831
333.06761
333.06666
333.06543
333.0639
333.06205
333.05984
333.05717
333.05394
333.04991
333.04462
333.03702
333.02318
333.06872
333.06852
333.06807
333.06738
333.06642
333.06519
333.06367
333.06182
333.0596
333.05693
333.05369
333.04966
333.04437
333.03675
333.02289
333.06849
333.06829
333.06784
333.06714
333.06618
333.06495
333.06343
333.06158
333.05936
333.05669
333.05345
333.04941
333.04412
333.03649
333.02261
333.06825
333.06805
333.0676
333.0669
333.06595
333.06472
333.06319
333.06134
333.05912
333.05645
333.0532
333.04916
333.04386
333.03622
333.02232
333.06802
333.06782
333.06737
333.06667
333.06571
333.06448
333.06295
333.0611
333.05887
333.0562
333.05296
333.04891
333.0436
333.03596
333.02203
333.06778
333.06758
333.06713
333.06643
333.06548
333.06424
333.06272
333.06086
333.05863
333.05596
333.05271
333.04866
333.04335
333.03569
333.02174
333.06755
333.06735
333.06689
333.0662
333.06524
333.06401
333.06248
333.06062
333.05839
333.05572
333.05247
333.04841
333.04309
333.03542
333.02145
333.06731
333.06711
333.06666
333.06596
333.065
333.06377
333.06224
333.06038
333.05815
333.05547
333.05222
333.04816
333.04283
333.03515
333.02116
333.06708
333.06687
333.06642
333.06572
333.06477
333.06353
333.062
333.06014
333.05791
333.05523
333.05197
333.04791
333.04258
333.03488
333.02087
333.06684
333.06664
333.06619
333.06549
333.06453
333.06329
333.06176
333.0599
333.05767
333.05498
333.05172
333.04765
333.04232
333.03461
333.02057
333.06661
333.0664
333.06595
333.06525
333.06429
333.06306
333.06152
333.05966
333.05743
333.05474
333.05148
333.0474
333.04206
333.03434
333.02028
333.06637
333.06617
333.06571
333.06501
333.06405
333.06282
333.06128
333.05942
333.05718
333.05449
333.05123
333.04715
333.0418
333.03407
333.01998
333.06613
333.06593
333.06548
333.06478
333.06382
333.06258
333.06104
333.05918
333.05694
333.05425
333.05098
333.04689
333.04154
333.0338
333.01968
333.0659
333.06569
333.06524
333.06454
333.06358
333.06234
333.0608
333.05894
333.0567
333.054
333.05073
333.04664
333.04127
333.03352
333.01938
333.06566
333.06546
333.065
333.0643
333.06334
333.0621
333.06056
333.0587
333.05645
333.05376
333.05048
333.04639
333.04101
333.03325
333.01907
333.06542
333.06522
333.06477
333.06407
333.0631
333.06186
333.06032
333.05845
333.05621
333.05351
333.05023
333.04613
333.04075
333.03297
333.01877
333.06519
333.06498
333.06453
333.06383
333.06286
333.06162
333.06008
333.05821
333.05596
333.05326
333.04998
333.04587
333.04048
333.03269
333.01846
333.06495
333.06475
333.06429
333.06359
333.06263
333.06138
333.05984
333.05797
333.05572
333.05302
333.04973
333.04562
333.04022
333.03241
333.01815
333.06471
333.06451
333.06405
333.06335
333.06239
333.06114
333.0596
333.05773
333.05548
333.05277
333.04947
333.04536
333.03995
333.03213
333.01784
333.06448
333.06427
333.06382
333.06311
333.06215
333.0609
333.05936
333.05748
333.05523
333.05252
333.04922
333.0451
333.03968
333.03185
333.01753
333.06424
333.06403
333.06358
333.06287
333.06191
333.06066
333.05912
333.05724
333.05498
333.05227
333.04897
333.04484
333.03941
333.03157
333.01721
333.064
333.0638
333.06334
333.06264
333.06167
333.06042
333.05888
333.057
333.05474
333.05202
333.04871
333.04458
333.03915
333.03128
333.01689
333.06376
333.06356
333.0631
333.0624
333.06143
333.06018
333.05863
333.05675
333.05449
333.05177
333.04846
333.04432
333.03888
333.031
333.01657
333.06352
333.06332
333.06286
333.06216
333.06119
333.05994
333.05839
333.05651
333.05424
333.05152
333.0482
333.04406
333.0386
333.03071
333.01625
333.06329
333.06308
333.06263
333.06192
333.06095
333.0597
333.05815
333.05626
333.054
333.05127
333.04795
333.0438
333.03833
333.03042
333.01592
333.06305
333.06284
333.06239
333.06168
333.06071
333.05946
333.05791
333.05602
333.05375
333.05102
333.04769
333.04353
333.03806
333.03013
333.01559
333.06281
333.0626
333.06215
333.06144
333.06047
333.05922
333.05766
333.05577
333.0535
333.05077
333.04744
333.04327
333.03778
333.02984
333.01526
333.06257
333.06237
333.06191
333.0612
333.06023
333.05897
333.05742
333.05553
333.05325
333.05051
333.04718
333.043
333.03751
333.02954
333.01492
333.06233
333.06213
333.06167
333.06096
333.05999
333.05873
333.05717
333.05528
333.053
333.05026
333.04692
333.04274
333.03723
333.02925
333.01458
333.06209
333.06189
333.06143
333.06072
333.05974
333.05849
333.05693
333.05503
333.05275
333.05001
333.04666
333.04247
333.03695
333.02895
333.01424
333.06185
333.06165
333.06119
333.06048
333.0595
333.05825
333.05668
333.05479
333.0525
333.04975
333.0464
333.0422
333.03667
333.02865
333.01389
333.06161
333.06141
333.06095
333.06024
333.05926
333.058
333.05644
333.05454
333.05225
333.0495
333.04614
333.04194
333.03639
333.02834
333.01354
333.06137
333.06117
333.06071
333.06
333.05902
333.05776
333.05619
333.05429
333.052
333.04924
333.04588
333.04167
333.03611
333.02804
333.01318
333.06113
333.06093
333.06047
333.05975
333.05878
333.05751
333.05595
333.05404
333.05175
333.04899
333.04562
333.04139
333.03582
333.02773
333.01282
333.06089
333.06069
333.06023
333.05951
333.05853
333.05727
333.0557
333.05379
333.0515
333.04873
333.04535
333.04112
333.03554
333.02742
333.01245
333.06065
333.06044
333.05998
333.05927
333.05829
333.05703
333.05545
333.05354
333.05124
333.04847
333.04509
333.04085
333.03525
333.02711
333.01208
333.06041
333.0602
333.05974
333.05903
333.05805
333.05678
333.05521
333.05329
333.05099
333.04821
333.04482
333.04057
333.03496
333.02679
333.01169
333.06017
333.05996
333.0595
333.05878
333.0578
333.05653
333.05496
333.05304
333.05073
333.04795
333.04456
333.0403
333.03467
333.02647
333.0113
333.05993
333.05972
333.05926
333.05854
333.05756
333.05629
333.05471
333.05279
333.05048
333.04769
333.04429
333.04002
333.03437
333.02614
333.01089
333.05969
333.05948
333.05902
333.0583
333.05731
333.05604
333.05446
333.05254
333.05022
333.04743
333.04402
333.03974
333.03408
333.02581
333.01047
333.05944
333.05924
333.05877
333.05805
333.05707
333.0558
333.05421
333.05229
333.04997
333.04717
333.04375
333.03946
333.03378
333.02547
333.01002
333.0592
333.059
333.05853
333.05781
333.05682
333.05555
333.05397
333.05204
333.04971
333.04691
333.04348
333.03918
333.03347
333.02512
333.00953
)
;

boundaryField
{
    water_inlet
    {
        type            fixedValue;
        value           uniform 333.15;
    }
    water_outlet
    {
        type            zeroGradient;
    }
    water_wedge1
    {
        type            wedge;
    }
    water_wedge2
    {
        type            wedge;
    }
    water_to_rock
    {
        type            compressible::turbulentTemperatureRadCoupledMixed;
        refValue        nonuniform List<scalar> 
400
(
317.72848
320.4104
321.94226
322.92294
323.61135
324.12907
324.53836
324.87394
325.15664
325.39983
325.61253
325.80106
325.97005
326.12295
326.26243
326.39054
326.50893
326.61894
326.72164
326.81792
326.90852
326.99405
327.07505
327.15195
327.22513
327.29492
327.3616
327.42541
327.48659
327.54532
327.60178
327.65611
327.70847
327.75898
327.80775
327.85489
327.90048
327.94463
327.9874
328.02887
328.06911
328.10817
328.14612
328.18301
328.21888
328.25379
328.28776
328.32085
328.35309
328.3845
328.41513
328.44501
328.47415
328.50259
328.53035
328.55746
328.58393
328.60979
328.63505
328.65974
328.68387
328.70747
328.73053
328.75309
328.77515
328.79672
328.81783
328.83848
328.85869
328.87846
328.89782
328.91675
328.93529
328.95344
328.9712
328.98859
329.00562
329.02229
329.03861
329.0546
329.07025
329.08557
329.10058
329.11528
329.12967
329.14376
329.15757
329.17109
329.18433
329.19729
329.20999
329.22243
329.23461
329.24654
329.25822
329.26966
329.28086
329.29184
329.30258
329.3131
329.32341
329.3335
329.34338
329.35305
329.36253
329.3718
329.38088
329.38977
329.39848
329.407
329.41534
329.42351
329.4315
329.43933
329.44699
329.45448
329.46182
329.46899
329.47602
329.48289
329.48962
329.4962
329.50263
329.50893
329.51509
329.52111
329.527
329.53276
329.5384
329.54391
329.54929
329.55456
329.5597
329.56473
329.56965
329.57445
329.57915
329.58373
329.58822
329.59259
329.59687
329.60104
329.60512
329.6091
329.61299
329.61679
329.62049
329.6241
329.62763
329.63107
329.63443
329.63771
329.6409
329.64402
329.64706
329.65002
329.65291
329.65572
329.65846
329.66113
329.66374
329.66627
329.66874
329.67114
329.67348
329.67576
329.67798
329.68013
329.68223
329.68426
329.68625
329.68817
329.69004
329.69186
329.69362
329.69534
329.697
329.69861
329.70018
329.70169
329.70316
329.70459
329.70597
329.7073
329.70859
329.70984
329.71104
329.71221
329.71333
329.71442
329.71546
329.71647
329.71744
329.71838
329.71927
329.72013
329.72096
329.72175
329.72251
329.72323
329.72392
329.72458
329.72521
329.7258
329.72637
329.7269
329.72741
329.72788
329.72833
329.72875
329.72913
329.7295
329.72983
329.73014
329.73041
329.73067
329.7309
329.7311
329.73127
329.73142
329.73155
329.73165
329.73172
329.73178
329.7318
329.73181
329.73179
329.73174
329.73168
329.73159
329.73147
329.73134
329.73118
329.731
329.73079
329.73057
329.73032
329.73005
329.72975
329.72944
329.7291
329.72874
329.72836
329.72796
329.72753
329.72708
329.72661
329.72612
329.7256
329.72507
329.72451
329.72393
329.72332
329.7227
329.72205
329.72137
329.72068
329.71996
329.71922
329.71845
329.71766
329.71685
329.71602
329.71516
329.71427
329.71336
329.71243
329.71147
329.71048
329.70947
329.70843
329.70737
329.70628
329.70517
329.70402
329.70285
329.70165
329.70043
329.69917
329.69788
329.69657
329.69523
329.69385
329.69245
329.69101
329.68954
329.68804
329.68651
329.68494
329.68334
329.68171
329.68004
329.67834
329.6766
329.67482
329.673
329.67115
329.66926
329.66733
329.66536
329.66335
329.6613
329.65921
329.65708
329.6549
329.65267
329.6504
329.64809
329.64573
329.64332
329.64086
329.63836
329.6358
329.63319
329.63053
329.62782
329.62505
329.62222
329.61934
329.61641
329.61341
329.61035
329.60723
329.60405
329.60081
329.5975
329.59412
329.59068
329.58717
329.58359
329.57993
329.5762
329.5724
329.56852
329.56456
329.56052
329.5564
329.55219
329.5479
329.54352
329.53905
329.53449
329.52984
329.52508
329.52023
329.51528
329.51023
329.50507
329.49979
329.49441
329.48891
329.4833
329.47756
329.4717
329.4657
329.45958
329.45332
329.44692
329.44037
329.43368
329.42683
329.41982
329.41264
329.40529
329.39777
329.39006
329.38215
329.37405
329.36574
329.3572
329.34845
329.33945
329.3302
329.32069
329.31089
329.30081
329.29041
329.27968
329.2686
329.25713
329.24526
329.23295
329.22017
329.20686
329.19298
329.17848
329.16327
329.14728
329.13039
329.11247
329.09335
329.0728
329.05052
329.02606
328.99877
328.96761
328.93078
328.88491
328.823
328.72916
)
;
        refGradient     uniform 0;
        valueFraction   nonuniform List<scalar> 
400
(
0.032673807
0.028204568
0.025684431
0.024212431
0.023360125
0.022897446
0.022689133
0.022650166
0.022724426
0.022873521
0.023070448
0.023295771
0.023535206
0.023778069
0.024016252
0.024243575
0.024455385
0.024648328
0.024820224
0.024969997
0.025097595
0.025203872
0.025290422
0.025359364
0.025413115
0.025454171
0.025484927
0.02550755
0.025523909
0.025535555
0.025543726
0.025549387
0.025553265
0.025555896
0.025557664
0.025558832
0.025559578
0.02556001
0.02556019
0.025560144
0.02555988
0.025559388
0.025558652
0.025557653
0.02555637
0.025554785
0.025552882
0.025550648
0.025548073
0.025545151
0.025541879
0.025538257
0.025534286
0.025529971
0.025525318
0.025520333
0.025515025
0.025509404
0.025503478
0.02549726
0.025490758
0.025483984
0.025476953
0.025469678
0.025462175
0.025454462
0.025446553
0.025438463
0.025430201
0.025421777
0.025413197
0.025404468
0.025395592
0.025386578
0.025377431
0.025368159
0.025358767
0.025349263
0.025339652
0.025329941
0.025320136
0.025310245
0.025300273
0.025290227
0.025280112
0.025269936
0.025259703
0.025249421
0.025239095
0.025228731
0.025218334
0.025207911
0.025197467
0.025187007
0.025176538
0.025166064
0.025155592
0.025145126
0.025134673
0.025124237
0.025113825
0.025103442
0.025093095
0.025082788
0.025072528
0.025062321
0.025052175
0.025042095
0.025032088
0.025022163
0.025012327
0.025002586
0.024992951
0.024983429
0.024974028
0.024964759
0.02495563
0.024946651
0.024937831
0.02492918
0.024920708
0.024912425
0.024904339
0.02489646
0.024888798
0.024881361
0.024874156
0.024867191
0.024860474
0.024854011
0.024847807
0.024841867
0.024836194
0.024830792
0.024825664
0.024820809
0.02481623
0.024811924
0.024807892
0.02480413
0.024800637
0.024797408
0.024794439
0.024791726
0.024789262
0.024787042
0.024785059
0.024783306
0.024781776
0.024780462
0.024779356
0.024778449
0.024777733
0.024777201
0.024776843
0.024776652
0.024776619
0.024776736
0.024776994
0.024777386
0.024777903
0.024778539
0.024779284
0.024780131
0.024781074
0.024782106
0.024783218
0.024784406
0.024785661
0.02478698
0.024788356
0.024789786
0.024791265
0.024792788
0.024794351
0.024795949
0.024797577
0.024799229
0.024800901
0.024802589
0.024804288
0.024805995
0.024807706
0.024809418
0.024811127
0.024812831
0.024814526
0.024816211
0.024817882
0.024819538
0.024821176
0.024822795
0.024824393
0.024825968
0.024827519
0.024829045
0.024830545
0.024832016
0.02483346
0.024834873
0.024836257
0.02483761
0.024838931
0.024840221
0.024841478
0.024842703
0.024843895
0.024845054
0.024846179
0.024847272
0.024848332
0.024849358
0.024850351
0.024851312
0.02485224
0.024853135
0.024853998
0.024854829
0.024855629
0.024856397
0.024857135
0.024857842
0.024858519
0.024859167
0.024859786
0.024860376
0.024860938
0.024861473
0.02486198
0.024862462
0.024862917
0.024863348
0.024863753
0.024864135
0.024864493
0.024864829
0.024865142
0.024865433
0.024865703
0.024865953
0.024866183
0.024866394
0.024866587
0.024866761
0.024866918
0.024867058
0.024867182
0.024867291
0.024867384
0.024867463
0.024867528
0.02486758
0.024867619
0.024867645
0.024867661
0.024867665
0.024867658
0.024867641
0.024867614
0.024867579
0.024867534
0.024867482
0.024867422
0.024867354
0.024867279
0.024867199
0.024867112
0.024867019
0.024866922
0.024866819
0.024866712
0.024866602
0.024866488
0.02486637
0.02486625
0.024866128
0.024866004
0.024865878
0.02486575
0.024865621
0.024865492
0.024865361
0.024865229
0.024865097
0.024864965
0.024864833
0.0248647
0.024864568
0.024864437
0.024864306
0.024864176
0.024864046
0.024863918
0.024863791
0.024863666
0.024863542
0.024863419
0.024863298
0.024863179
0.024863062
0.024862947
0.024862833
0.024862722
0.024862613
0.024862506
0.024862401
0.024862299
0.024862199
0.024862101
0.024862006
0.024861913
0.024861823
0.024861735
0.02486165
0.024861568
0.024861488
0.02486141
0.024861335
0.024861263
0.024861193
0.024861125
0.02486106
0.024860997
0.024860936
0.024860878
0.024860822
0.024860768
0.024860716
0.024860667
0.02486062
0.024860575
0.024860533
0.024860493
0.024860455
0.024860419
0.024860386
0.024860355
0.024860326
0.024860299
0.024860273
0.024860249
0.024860227
0.024860206
0.024860186
0.024860167
0.024860149
0.024860133
0.024860117
0.024860102
0.024860089
0.024860077
0.024860067
0.024860059
0.024860052
0.024860048
0.024860045
0.024860045
0.024860047
0.02486005
0.024860055
0.02486006
0.024860066
0.024860072
0.024860077
0.024860082
0.024860085
0.024860086
0.024860086
0.024860085
0.024860083
0.02486008
0.024860078
0.024860076
0.024860077
0.02486008
0.024860087
0.024860098
0.024860114
0.024860133
0.024860155
0.024860181
0.024860208
0.024860236
0.024860263
0.024860289
0.024860311
0.024860327
0.024860338
0.024860341
0.024860337
0.024860326
0.02486031
0.024860289
0.024860267
0.024860247
0.02486023
0.02486022
0.024860218
0.024860226
0.024860245
)
;
        source          uniform 0;
        value           nonuniform List<scalar> 
400
(
332.63891
332.77771
332.84429
332.88027
332.90125
332.91404
332.92201
332.92699
332.93004
332.93184
332.93282
332.93327
332.93339
332.93332
332.93318
332.93303
332.93294
332.93293
332.93305
332.93329
332.93366
332.93417
332.93479
332.9355
332.93631
332.93718
332.93809
332.93904
332.94001
332.94099
332.94196
332.94294
332.9439
332.94485
332.94578
332.9467
332.94759
332.94847
332.94933
332.95018
332.951
332.95181
332.9526
332.95337
332.95413
332.95488
332.95561
332.95632
332.95702
332.95771
332.95839
332.95905
332.9597
332.96034
332.96097
332.96159
332.9622
332.96279
332.96338
332.96395
332.96451
332.96507
332.96561
332.96615
332.96667
332.96719
332.9677
332.96819
332.96868
332.96916
332.96963
332.9701
332.97055
332.97099
332.97143
332.97186
332.97228
332.97269
332.97309
332.97349
332.97387
332.97425
332.97463
332.97499
332.97535
332.9757
332.97604
332.97638
332.9767
332.97702
332.97734
332.97764
332.97794
332.97824
332.97852
332.9788
332.97908
332.97934
332.9796
332.97986
332.9801
332.98034
332.98058
332.98081
332.98103
332.98124
332.98145
332.98166
332.98185
332.98204
332.98223
332.98241
332.98258
332.98275
332.98291
332.98306
332.98321
332.98336
332.98349
332.98362
332.98375
332.98387
332.98398
332.98409
332.98419
332.98428
332.98437
332.98445
332.98453
332.9846
332.98466
332.98472
332.98477
332.98482
332.98486
332.98489
332.98492
332.98494
332.98495
332.98496
332.98497
332.98497
332.98496
332.98495
332.98493
332.9849
332.98488
332.98484
332.9848
332.98476
332.98471
332.98465
332.98459
332.98453
332.98446
332.98438
332.98431
332.98422
332.98414
332.98405
332.98395
332.98385
332.98375
332.98364
332.98353
332.98342
332.9833
332.98318
332.98306
332.98293
332.9828
332.98267
332.98253
332.98239
332.98225
332.98211
332.98196
332.98181
332.98166
332.98151
332.98135
332.98119
332.98103
332.98087
332.9807
332.98054
332.98037
332.9802
332.98002
332.97985
332.97967
332.97949
332.97931
332.97913
332.97895
332.97877
332.97858
332.97839
332.97821
332.97802
332.97782
332.97763
332.97744
332.97724
332.97705
332.97685
332.97665
332.97645
332.97625
332.97605
332.97585
332.97564
332.97544
332.97523
332.97503
332.97482
332.97461
332.9744
332.97419
332.97398
332.97377
332.97356
332.97334
332.97313
332.97291
332.9727
332.97248
332.97226
332.97205
332.97183
332.97161
332.97139
332.97117
332.97094
332.97072
332.9705
332.97027
332.97005
332.96982
332.9696
332.96937
332.96914
332.96892
332.96869
332.96846
332.96823
332.96799
332.96776
332.96753
332.9673
332.96706
332.96683
332.96659
332.96636
332.96612
332.96588
332.96564
332.9654
332.96516
332.96492
332.96468
332.96444
332.96419
332.96395
332.9637
332.96346
332.96321
332.96296
332.96272
332.96247
332.96222
332.96196
332.96171
332.96146
332.96121
332.96095
332.9607
332.96044
332.96018
332.95992
332.95966
332.9594
332.95914
332.95888
332.95861
332.95835
332.95808
332.95781
332.95755
332.95728
332.957
332.95673
332.95646
332.95618
332.95591
332.95563
332.95535
332.95507
332.95479
332.95451
332.95423
332.95394
332.95365
332.95336
332.95307
332.95278
332.95249
332.9522
332.9519
332.9516
332.9513
332.951
332.9507
332.95039
332.95009
332.94978
332.94947
332.94916
332.94884
332.94853
332.94821
332.94789
332.94756
332.94724
332.94691
332.94658
332.94625
332.94592
332.94558
332.94525
332.9449
332.94456
332.94422
332.94387
332.94352
332.94316
332.94281
332.94245
332.94208
332.94172
332.94135
332.94098
332.9406
332.94023
332.93984
332.93946
332.93907
332.93868
332.93828
332.93788
332.93748
332.93707
332.93666
332.93625
332.93583
332.9354
332.93498
332.93454
332.9341
332.93366
332.93321
332.93276
332.9323
332.93184
332.93137
332.93089
332.93041
332.92992
332.92942
332.92892
332.92841
332.92789
332.92736
332.92683
332.92629
332.92573
332.92517
332.9246
332.92402
332.92342
332.92281
332.92219
332.92155
332.9209
332.92023
332.91954
332.91883
332.9181
332.91734
332.91655
332.91573
332.91487
332.91395
332.91298
332.91193
332.91077
332.90946
332.9079
332.90592
332.90311
)
;
        logInterval     -1;
        writePrecision  8;
        updateHeader    1;
        writeToFile     0;
        useUserTime     1;
        kappaMethod     fluidThermo;
    }
}


// ************************************************************************* //
