/*--------------------------------*- C++ -*----------------------------------*\
| =========                 |                                                 |
| \\      /  F ield         | OpenFOAM: The Open Source CFD Toolbox           |
|  \\    /   O peration     | Version:  2506                                  |
|   \\  /    A nd           | Website:  www.openfoam.com                      |
|    \\/     M anipulation  |                                                 |
\*---------------------------------------------------------------------------*/
FoamFile
{
    version     2.0;
    format      ascii;
    arch        "LSB;label=32;scalar=64";
    class       volScalarField;
    location    "16000/water";
    object      T;
}
// * * * * * * * * * * * * * * * * * * * * * * * * * * * * * * * * * * * * * //

dimensions      [0 0 0 1 0 0 0];

internalField   nonuniform List<scalar> 
6000
(
333.15
333.15
333.15
333.15
333.15
333.15
333.15
333.15
333.15
333.15
333.15
333.14998
333.14989
333.14924
333.14256
333.15
333.15
333.15
333.15
333.15
333.15
333.15
333.15
333.15
333.15
333.14999
333.14994
333.14968
333.14816
333.13666
333.15
333.15
333.15
333.15
333.15
333.15
333.15
333.15
333.15
333.14999
333.14997
333.14987
333.14939
333.14689
333.13172
333.15
333.15
333.15
333.15
333.15
333.15
333.15
333.15
333.15
333.14999
333.14994
333.14976
333.14903
333.14547
333.12739
333.15
333.15
333.15
333.15
333.15
333.15
333.15
333.15
333.14999
333.14997
333.1499
333.14963
333.1486
333.14396
333.12351
333.15
333.15
333.15
333.15
333.15
333.15
333.15
333.15
333.14999
333.14996
333.14985
333.14947
333.14812
333.14237
333.11998
333.15
333.15
333.15
333.15
333.15
333.15
333.15
333.14999
333.14998
333.14994
333.14978
333.14929
333.1476
333.14073
333.11673
333.15
333.15
333.15
333.15
333.15
333.15
333.15
333.14999
333.14997
333.14991
333.1497
333.14909
333.14703
333.13906
333.11372
333.15
333.15
333.15
333.15
333.15
333.15
333.15
333.14999
333.14996
333.14987
333.14961
333.14886
333.14643
333.13736
333.11092
333.15
333.15
333.15
333.15
333.15
333.15
333.14999
333.14998
333.14994
333.14983
333.14951
333.14862
333.14578
333.13566
333.1083
333.15
333.15
333.15
333.15
333.15
333.15
333.14999
333.14998
333.14993
333.14978
333.1494
333.14836
333.1451
333.13396
333.10585
333.15
333.15
333.15
333.15
333.15
333.15
333.14999
333.14997
333.1499
333.14973
333.14928
333.14807
333.14437
333.13227
333.10356
333.15
333.15
333.15
333.15
333.15
333.14999
333.14998
333.14996
333.14988
333.14967
333.14915
333.14777
333.14361
333.13059
333.10143
333.15
333.15
333.15
333.15
333.15
333.14999
333.14998
333.14994
333.14985
333.14961
333.14901
333.14745
333.1428
333.12893
333.09943
333.15
333.15
333.15
333.15
333.15
333.14999
333.14997
333.14993
333.14982
333.14954
333.14886
333.1471
333.14195
333.1273
333.09758
333.15
333.15
333.15
333.15
333.15
333.14999
333.14997
333.14991
333.14978
333.14946
333.1487
333.14673
333.14106
333.12571
333.09586
333.15
333.15
333.15
333.15
333.14999
333.14998
333.14996
333.1499
333.14974
333.14938
333.14852
333.14634
333.14013
333.12416
333.09428
333.15
333.15
333.15
333.15
333.14999
333.14998
333.14995
333.14988
333.1497
333.14929
333.14834
333.14591
333.13915
333.12265
333.09282
333.15
333.15
333.15
333.15
333.14999
333.14998
333.14994
333.14985
333.14965
333.1492
333.14814
333.14546
333.13814
333.1212
333.09149
333.15
333.15
333.15
333.14999
333.14999
333.14997
333.14993
333.14983
333.1496
333.14909
333.14793
333.14497
333.13709
333.1198
333.09028
333.15
333.15
333.15
333.14999
333.14999
333.14997
333.14992
333.1498
333.14955
333.14899
333.1477
333.14444
333.13601
333.11846
333.08918
333.15
333.15
333.15
333.14999
333.14998
333.14996
333.1499
333.14977
333.14949
333.14887
333.14745
333.14388
333.13491
333.11718
333.08818
333.15
333.15
333.15
333.14999
333.14998
333.14995
333.14989
333.14974
333.14943
333.14875
333.14718
333.14328
333.13379
333.11597
333.08728
333.15
333.15
333.14999
333.14999
333.14998
333.14994
333.14987
333.14971
333.14936
333.14861
333.1469
333.14263
333.13266
333.11482
333.08647
333.15
333.15
333.14999
333.14999
333.14997
333.14993
333.14985
333.14967
333.14929
333.14847
333.14659
333.14195
333.13153
333.11374
333.08574
333.15
333.15
333.14999
333.14998
333.14997
333.14992
333.14983
333.14963
333.14921
333.14831
333.14625
333.14122
333.13042
333.11272
333.08508
333.15
333.15
333.14999
333.14998
333.14996
333.14991
333.14981
333.14959
333.14913
333.14815
333.14588
333.14046
333.12932
333.11175
333.08449
333.15
333.14999
333.14999
333.14998
333.14996
333.1499
333.14979
333.14954
333.14904
333.14797
333.14549
333.13967
333.12824
333.11085
333.08395
333.15
333.14999
333.14999
333.14998
333.14995
333.14989
333.14976
333.14949
333.14895
333.14777
333.14506
333.13885
333.1272
333.10999
333.08346
333.14999
333.14999
333.14999
333.14997
333.14994
333.14987
333.14973
333.14944
333.14884
333.14756
333.1446
333.13801
333.12619
333.10919
333.08302
333.14999
333.14999
333.14998
333.14997
333.14993
333.14986
333.1497
333.14939
333.14873
333.14733
333.14411
333.13715
333.12521
333.10843
333.08262
333.14999
333.14999
333.14998
333.14996
333.14992
333.14984
333.14967
333.14932
333.14862
333.14708
333.14359
333.13628
333.12427
333.10772
333.08225
333.14999
333.14999
333.14998
333.14996
333.14991
333.14982
333.14964
333.14926
333.14849
333.14681
333.14303
333.13541
333.12337
333.10705
333.08192
333.14999
333.14999
333.14998
333.14995
333.1499
333.1498
333.1496
333.14919
333.14835
333.14652
333.14244
333.13455
333.12251
333.10641
333.08161
333.14999
333.14998
333.14997
333.14995
333.14989
333.14978
333.14956
333.14911
333.1482
333.1462
333.14183
333.13369
333.12169
333.10581
333.08133
333.14999
333.14998
333.14997
333.14994
333.14988
333.14976
333.14952
333.14903
333.14803
333.14586
333.14119
333.13284
333.1209
333.10524
333.08106
333.14999
333.14998
333.14997
333.14993
333.14987
333.14974
333.14947
333.14894
333.14786
333.14549
333.14053
333.13201
333.12015
333.1047
333.08082
333.14998
333.14998
333.14996
333.14993
333.14985
333.14971
333.14942
333.14885
333.14766
333.14509
333.13986
333.1312
333.11943
333.10419
333.0806
333.14998
333.14998
333.14996
333.14992
333.14984
333.14968
333.14937
333.14875
333.14745
333.14467
333.13917
333.13041
333.11874
333.10371
333.08039
333.14998
333.14997
333.14995
333.14991
333.14982
333.14965
333.14931
333.14864
333.14723
333.14422
333.13848
333.12964
333.11808
333.10324
333.08019
333.14998
333.14997
333.14995
333.1499
333.1498
333.14962
333.14925
333.14852
333.14698
333.14375
333.13778
333.1289
333.11745
333.10281
333.08001
333.14997
333.14996
333.14994
333.14989
333.14978
333.14958
333.14918
333.14838
333.14671
333.14326
333.13708
333.12817
333.11685
333.10239
333.07984
333.14997
333.14996
333.14993
333.14988
333.14976
333.14954
333.14911
333.14824
333.14643
333.14274
333.13639
333.12747
333.11627
333.10199
333.07969
333.14997
333.14996
333.14993
333.14986
333.14974
333.1495
333.14903
333.14809
333.14612
333.14221
333.1357
333.1268
333.11571
333.10161
333.07954
333.14996
333.14995
333.14992
333.14985
333.14972
333.14946
333.14895
333.14792
333.14579
333.14166
333.13502
333.12614
333.11518
333.10124
333.0794
333.14996
333.14995
333.14991
333.14984
333.14969
333.14941
333.14886
333.14774
333.14544
333.1411
333.13435
333.12551
333.11466
333.10089
333.07927
333.14995
333.14994
333.1499
333.14982
333.14966
333.14936
333.14876
333.14754
333.14507
333.14053
333.1337
333.12489
333.11417
333.10056
333.07915
333.14995
333.14993
333.14989
333.1498
333.14963
333.1493
333.14865
333.14733
333.14468
333.13996
333.13305
333.1243
333.1137
333.10024
333.07904
333.14994
333.14993
333.14988
333.14979
333.1496
333.14924
333.14853
333.1471
333.14427
333.13938
333.13242
333.12373
333.11324
333.09993
333.07893
333.14994
333.14992
333.14987
333.14977
333.14957
333.14918
333.14841
333.14686
333.14384
333.13879
333.1318
333.12317
333.1128
333.09964
333.07883
333.14993
333.14991
333.14986
333.14974
333.14953
333.1491
333.14827
333.14659
333.14339
333.13821
333.1312
333.12263
333.11238
333.09935
333.07874
333.14993
333.1499
333.14984
333.14972
333.14949
333.14903
333.14812
333.14631
333.14293
333.13763
333.13061
333.12211
333.11197
333.09908
333.07865
333.14992
333.14989
333.14983
333.1497
333.14944
333.14894
333.14796
333.14601
333.14246
333.13706
333.13003
333.12161
333.11157
333.09882
333.07857
333.14991
333.14988
333.14981
333.14967
333.14939
333.14885
333.14779
333.14569
333.14198
333.13649
333.12947
333.12112
333.11119
333.09857
333.07849
333.1499
333.14987
333.1498
333.14964
333.14934
333.14875
333.1476
333.14536
333.14149
333.13592
333.12892
333.12064
333.11082
333.09832
333.07842
333.14989
333.14986
333.14978
333.14961
333.14928
333.14865
333.14739
333.145
333.141
333.13537
333.12839
333.12018
333.11046
333.09809
333.07835
333.14988
333.14985
333.14976
333.14958
333.14922
333.14853
333.14718
333.14464
333.1405
333.13482
333.12787
333.11974
333.11012
333.09786
333.07829
333.14987
333.14983
333.14974
333.14954
333.14915
333.14841
333.14694
333.14425
333.14
333.13428
333.12736
333.11931
333.10978
333.09764
333.07823
333.14986
333.14982
333.14971
333.1495
333.14908
333.14827
333.1467
333.14386
333.13949
333.13375
333.12687
333.11889
333.10946
333.09743
333.07817
333.14985
333.1498
333.14969
333.14946
333.149
333.14812
333.14643
333.14345
333.13899
333.13322
333.12638
333.11848
333.10914
333.09723
333.07812
333.14983
333.14978
333.14966
333.14941
333.14892
333.14796
333.14615
333.14304
333.13849
333.13271
333.12591
333.11808
333.10884
333.09703
333.07807
333.14982
333.14976
333.14963
333.14936
333.14882
333.14779
333.14586
333.14261
333.13799
333.13221
333.12545
333.11769
333.10854
333.09684
333.07802
333.1498
333.14974
333.1496
333.1493
333.14872
333.14761
333.14555
333.14218
333.13749
333.13171
333.12501
333.11732
333.10825
333.09665
333.07798
333.14978
333.14972
333.14956
333.14924
333.14861
333.14741
333.14522
333.14174
333.137
333.13123
333.12457
333.11695
333.10797
333.09648
333.07794
333.14976
333.1497
333.14952
333.14917
333.14849
333.1472
333.14488
333.14129
333.13651
333.13075
333.12414
333.1166
333.1077
333.0963
333.0779
333.14974
333.14967
333.14948
333.1491
333.14837
333.14697
333.14453
333.14085
333.13603
333.13029
333.12373
333.11625
333.10744
333.09613
333.07787
333.14972
333.14964
333.14944
333.14903
333.14823
333.14673
333.14417
333.1404
333.13555
333.12983
333.12332
333.11591
333.10718
333.09597
333.07784
333.14969
333.14961
333.14939
333.14894
333.14808
333.14648
333.1438
333.13995
333.13508
333.12938
333.12292
333.11558
333.10693
333.09581
333.07781
333.14967
333.14957
333.14933
333.14885
333.14791
333.14621
333.14342
333.1395
333.13461
333.12894
333.12253
333.11526
333.10668
333.09565
333.07778
333.14964
333.14954
333.14928
333.14875
333.14774
333.14593
333.14303
333.13905
333.13415
333.12851
333.12216
333.11495
333.10644
333.0955
333.07775
333.14961
333.1495
333.14921
333.14864
333.14755
333.14563
333.14264
333.1386
333.1337
333.12809
333.12178
333.11464
333.10621
333.09536
333.07772
333.14957
333.14945
333.14914
333.14852
333.14735
333.14532
333.14224
333.13815
333.13326
333.12768
333.12142
333.11434
333.10598
333.09521
333.0777
333.14953
333.1494
333.14907
333.1484
333.14714
333.145
333.14183
333.13771
333.13282
333.12727
333.12107
333.11405
333.10576
333.09508
333.07768
333.14949
333.14935
333.14898
333.14826
333.14692
333.14467
333.14142
333.13727
333.13238
333.12687
333.12072
333.11376
333.10555
333.09494
333.07766
333.14944
333.14929
333.1489
333.14811
333.14668
333.14433
333.14101
333.13683
333.13196
333.12648
333.12038
333.11348
333.10534
333.09481
333.07764
333.14939
333.14923
333.1488
333.14795
333.14642
333.14398
333.1406
333.1364
333.13154
333.1261
333.12005
333.11321
333.10513
333.09468
333.07762
333.14934
333.14916
333.14869
333.14778
333.14616
333.14363
333.14018
333.13597
333.13112
333.12572
333.11972
333.11294
333.10493
333.09455
333.0776
333.14928
333.14908
333.14858
333.14759
333.14588
333.14326
333.13977
333.13554
333.13072
333.12535
333.1194
333.11268
333.10473
333.09443
333.07758
333.14921
333.149
333.14845
333.14739
333.14559
333.14289
333.13935
333.13512
333.13032
333.12499
333.11909
333.11242
333.10454
333.09431
333.07757
333.14914
333.14891
333.14831
333.14718
333.14529
333.14251
333.13893
333.1347
333.12992
333.12463
333.11878
333.11217
333.10435
333.09419
333.07755
333.14906
333.14881
333.14817
333.14696
333.14497
333.14213
333.13852
333.13429
333.12953
333.12428
333.11848
333.11192
333.10416
333.09408
333.07754
333.14897
333.1487
333.14801
333.14672
333.14465
333.14174
333.13811
333.13388
333.12915
333.12394
333.11818
333.11168
333.10398
333.09397
333.07752
333.14888
333.14858
333.14784
333.14647
333.14432
333.14136
333.1377
333.13348
333.12877
333.1236
333.11789
333.11144
333.1038
333.09386
333.07751
333.14877
333.14845
333.14765
333.14621
333.14398
333.14096
333.13729
333.13308
333.1284
333.12327
333.11761
333.11121
333.10363
333.09375
333.07749
333.14865
333.14831
333.14745
333.14593
333.14363
333.14057
333.13688
333.13268
333.12804
333.12294
333.11733
333.11098
333.10345
333.09364
333.07748
333.14853
333.14815
333.14724
333.14564
333.14327
333.14017
333.13648
333.13229
333.12767
333.12262
333.11705
333.11076
333.10328
333.09354
333.07747
333.14839
333.14799
333.14702
333.14534
333.14291
333.13978
333.13608
333.13191
333.12732
333.12231
333.11678
333.11054
333.10312
333.09343
333.07745
333.14824
333.14781
333.14678
333.14503
333.14254
333.13938
333.13568
333.13153
333.12697
333.122
333.11652
333.11032
333.10296
333.09333
333.07744
333.14807
333.14761
333.14652
333.14471
333.14217
333.13898
333.13528
333.13115
333.12663
333.12169
333.11625
333.11011
333.10279
333.09323
333.07743
333.14789
333.1474
333.14625
333.14438
333.14179
333.13859
333.13489
333.13078
333.12629
333.12139
333.116
333.1099
333.10264
333.09313
333.07741
333.14769
333.14717
333.14597
333.14403
333.14141
333.13819
333.1345
333.13041
333.12595
333.12109
333.11574
333.10969
333.10248
333.09304
333.0774
333.14748
333.14693
333.14567
333.14368
333.14102
333.13779
333.13411
333.13005
333.12562
333.1208
333.11549
333.10949
333.10233
333.09294
333.07739
333.14724
333.14667
333.14536
333.14332
333.14063
333.1374
333.13373
333.12969
333.12529
333.12051
333.11525
333.10929
333.10218
333.09285
333.07737
333.14699
333.14639
333.14504
333.14296
333.14024
333.13701
333.13335
333.12933
333.12497
333.12023
333.11501
333.10909
333.10203
333.09275
333.07736
333.14672
333.1461
333.1447
333.14258
333.13985
333.13661
333.13297
333.12898
333.12466
333.11995
333.11477
333.10889
333.10188
333.09266
333.07734
333.14644
333.14579
333.14435
333.1422
333.13945
333.13622
333.1326
333.12864
333.12434
333.11968
333.11453
333.1087
333.10173
333.09257
333.07733
333.14613
333.14546
333.14399
333.14182
333.13906
333.13583
333.13223
333.1283
333.12403
333.11941
333.1143
333.10851
333.10159
333.09248
333.07731
333.1458
333.14512
333.14362
333.14142
333.13866
333.13544
333.13186
333.12796
333.12373
333.11914
333.11407
333.10833
333.10145
333.09239
333.0773
333.14546
333.14476
333.14324
333.14102
333.13826
333.13506
333.1315
333.12762
333.12343
333.11887
333.11385
333.10814
333.10131
333.0923
333.07728
333.14509
333.14438
333.14284
333.14062
333.13786
333.13467
333.13114
333.12729
333.12313
333.11861
333.11363
333.10796
333.10117
333.09221
333.07727
333.14471
333.14399
333.14244
333.14022
333.13746
333.13429
333.13078
333.12696
333.12284
333.11835
333.11341
333.10778
333.10103
333.09212
333.07725
333.14431
333.14358
333.14203
333.1398
333.13706
333.13391
333.13042
333.12664
333.12254
333.1181
333.11319
333.1076
333.1009
333.09204
333.07723
333.1439
333.14317
333.14161
333.13939
333.13666
333.13353
333.13007
333.12631
333.12226
333.11785
333.11297
333.10742
333.10076
333.09195
333.07721
333.14347
333.14274
333.14118
333.13897
333.13626
333.13315
333.12972
333.126
333.12197
333.1176
333.11276
333.10725
333.10063
333.09186
333.07719
333.14303
333.1423
333.14075
333.13855
333.13585
333.13277
333.12937
333.12568
333.12169
333.11735
333.11255
333.10708
333.1005
333.09178
333.07717
333.14257
333.14185
333.14031
333.13813
333.13545
333.1324
333.12903
333.12537
333.12141
333.1171
333.11234
333.1069
333.10036
333.09169
333.07715
333.1421
333.14139
333.13986
333.1377
333.13505
333.13202
333.12868
333.12506
333.12113
333.11686
333.11213
333.10674
333.10023
333.0916
333.07713
333.14163
333.14092
333.13941
333.13727
333.13465
333.13165
333.12834
333.12475
333.12086
333.11662
333.11193
333.10657
333.1001
333.09152
333.0771
333.14115
333.14044
333.13895
333.13684
333.13425
333.13128
333.128
333.12444
333.12059
333.11639
333.11173
333.1064
333.09997
333.09143
333.07708
333.14066
333.13996
333.1385
333.13641
333.13385
333.13091
333.12767
333.12414
333.12032
333.11615
333.11152
333.10623
333.09985
333.09135
333.07706
333.14016
333.13948
333.13803
333.13598
333.13345
333.13054
333.12733
333.12384
333.12005
333.11592
333.11133
333.10607
333.09972
333.09126
333.07703
333.13966
333.13899
333.13757
333.13554
333.13304
333.13018
333.127
333.12354
333.11979
333.11568
333.11113
333.1059
333.09959
333.09118
333.077
333.13915
333.1385
333.1371
333.13511
333.13264
333.12981
333.12667
333.12324
333.11952
333.11545
333.11093
333.10574
333.09946
333.09109
333.07697
333.13865
333.138
333.13663
333.13467
333.13224
333.12945
333.12634
333.12295
333.11926
333.11522
333.11073
333.10558
333.09934
333.091
333.07694
333.13814
333.13751
333.13616
333.13424
333.13185
333.12908
333.12601
333.12265
333.119
333.115
333.11054
333.10542
333.09921
333.09092
333.07691
333.13763
333.13701
333.1357
333.1338
333.13145
333.12872
333.12569
333.12236
333.11874
333.11477
333.11035
333.10526
333.09908
333.09083
333.07688
333.13712
333.13652
333.13523
333.13337
333.13105
333.12836
333.12536
333.12207
333.11848
333.11455
333.11015
333.1051
333.09896
333.09074
333.07685
333.13661
333.13602
333.13476
333.13293
333.13065
333.128
333.12504
333.12178
333.11823
333.11432
333.10996
333.10494
333.09883
333.09065
333.07681
333.13611
333.13553
333.13429
333.1325
333.13026
333.12764
333.12471
333.12149
333.11797
333.1141
333.10977
333.10478
333.09871
333.09057
333.07677
333.1356
333.13504
333.13383
333.13207
333.12986
333.12729
333.12439
333.12121
333.11772
333.11388
333.10958
333.10462
333.09858
333.09048
333.07674
333.1351
333.13455
333.13336
333.13164
333.12947
333.12693
333.12407
333.12092
333.11747
333.11366
333.10939
333.10446
333.09845
333.09039
333.0767
333.1346
333.13406
333.1329
333.13121
333.12908
333.12658
333.12376
333.12064
333.11722
333.11344
333.1092
333.1043
333.09833
333.0903
333.07666
333.1341
333.13357
333.13244
333.13079
333.12869
333.12622
333.12344
333.12036
333.11697
333.11322
333.10901
333.10415
333.0982
333.0902
333.07661
333.13361
333.13309
333.13198
333.13036
333.1283
333.12587
333.12312
333.12008
333.11672
333.113
333.10883
333.10399
333.09807
333.09011
333.07657
333.13312
333.13262
333.13153
333.12994
333.12792
333.12552
333.12281
333.11979
333.11647
333.11278
333.10864
333.10383
333.09795
333.09002
333.07652
333.13263
333.13214
333.13108
333.12952
333.12753
333.12518
333.1225
333.11952
333.11622
333.11257
333.10845
333.10367
333.09782
333.08992
333.07647
333.13215
333.13167
333.13063
333.12911
333.12715
333.12483
333.12219
333.11924
333.11598
333.11235
333.10826
333.10351
333.09769
333.08983
333.07642
333.13168
333.13121
333.13019
333.12869
333.12677
333.12449
333.12188
333.11896
333.11573
333.11214
333.10808
333.10335
333.09756
333.08973
333.07637
333.13121
333.13075
333.12975
333.12828
333.12639
333.12414
333.12157
333.11868
333.11548
333.11192
333.10789
333.1032
333.09743
333.08963
333.07632
333.13074
333.13029
333.12932
333.12787
333.12602
333.1238
333.12126
333.11841
333.11524
333.1117
333.1077
333.10304
333.0973
333.08953
333.07626
333.13028
333.12984
333.12888
333.12747
333.12565
333.12346
333.12095
333.11813
333.115
333.11149
333.10752
333.10288
333.09717
333.08943
333.0762
333.12982
333.12939
333.12846
333.12707
333.12528
333.12313
333.12065
333.11786
333.11475
333.11127
333.10733
333.10272
333.09704
333.08933
333.07614
333.12937
333.12895
333.12803
333.12667
333.12491
333.12279
333.12035
333.11759
333.11451
333.11106
333.10714
333.10256
333.0969
333.08923
333.07608
333.12893
333.12851
333.12761
333.12628
333.12455
333.12246
333.12004
333.11732
333.11427
333.11085
333.10695
333.1024
333.09677
333.08912
333.07601
333.12849
333.12808
333.1272
333.12589
333.12419
333.12213
333.11974
333.11705
333.11403
333.11063
333.10677
333.10223
333.09663
333.08902
333.07595
333.12805
333.12765
333.12679
333.1255
333.12383
333.1218
333.11945
333.11678
333.11379
333.11042
333.10658
333.10207
333.0965
333.08891
333.07588
333.12762
333.12723
333.12638
333.12512
333.12347
333.12147
333.11915
333.11651
333.11355
333.11021
333.10639
333.10191
333.09636
333.0888
333.07581
333.12719
333.12681
333.12598
333.12474
333.12312
333.12115
333.11885
333.11624
333.11331
333.10999
333.1062
333.10175
333.09622
333.08869
333.07573
333.12677
333.1264
333.12558
333.12436
333.12277
333.12083
333.11856
333.11598
333.11307
333.10978
333.10602
333.10158
333.09608
333.08858
333.07566
333.12636
333.12599
333.12519
333.12399
333.12242
333.12051
333.11827
333.11571
333.11283
333.10957
333.10583
333.10142
333.09595
333.08846
333.07558
333.12595
333.12559
333.1248
333.12362
333.12208
333.12019
333.11798
333.11545
333.11259
333.10935
333.10564
333.10125
333.0958
333.08835
333.0755
333.12554
333.12519
333.12442
333.12326
333.12173
333.11987
333.11769
333.11519
333.11235
333.10914
333.10545
333.10109
333.09566
333.08823
333.07542
333.12514
333.1248
333.12404
333.1229
333.1214
333.11956
333.1174
333.11493
333.11212
333.10893
333.10526
333.10092
333.09552
333.08811
333.07533
333.12475
333.12441
333.12366
333.12254
333.12106
333.11925
333.11711
333.11466
333.11188
333.10872
333.10507
333.10076
333.09537
333.08799
333.07524
333.12436
333.12402
333.12329
333.12219
333.12073
333.11894
333.11683
333.11441
333.11165
333.10851
333.10488
333.10059
333.09523
333.08787
333.07515
333.12397
333.12364
333.12292
333.12183
333.1204
333.11863
333.11655
333.11415
333.11141
333.10829
333.10469
333.10042
333.09508
333.08775
333.07506
333.12359
333.12327
333.12256
333.12149
333.12007
333.11833
333.11627
333.11389
333.11118
333.10808
333.1045
333.10025
333.09493
333.08762
333.07497
333.12322
333.1229
333.1222
333.12114
333.11975
333.11803
333.11599
333.11363
333.11094
333.10787
333.10431
333.10008
333.09478
333.0875
333.07487
333.12285
333.12253
333.12184
333.1208
333.11943
333.11773
333.11571
333.11338
333.11071
333.10766
333.10412
333.09991
333.09463
333.08737
333.07477
333.12248
333.12217
333.12149
333.12047
333.11911
333.11743
333.11544
333.11313
333.11048
333.10745
333.10393
333.09974
333.09448
333.08724
333.07467
333.12212
333.12181
333.12115
333.12014
333.11879
333.11713
333.11516
333.11287
333.11025
333.10724
333.10374
333.09957
333.09433
333.08711
333.07457
333.12176
333.12146
333.1208
333.11981
333.11848
333.11684
333.11489
333.11262
333.11002
333.10703
333.10355
333.0994
333.09418
333.08698
333.07446
333.12141
333.12111
333.12046
333.11948
333.11817
333.11655
333.11462
333.11237
333.10979
333.10682
333.10336
333.09922
333.09402
333.08684
333.07436
333.12106
333.12077
333.12013
333.11916
333.11787
333.11626
333.11435
333.11212
333.10956
333.1066
333.10316
333.09905
333.09387
333.0867
333.07425
333.12071
333.12042
333.11979
333.11884
333.11756
333.11598
333.11408
333.11187
333.10933
333.10639
333.10297
333.09887
333.09371
333.08657
333.07414
333.12037
333.12009
333.11946
333.11852
333.11726
333.11569
333.11382
333.11163
333.1091
333.10618
333.10278
333.0987
333.09355
333.08643
333.07402
333.12003
333.11975
333.11914
333.11821
333.11696
333.11541
333.11355
333.11138
333.10887
333.10597
333.10259
333.09852
333.09339
333.08629
333.07391
333.1197
333.11942
333.11882
333.1179
333.11667
333.11513
333.11329
333.11114
333.10864
333.10576
333.10239
333.09834
333.09323
333.08615
333.07379
333.11937
333.1191
333.1185
333.11759
333.11637
333.11485
333.11303
333.11089
333.10842
333.10555
333.1022
333.09817
333.09307
333.086
333.07367
333.11904
333.11877
333.11818
333.11728
333.11608
333.11458
333.11277
333.11065
333.10819
333.10534
333.10201
333.09799
333.09291
333.08586
333.07355
333.11872
333.11846
333.11787
333.11698
333.11579
333.1143
333.11251
333.11041
333.10797
333.10513
333.10181
333.09781
333.09275
333.08571
333.07342
333.1184
333.11814
333.11756
333.11668
333.11551
333.11403
333.11225
333.11017
333.10774
333.10492
333.10162
333.09763
333.09258
333.08556
333.0733
333.11809
333.11783
333.11726
333.11639
333.11522
333.11376
333.112
333.10993
333.10752
333.10472
333.10142
333.09745
333.09242
333.08541
333.07317
333.11777
333.11752
333.11695
333.11609
333.11494
333.11349
333.11174
333.10969
333.10729
333.10451
333.10123
333.09727
333.09225
333.08526
333.07304
333.11747
333.11721
333.11665
333.1158
333.11466
333.11323
333.11149
333.10945
333.10707
333.1043
333.10103
333.09709
333.09208
333.08511
333.07291
333.11716
333.11691
333.11636
333.11552
333.11438
333.11296
333.11124
333.10921
333.10685
333.10409
333.10084
333.09691
333.09192
333.08496
333.07278
333.11686
333.11661
333.11606
333.11523
333.11411
333.1127
333.11099
333.10898
333.10662
333.10388
333.10064
333.09673
333.09175
333.0848
333.07264
333.11656
333.11631
333.11577
333.11495
333.11384
333.11244
333.11074
333.10874
333.1064
333.10367
333.10045
333.09654
333.09158
333.08465
333.07251
333.11626
333.11602
333.11548
333.11467
333.11357
333.11218
333.1105
333.10851
333.10618
333.10346
333.10025
333.09636
333.09141
333.08449
333.07237
333.11597
333.11573
333.1152
333.11439
333.1133
333.11192
333.11025
333.10827
333.10596
333.10325
333.10006
333.09618
333.09123
333.08434
333.07223
333.11568
333.11544
333.11491
333.11411
333.11303
333.11166
333.11001
333.10804
333.10574
333.10305
333.09986
333.09599
333.09106
333.08418
333.07209
333.11539
333.11515
333.11463
333.11384
333.11276
333.11141
333.10976
333.10781
333.10552
333.10284
333.09966
333.09581
333.09089
333.08402
333.07195
333.1151
333.11487
333.11436
333.11357
333.1125
333.11116
333.10952
333.10758
333.1053
333.10263
333.09947
333.09562
333.09072
333.08386
333.07181
333.11482
333.11459
333.11408
333.1133
333.11224
333.1109
333.10928
333.10735
333.10508
333.10242
333.09927
333.09543
333.09054
333.08369
333.07166
333.11454
333.11431
333.11381
333.11303
333.11198
333.11065
333.10904
333.10712
333.10486
333.10222
333.09907
333.09525
333.09037
333.08353
333.07152
333.11426
333.11404
333.11353
333.11277
333.11172
333.11041
333.1088
333.10689
333.10465
333.10201
333.09888
333.09506
333.09019
333.08337
333.07137
333.11399
333.11376
333.11327
333.1125
333.11147
333.11016
333.10856
333.10666
333.10443
333.1018
333.09868
333.09487
333.09001
333.0832
333.07122
333.11372
333.11349
333.113
333.11224
333.11121
333.10991
333.10833
333.10644
333.10421
333.10159
333.09848
333.09469
333.08984
333.08304
333.07107
333.11345
333.11322
333.11273
333.11198
333.11096
333.10967
333.10809
333.10621
333.104
333.10139
333.09828
333.0945
333.08966
333.08287
333.07092
333.11318
333.11296
333.11247
333.11172
333.11071
333.10943
333.10786
333.10599
333.10378
333.10118
333.09809
333.09431
333.08948
333.0827
333.07077
333.11291
333.11269
333.11221
333.11147
333.11046
333.10918
333.10762
333.10576
333.10356
333.10097
333.09789
333.09412
333.0893
333.08253
333.07061
333.11265
333.11243
333.11195
333.11121
333.11021
333.10894
333.10739
333.10554
333.10335
333.10077
333.09769
333.09393
333.08912
333.08236
333.07046
333.11239
333.11217
333.11169
333.11096
333.10997
333.10871
333.10716
333.10531
333.10313
333.10056
333.09749
333.09374
333.08894
333.08219
333.0703
333.11213
333.11191
333.11144
333.11071
333.10972
333.10847
333.10693
333.10509
333.10292
333.10035
333.09729
333.09355
333.08876
333.08202
333.07015
333.11187
333.11166
333.11119
333.11046
333.10948
333.10823
333.1067
333.10487
333.1027
333.10015
333.0971
333.09336
333.08858
333.08185
333.06999
333.11161
333.1114
333.11093
333.11021
333.10924
333.10799
333.10647
333.10465
333.10249
333.09994
333.0969
333.09317
333.08839
333.08168
333.06983
333.11136
333.11115
333.11068
333.10997
333.109
333.10776
333.10624
333.10443
333.10228
333.09973
333.0967
333.09298
333.08821
333.08151
333.06967
333.11111
333.1109
333.11043
333.10972
333.10876
333.10753
333.10602
333.10421
333.10206
333.09953
333.0965
333.09279
333.08803
333.08133
333.06951
333.11085
333.11065
333.11019
333.10948
333.10852
333.10729
333.10579
333.10399
333.10185
333.09932
333.0963
333.0926
333.08785
333.08116
333.06935
333.11061
333.1104
333.10994
333.10924
333.10828
333.10706
333.10556
333.10377
333.10164
333.09912
333.0961
333.09241
333.08766
333.08098
333.06918
333.11036
333.11015
333.1097
333.109
333.10805
333.10683
333.10534
333.10355
333.10143
333.09891
333.0959
333.09222
333.08748
333.08081
333.06902
333.11011
333.10991
333.10946
333.10876
333.10781
333.1066
333.10512
333.10333
333.10121
333.09871
333.0957
333.09202
333.08729
333.08063
333.06886
333.10987
333.10966
333.10921
333.10852
333.10758
333.10637
333.10489
333.10311
333.101
333.0985
333.09551
333.09183
333.08711
333.08046
333.06869
333.10962
333.10942
333.10897
333.10828
333.10735
333.10615
333.10467
333.1029
333.10079
333.0983
333.09531
333.09164
333.08692
333.08028
333.06852
333.10938
333.10918
333.10874
333.10805
333.10711
333.10592
333.10445
333.10268
333.10058
333.09809
333.09511
333.09145
333.08674
333.0801
333.06836
333.10914
333.10894
333.1085
333.10781
333.10688
333.10569
333.10423
333.10246
333.10037
333.09789
333.09491
333.09125
333.08655
333.07992
333.06819
333.1089
333.1087
333.10826
333.10758
333.10665
333.10547
333.10401
333.10225
333.10016
333.09768
333.09471
333.09106
333.08636
333.07974
333.06802
333.10867
333.10847
333.10803
333.10735
333.10642
333.10524
333.10379
333.10203
333.09995
333.09748
333.09451
333.09087
333.08618
333.07957
333.06785
333.10843
333.10823
333.10779
333.10712
333.1062
333.10502
333.10357
333.10182
333.09974
333.09727
333.09431
333.09067
333.08599
333.07939
333.06768
333.10819
333.108
333.10756
333.10689
333.10597
333.10479
333.10335
333.1016
333.09953
333.09707
333.09411
333.09048
333.0858
333.07921
333.06751
333.10796
333.10777
333.10733
333.10666
333.10574
333.10457
333.10313
333.10139
333.09932
333.09686
333.09391
333.09029
333.08562
333.07902
333.06734
333.10773
333.10753
333.1071
333.10643
333.10552
333.10435
333.10291
333.10118
333.09911
333.09666
333.09371
333.09009
333.08543
333.07884
333.06717
333.1075
333.1073
333.10687
333.1062
333.10529
333.10413
333.10269
333.10096
333.0989
333.09645
333.09351
333.0899
333.08524
333.07866
333.067
333.10727
333.10707
333.10664
333.10598
333.10507
333.10391
333.10248
333.10075
333.0987
333.09625
333.09332
333.0897
333.08505
333.07848
333.06683
333.10704
333.10684
333.10641
333.10575
333.10485
333.10369
333.10226
333.10054
333.09849
333.09605
333.09312
333.08951
333.08486
333.0783
333.06665
333.10681
333.10662
333.10619
333.10553
333.10463
333.10347
333.10205
333.10033
333.09828
333.09584
333.09292
333.08932
333.08467
333.07812
333.06648
333.10658
333.10639
333.10596
333.1053
333.1044
333.10325
333.10183
333.10012
333.09807
333.09564
333.09272
333.08912
333.08448
333.07793
333.0663
333.10635
333.10616
333.10574
333.10508
333.10418
333.10303
333.10162
333.0999
333.09786
333.09544
333.09252
333.08893
333.08429
333.07775
333.06613
333.10613
333.10594
333.10551
333.10486
333.10396
333.10282
333.1014
333.09969
333.09766
333.09523
333.09232
333.08873
333.0841
333.07757
333.06595
333.1059
333.10571
333.10529
333.10464
333.10374
333.1026
333.10119
333.09948
333.09745
333.09503
333.09212
333.08854
333.08391
333.07738
333.06578
333.10568
333.10549
333.10507
333.10442
333.10353
333.10238
333.10097
333.09927
333.09724
333.09483
333.09192
333.08834
333.08372
333.0772
333.0656
333.10546
333.10527
333.10485
333.1042
333.10331
333.10217
333.10076
333.09906
333.09704
333.09462
333.09172
333.08815
333.08353
333.07701
333.06542
333.10523
333.10504
333.10462
333.10398
333.10309
333.10195
333.10055
333.09885
333.09683
333.09442
333.09152
333.08795
333.08334
333.07683
333.06524
333.10501
333.10482
333.1044
333.10376
333.10287
333.10174
333.10034
333.09864
333.09662
333.09422
333.09132
333.08776
333.08315
333.07664
333.06507
333.10479
333.1046
333.10418
333.10354
333.10266
333.10152
333.10012
333.09843
333.09642
333.09401
333.09112
333.08756
333.08296
333.07646
333.06489
333.10457
333.10438
333.10397
333.10332
333.10244
333.10131
333.09991
333.09823
333.09621
333.09381
333.09092
333.08737
333.08277
333.07627
333.06471
333.10435
333.10416
333.10375
333.1031
333.10222
333.1011
333.0997
333.09802
333.09601
333.09361
333.09072
333.08717
333.08258
333.07608
333.06453
333.10413
333.10394
333.10353
333.10289
333.10201
333.10088
333.09949
333.09781
333.0958
333.09341
333.09052
333.08697
333.08239
333.0759
333.06435
333.10391
333.10373
333.10331
333.10267
333.1018
333.10067
333.09928
333.0976
333.09559
333.0932
333.09033
333.08678
333.0822
333.07571
333.06417
333.10369
333.10351
333.1031
333.10246
333.10158
333.10046
333.09907
333.09739
333.09539
333.093
333.09013
333.08658
333.08201
333.07552
333.06399
333.10348
333.10329
333.10288
333.10224
333.10137
333.10025
333.09886
333.09718
333.09518
333.0928
333.08993
333.08639
333.08181
333.07534
333.06381
333.10326
333.10308
333.10266
333.10203
333.10115
333.10003
333.09865
333.09698
333.09498
333.0926
333.08973
333.08619
333.08162
333.07515
333.06362
333.10304
333.10286
333.10245
333.10181
333.10094
333.09982
333.09844
333.09677
333.09477
333.09239
333.08953
333.086
333.08143
333.07496
333.06344
333.10283
333.10264
333.10223
333.1016
333.10073
333.09961
333.09823
333.09656
333.09457
333.09219
333.08933
333.0858
333.08124
333.07477
333.06326
333.10261
333.10243
333.10202
333.10139
333.10052
333.0994
333.09802
333.09636
333.09436
333.09199
333.08913
333.0856
333.08104
333.07459
333.06308
333.1024
333.10222
333.10181
333.10117
333.10031
333.09919
333.09781
333.09615
333.09416
333.09179
333.08893
333.08541
333.08085
333.0744
333.06289
333.10219
333.102
333.10159
333.10096
333.10009
333.09898
333.09761
333.09594
333.09396
333.09159
333.08873
333.08521
333.08066
333.07421
333.06271
333.10197
333.10179
333.10138
333.10075
333.09988
333.09877
333.0974
333.09574
333.09375
333.09138
333.08853
333.08502
333.08047
333.07402
333.06253
333.10176
333.10158
333.10117
333.10054
333.09967
333.09856
333.09719
333.09553
333.09355
333.09118
333.08833
333.08482
333.08027
333.07383
333.06234
333.10155
333.10136
333.10096
333.10033
333.09946
333.09835
333.09698
333.09532
333.09334
333.09098
333.08813
333.08462
333.08008
333.07364
333.06216
333.10133
333.10115
333.10074
333.10011
333.09925
333.09815
333.09678
333.09512
333.09314
333.09078
333.08794
333.08443
333.07989
333.07345
333.06197
333.10112
333.10094
333.10053
333.0999
333.09904
333.09794
333.09657
333.09491
333.09294
333.09058
333.08774
333.08423
333.0797
333.07326
333.06179
333.10091
333.10073
333.10032
333.09969
333.09883
333.09773
333.09636
333.09471
333.09273
333.09038
333.08754
333.08403
333.0795
333.07307
333.0616
333.1007
333.10052
333.10011
333.09948
333.09862
333.09752
333.09616
333.0945
333.09253
333.09017
333.08734
333.08384
333.07931
333.07288
333.06142
333.10049
333.10031
333.0999
333.09927
333.09842
333.09731
333.09595
333.0943
333.09233
333.08997
333.08714
333.08364
333.07912
333.07269
333.06123
333.10028
333.1001
333.09969
333.09906
333.09821
333.09711
333.09574
333.09409
333.09212
333.08977
333.08694
333.08345
333.07892
333.0725
333.06104
333.10007
333.09989
333.09948
333.09886
333.098
333.0969
333.09554
333.09389
333.09192
333.08957
333.08674
333.08325
333.07873
333.07231
333.06086
333.09986
333.09968
333.09927
333.09865
333.09779
333.09669
333.09533
333.09368
333.09172
333.08937
333.08654
333.08305
333.07853
333.07212
333.06067
333.09965
333.09947
333.09906
333.09844
333.09758
333.09648
333.09512
333.09348
333.09151
333.08917
333.08634
333.08286
333.07834
333.07193
333.06048
333.09944
333.09926
333.09885
333.09823
333.09738
333.09628
333.09492
333.09328
333.09131
333.08897
333.08615
333.08266
333.07815
333.07174
333.06029
333.09923
333.09905
333.09865
333.09802
333.09717
333.09607
333.09471
333.09307
333.09111
333.08877
333.08595
333.08246
333.07795
333.07155
333.0601
333.09902
333.09884
333.09844
333.09781
333.09696
333.09586
333.09451
333.09287
333.09091
333.08857
333.08575
333.08227
333.07776
333.07136
333.05992
333.09881
333.09863
333.09823
333.09761
333.09675
333.09566
333.0943
333.09266
333.0907
333.08837
333.08555
333.08207
333.07756
333.07117
333.05973
333.0986
333.09842
333.09802
333.0974
333.09655
333.09545
333.0941
333.09246
333.0905
333.08817
333.08535
333.08187
333.07737
333.07097
333.05954
333.0984
333.09822
333.09781
333.09719
333.09634
333.09525
333.09389
333.09226
333.0903
333.08796
333.08515
333.08168
333.07718
333.07078
333.05935
333.09819
333.09801
333.09761
333.09699
333.09613
333.09504
333.09369
333.09205
333.0901
333.08776
333.08495
333.08148
333.07698
333.07059
333.05916
333.09798
333.0978
333.0974
333.09678
333.09593
333.09484
333.09348
333.09185
333.0899
333.08756
333.08475
333.08128
333.07679
333.0704
333.05897
333.09777
333.09759
333.09719
333.09657
333.09572
333.09463
333.09328
333.09165
333.08969
333.08736
333.08456
333.08109
333.07659
333.07021
333.05878
333.09757
333.09739
333.09699
333.09637
333.09552
333.09442
333.09307
333.09144
333.08949
333.08716
333.08436
333.08089
333.0764
333.07001
333.05859
333.09736
333.09718
333.09678
333.09616
333.09531
333.09422
333.09287
333.09124
333.08929
333.08696
333.08416
333.08069
333.0762
333.06982
333.05839
333.09715
333.09697
333.09657
333.09595
333.0951
333.09401
333.09267
333.09104
333.08909
333.08676
333.08396
333.0805
333.07601
333.06963
333.0582
333.09695
333.09677
333.09637
333.09575
333.0949
333.09381
333.09246
333.09083
333.08889
333.08656
333.08376
333.0803
333.07581
333.06943
333.05801
333.09674
333.09656
333.09616
333.09554
333.09469
333.09361
333.09226
333.09063
333.08868
333.08636
333.08356
333.0801
333.07562
333.06924
333.05782
333.09653
333.09635
333.09595
333.09534
333.09449
333.0934
333.09205
333.09043
333.08848
333.08616
333.08336
333.07991
333.07542
333.06905
333.05763
333.09633
333.09615
333.09575
333.09513
333.09428
333.0932
333.09185
333.09022
333.08828
333.08596
333.08316
333.07971
333.07523
333.06885
333.05743
333.09612
333.09594
333.09554
333.09492
333.09408
333.09299
333.09165
333.09002
333.08808
333.08576
333.08297
333.07951
333.07503
333.06866
333.05724
333.09591
333.09574
333.09534
333.09472
333.09387
333.09279
333.09144
333.08982
333.08788
333.08556
333.08277
333.07931
333.07484
333.06847
333.05705
333.09571
333.09553
333.09513
333.09451
333.09367
333.09258
333.09124
333.08962
333.08768
333.08536
333.08257
333.07912
333.07464
333.06827
333.05685
333.0955
333.09532
333.09493
333.09431
333.09346
333.09238
333.09104
333.08942
333.08748
333.08516
333.08237
333.07892
333.07444
333.06808
333.05666
333.0953
333.09512
333.09472
333.0941
333.09326
333.09218
333.09083
333.08921
333.08727
333.08496
333.08217
333.07872
333.07425
333.06788
333.05647
333.09509
333.09491
333.09452
333.0939
333.09306
333.09197
333.09063
333.08901
333.08707
333.08476
333.08197
333.07853
333.07405
333.06769
333.05627
333.09489
333.09471
333.09431
333.09369
333.09285
333.09177
333.09043
333.08881
333.08687
333.08456
333.08177
333.07833
333.07386
333.06749
333.05608
333.09468
333.0945
333.09411
333.09349
333.09265
333.09156
333.09023
333.08861
333.08667
333.08436
333.08157
333.07813
333.07366
333.0673
333.05588
333.09448
333.0943
333.0939
333.09329
333.09244
333.09136
333.09002
333.0884
333.08647
333.08416
333.08138
333.07793
333.07346
333.0671
333.05568
333.09427
333.09409
333.0937
333.09308
333.09224
333.09116
333.08982
333.0882
333.08627
333.08396
333.08118
333.07774
333.07327
333.06691
333.05549
333.09407
333.09389
333.09349
333.09288
333.09204
333.09095
333.08962
333.088
333.08607
333.08376
333.08098
333.07754
333.07307
333.06671
333.05529
333.09386
333.09368
333.09329
333.09267
333.09183
333.09075
333.08941
333.0878
333.08587
333.08356
333.08078
333.07734
333.07287
333.06651
333.05509
333.09366
333.09348
333.09308
333.09247
333.09163
333.09055
333.08921
333.0876
333.08567
333.08336
333.08058
333.07714
333.07268
333.06632
333.0549
333.09345
333.09328
333.09288
333.09227
333.09142
333.09035
333.08901
333.0874
333.08547
333.08316
333.08038
333.07694
333.07248
333.06612
333.0547
333.09325
333.09307
333.09267
333.09206
333.09122
333.09014
333.08881
333.08719
333.08526
333.08296
333.08018
333.07675
333.07228
333.06592
333.0545
333.09305
333.09287
333.09247
333.09186
333.09102
333.08994
333.08861
333.08699
333.08506
333.08276
333.07998
333.07655
333.07209
333.06573
333.0543
333.09284
333.09266
333.09227
333.09165
333.09081
333.08974
333.0884
333.08679
333.08486
333.08256
333.07979
333.07635
333.07189
333.06553
333.05411
333.09264
333.09246
333.09206
333.09145
333.09061
333.08953
333.0882
333.08659
333.08466
333.08236
333.07959
333.07615
333.07169
333.06533
333.05391
333.09243
333.09226
333.09186
333.09125
333.09041
333.08933
333.088
333.08639
333.08446
333.08216
333.07939
333.07595
333.07149
333.06513
333.05371
333.09223
333.09205
333.09166
333.09104
333.0902
333.08913
333.0878
333.08619
333.08426
333.08196
333.07919
333.07576
333.0713
333.06494
333.05351
333.09203
333.09185
333.09145
333.09084
333.09
333.08893
333.08759
333.08598
333.08406
333.08176
333.07899
333.07556
333.0711
333.06474
333.05331
333.09182
333.09164
333.09125
333.09064
333.0898
333.08872
333.08739
333.08578
333.08386
333.08156
333.07879
333.07536
333.0709
333.06454
333.05311
333.09162
333.09144
333.09104
333.09043
333.0896
333.08852
333.08719
333.08558
333.08366
333.08136
333.07859
333.07516
333.0707
333.06434
333.05291
333.09141
333.09124
333.09084
333.09023
333.08939
333.08832
333.08699
333.08538
333.08346
333.08116
333.07839
333.07496
333.0705
333.06414
333.05271
333.09121
333.09103
333.09064
333.09003
333.08919
333.08812
333.08679
333.08518
333.08326
333.08096
333.07819
333.07476
333.0703
333.06394
333.0525
333.09101
333.09083
333.09043
333.08982
333.08899
333.08791
333.08658
333.08498
333.08306
333.08076
333.07799
333.07456
333.07011
333.06374
333.0523
333.0908
333.09063
333.09023
333.08962
333.08878
333.08771
333.08638
333.08478
333.08286
333.08056
333.07779
333.07436
333.06991
333.06355
333.0521
333.0906
333.09042
333.09003
333.08942
333.08858
333.08751
333.08618
333.08457
333.08266
333.08036
333.07759
333.07417
333.06971
333.06335
333.0519
333.0904
333.09022
333.08982
333.08921
333.08838
333.08731
333.08598
333.08437
333.08245
333.08016
333.07739
333.07397
333.06951
333.06315
333.05169
333.09019
333.09002
333.08962
333.08901
333.08818
333.0871
333.08578
333.08417
333.08225
333.07996
333.07719
333.07377
333.06931
333.06295
333.05149
333.08999
333.08981
333.08942
333.08881
333.08797
333.0869
333.08558
333.08397
333.08205
333.07976
333.07699
333.07357
333.06911
333.06274
333.05129
333.08979
333.08961
333.08922
333.08861
333.08777
333.0867
333.08537
333.08377
333.08185
333.07956
333.0768
333.07337
333.06891
333.06254
333.05108
333.08958
333.08941
333.08901
333.0884
333.08757
333.0865
333.08517
333.08357
333.08165
333.07936
333.0766
333.07317
333.06871
333.06234
333.05088
333.08938
333.0892
333.08881
333.0882
333.08737
333.0863
333.08497
333.08337
333.08145
333.07916
333.0764
333.07297
333.06851
333.06214
333.05067
333.08918
333.089
333.08861
333.088
333.08716
333.08609
333.08477
333.08317
333.08125
333.07896
333.0762
333.07277
333.06831
333.06194
333.05047
333.08897
333.0888
333.0884
333.0878
333.08696
333.08589
333.08457
333.08297
333.08105
333.07876
333.076
333.07257
333.06811
333.06174
333.05026
333.08877
333.08859
333.0882
333.08759
333.08676
333.08569
333.08437
333.08276
333.08085
333.07856
333.07579
333.07237
333.06791
333.06154
333.05005
333.08857
333.08839
333.088
333.08739
333.08656
333.08549
333.08416
333.08256
333.08065
333.07836
333.07559
333.07217
333.06771
333.06133
333.04985
333.08837
333.08819
333.0878
333.08719
333.08636
333.08529
333.08396
333.08236
333.08045
333.07816
333.07539
333.07197
333.06751
333.06113
333.04964
333.08816
333.08799
333.08759
333.08699
333.08615
333.08508
333.08376
333.08216
333.08025
333.07796
333.07519
333.07177
333.06731
333.06093
333.04943
333.08796
333.08778
333.08739
333.08678
333.08595
333.08488
333.08356
333.08196
333.08005
333.07776
333.07499
333.07157
333.0671
333.06072
333.04922
333.08776
333.08758
333.08719
333.08658
333.08575
333.08468
333.08336
333.08176
333.07984
333.07756
333.07479
333.07137
333.0669
333.06052
333.04901
333.08755
333.08738
333.08699
333.08638
333.08555
333.08448
333.08316
333.08156
333.07964
333.07736
333.07459
333.07116
333.0667
333.06032
333.0488
333.08735
333.08718
333.08678
333.08618
333.08534
333.08428
333.08295
333.08136
333.07944
333.07715
333.07439
333.07096
333.0665
333.06011
333.04859
333.08715
333.08697
333.08658
333.08597
333.08514
333.08407
333.08275
333.08115
333.07924
333.07695
333.07419
333.07076
333.0663
333.05991
333.04838
333.08695
333.08677
333.08638
333.08577
333.08494
333.08387
333.08255
333.08095
333.07904
333.07675
333.07399
333.07056
333.06609
333.0597
333.04817
333.08674
333.08657
333.08618
333.08557
333.08474
333.08367
333.08235
333.08075
333.07884
333.07655
333.07379
333.07036
333.06589
333.0595
333.04796
333.08654
333.08637
333.08597
333.08537
333.08454
333.08347
333.08215
333.08055
333.07864
333.07635
333.07359
333.07016
333.06569
333.05929
333.04775
333.08634
333.08616
333.08577
333.08516
333.08433
333.08327
333.08195
333.08035
333.07844
333.07615
333.07338
333.06995
333.06548
333.05909
333.04754
333.08614
333.08596
333.08557
333.08496
333.08413
333.08306
333.08174
333.08015
333.07823
333.07595
333.07318
333.06975
333.06528
333.05888
333.04732
333.08593
333.08576
333.08537
333.08476
333.08393
333.08286
333.08154
333.07995
333.07803
333.07575
333.07298
333.06955
333.06508
333.05867
333.04711
333.08573
333.08556
333.08516
333.08456
333.08373
333.08266
333.08134
333.07974
333.07783
333.07554
333.07278
333.06935
333.06487
333.05847
333.04689
333.08553
333.08535
333.08496
333.08436
333.08353
333.08246
333.08114
333.07954
333.07763
333.07534
333.07258
333.06914
333.06467
333.05826
333.04668
333.08533
333.08515
333.08476
333.08415
333.08332
333.08226
333.08094
333.07934
333.07743
333.07514
333.07237
333.06894
333.06446
333.05805
333.04646
333.08512
333.08495
333.08456
333.08395
333.08312
333.08206
333.08074
333.07914
333.07723
333.07494
333.07217
333.06874
333.06426
333.05784
333.04625
333.08492
333.08475
333.08435
333.08375
333.08292
333.08185
333.08053
333.07894
333.07702
333.07474
333.07197
333.06853
333.06405
333.05763
333.04603
333.08472
333.08454
333.08415
333.08355
333.08272
333.08165
333.08033
333.07873
333.07682
333.07454
333.07177
333.06833
333.06385
333.05742
333.04582
333.08452
333.08434
333.08395
333.08334
333.08252
333.08145
333.08013
333.07853
333.07662
333.07433
333.07156
333.06813
333.06364
333.05721
333.0456
333.08432
333.08414
333.08375
333.08314
333.08231
333.08125
333.07993
333.07833
333.07642
333.07413
333.07136
333.06792
333.06344
333.05701
333.04538
333.08411
333.08394
333.08355
333.08294
333.08211
333.08105
333.07973
333.07813
333.07622
333.07393
333.07116
333.06772
333.06323
333.0568
333.04516
333.08391
333.08373
333.08334
333.08274
333.08191
333.08084
333.07952
333.07793
333.07601
333.07373
333.07095
333.06751
333.06302
333.05658
333.04494
333.08371
333.08353
333.08314
333.08254
333.08171
333.08064
333.07932
333.07772
333.07581
333.07352
333.07075
333.06731
333.06282
333.05637
333.04472
333.08351
333.08333
333.08294
333.08233
333.0815
333.08044
333.07912
333.07752
333.07561
333.07332
333.07055
333.0671
333.06261
333.05616
333.0445
333.0833
333.08313
333.08274
333.08213
333.0813
333.08024
333.07892
333.07732
333.07541
333.07312
333.07034
333.0669
333.0624
333.05595
333.04428
333.0831
333.08293
333.08253
333.08193
333.0811
333.08003
333.07872
333.07712
333.0752
333.07291
333.07014
333.06669
333.06219
333.05574
333.04406
333.0829
333.08272
333.08233
333.08173
333.0809
333.07983
333.07851
333.07692
333.075
333.07271
333.06994
333.06649
333.06198
333.05553
333.04383
333.0827
333.08252
333.08213
333.08152
333.0807
333.07963
333.07831
333.07671
333.0748
333.07251
333.06973
333.06628
333.06178
333.05531
333.04361
333.08249
333.08232
333.08193
333.08132
333.08049
333.07943
333.07811
333.07651
333.0746
333.0723
333.06953
333.06607
333.06157
333.0551
333.04339
333.08229
333.08212
333.08172
333.08112
333.08029
333.07923
333.07791
333.07631
333.07439
333.0721
333.06932
333.06587
333.06136
333.05488
333.04316
333.08209
333.08191
333.08152
333.08092
333.08009
333.07902
333.0777
333.0761
333.07419
333.0719
333.06912
333.06566
333.06115
333.05467
333.04293
333.08189
333.08171
333.08132
333.08072
333.07989
333.07882
333.0775
333.0759
333.07399
333.07169
333.06891
333.06545
333.06094
333.05445
333.04271
333.08168
333.08151
333.08112
333.08051
333.07968
333.07862
333.0773
333.0757
333.07378
333.07149
333.06871
333.06525
333.06073
333.05424
333.04248
333.08148
333.08131
333.08092
333.08031
333.07948
333.07842
333.07709
333.0755
333.07358
333.07128
333.0685
333.06504
333.06052
333.05402
333.04225
333.08128
333.0811
333.08071
333.08011
333.07928
333.07821
333.07689
333.07529
333.07338
333.07108
333.06829
333.06483
333.06031
333.05381
333.04202
333.08108
333.0809
333.08051
333.07991
333.07908
333.07801
333.07669
333.07509
333.07317
333.07087
333.06809
333.06462
333.06009
333.05359
333.0418
333.08087
333.0807
333.08031
333.0797
333.07887
333.07781
333.07649
333.07489
333.07297
333.07067
333.06788
333.06441
333.05988
333.05337
333.04157
333.08067
333.0805
333.08011
333.0795
333.07867
333.0776
333.07628
333.07468
333.07276
333.07046
333.06767
333.06421
333.05967
333.05315
333.04133
333.08047
333.08029
333.0799
333.0793
333.07847
333.0774
333.07608
333.07448
333.07256
333.07026
333.06747
333.064
333.05946
333.05293
333.0411
333.08027
333.08009
333.0797
333.07909
333.07827
333.0772
333.07588
333.07427
333.07235
333.07005
333.06726
333.06379
333.05924
333.05272
333.04087
333.08006
333.07989
333.0795
333.07889
333.07806
333.077
333.07567
333.07407
333.07215
333.06985
333.06705
333.06358
333.05903
333.0525
333.04064
333.07986
333.07969
333.07929
333.07869
333.07786
333.07679
333.07547
333.07387
333.07194
333.06964
333.06685
333.06337
333.05882
333.05228
333.0404
333.07966
333.07948
333.07909
333.07849
333.07766
333.07659
333.07527
333.07366
333.07174
333.06943
333.06664
333.06316
333.0586
333.05205
333.04017
333.07946
333.07928
333.07889
333.07828
333.07745
333.07639
333.07506
333.07346
333.07153
333.06923
333.06643
333.06295
333.05839
333.05183
333.03993
333.07925
333.07908
333.07869
333.07808
333.07725
333.07618
333.07486
333.07325
333.07133
333.06902
333.06622
333.06274
333.05817
333.05161
333.03969
333.07905
333.07888
333.07848
333.07788
333.07705
333.07598
333.07465
333.07305
333.07112
333.06881
333.06601
333.06252
333.05796
333.05139
333.03945
333.07885
333.07867
333.07828
333.07767
333.07684
333.07577
333.07445
333.07284
333.07092
333.06861
333.0658
333.06231
333.05774
333.05116
333.03922
333.07865
333.07847
333.07808
333.07747
333.07664
333.07557
333.07425
333.07264
333.07071
333.0684
333.06559
333.0621
333.05752
333.05094
333.03898
333.07844
333.07827
333.07787
333.07727
333.07644
333.07537
333.07404
333.07243
333.07051
333.06819
333.06538
333.06189
333.05731
333.05072
333.03873
333.07824
333.07806
333.07767
333.07706
333.07623
333.07516
333.07384
333.07223
333.0703
333.06798
333.06517
333.06167
333.05709
333.05049
333.03849
333.07804
333.07786
333.07747
333.07686
333.07603
333.07496
333.07363
333.07202
333.07009
333.06778
333.06496
333.06146
333.05687
333.05026
333.03825
333.07783
333.07766
333.07726
333.07666
333.07583
333.07475
333.07343
333.07182
333.06989
333.06757
333.06475
333.06125
333.05665
333.05004
333.03801
333.07763
333.07745
333.07706
333.07645
333.07562
333.07455
333.07322
333.07161
333.06968
333.06736
333.06454
333.06103
333.05643
333.04981
333.03776
333.07743
333.07725
333.07686
333.07625
333.07542
333.07435
333.07302
333.07141
333.06947
333.06715
333.06433
333.06082
333.05622
333.04958
333.03751
333.07722
333.07705
333.07665
333.07605
333.07521
333.07414
333.07281
333.0712
333.06926
333.06694
333.06412
333.0606
333.05599
333.04935
333.03727
333.07702
333.07684
333.07645
333.07584
333.07501
333.07394
333.07261
333.07099
333.06906
333.06673
333.06391
333.06039
333.05577
333.04912
333.03702
333.07682
333.07664
333.07625
333.07564
333.0748
333.07373
333.0724
333.07079
333.06885
333.06652
333.0637
333.06017
333.05555
333.04889
333.03677
333.07661
333.07644
333.07604
333.07543
333.0746
333.07353
333.07219
333.07058
333.06864
333.06631
333.06348
333.05996
333.05533
333.04866
333.03652
333.07641
333.07623
333.07584
333.07523
333.0744
333.07332
333.07199
333.07037
333.06843
333.0661
333.06327
333.05974
333.05511
333.04843
333.03627
333.0762
333.07603
333.07563
333.07503
333.07419
333.07312
333.07178
333.07017
333.06822
333.06589
333.06306
333.05952
333.05489
333.0482
333.03601
333.076
333.07582
333.07543
333.07482
333.07399
333.07291
333.07158
333.06996
333.06801
333.06568
333.06284
333.0593
333.05466
333.04797
333.03576
333.0758
333.07562
333.07523
333.07462
333.07378
333.0727
333.07137
333.06975
333.0678
333.06547
333.06263
333.05909
333.05444
333.04773
333.0355
333.07559
333.07542
333.07502
333.07441
333.07358
333.0725
333.07116
333.06954
333.0676
333.06526
333.06241
333.05887
333.05421
333.0475
333.03525
333.07539
333.07521
333.07482
333.07421
333.07337
333.07229
333.07096
333.06933
333.06739
333.06504
333.0622
333.05865
333.05399
333.04726
333.03499
333.07518
333.07501
333.07461
333.074
333.07317
333.07209
333.07075
333.06913
333.06718
333.06483
333.06198
333.05843
333.05376
333.04702
333.03473
333.07498
333.0748
333.07441
333.0738
333.07296
333.07188
333.07054
333.06892
333.06697
333.06462
333.06177
333.05821
333.05354
333.04679
333.03447
333.07478
333.0746
333.0742
333.07359
333.07275
333.07167
333.07033
333.06871
333.06675
333.06441
333.06155
333.05799
333.05331
333.04655
333.03421
333.07457
333.07439
333.074
333.07339
333.07255
333.07147
333.07013
333.0685
333.06654
333.06419
333.06134
333.05777
333.05308
333.04631
333.03394
333.07437
333.07419
333.07379
333.07318
333.07234
333.07126
333.06992
333.06829
333.06633
333.06398
333.06112
333.05755
333.05285
333.04607
333.03368
333.07416
333.07398
333.07359
333.07298
333.07214
333.07105
333.06971
333.06808
333.06612
333.06377
333.0609
333.05732
333.05262
333.04583
333.03341
333.07396
333.07378
333.07338
333.07277
333.07193
333.07085
333.0695
333.06787
333.06591
333.06355
333.06068
333.0571
333.05239
333.04558
333.03314
333.07375
333.07357
333.07318
333.07256
333.07172
333.07064
333.06929
333.06766
333.0657
333.06334
333.06047
333.05688
333.05216
333.04534
333.03287
333.07355
333.07337
333.07297
333.07236
333.07152
333.07043
333.06909
333.06745
333.06548
333.06312
333.06025
333.05665
333.05193
333.0451
333.0326
333.07334
333.07316
333.07277
333.07215
333.07131
333.07022
333.06888
333.06724
333.06527
333.06291
333.06003
333.05643
333.0517
333.04485
333.03233
333.07313
333.07296
333.07256
333.07194
333.0711
333.07002
333.06867
333.06703
333.06506
333.06269
333.05981
333.0562
333.05146
333.0446
333.03205
333.07293
333.07275
333.07235
333.07174
333.07089
333.06981
333.06846
333.06682
333.06485
333.06247
333.05959
333.05598
333.05123
333.04436
333.03177
333.07272
333.07254
333.07215
333.07153
333.07069
333.0696
333.06825
333.06661
333.06463
333.06226
333.05937
333.05575
333.05099
333.04411
333.0315
333.07252
333.07234
333.07194
333.07132
333.07048
333.06939
333.06804
333.06639
333.06442
333.06204
333.05914
333.05552
333.05076
333.04386
333.03122
333.07231
333.07213
333.07173
333.07112
333.07027
333.06918
333.06783
333.06618
333.0642
333.06182
333.05892
333.05529
333.05052
333.04361
333.03093
333.0721
333.07192
333.07153
333.07091
333.07006
333.06897
333.06762
333.06597
333.06399
333.0616
333.0587
333.05507
333.05028
333.04335
333.03065
333.0719
333.07172
333.07132
333.0707
333.06985
333.06876
333.0674
333.06576
333.06377
333.06138
333.05848
333.05484
333.05004
333.0431
333.03036
333.07169
333.07151
333.07111
333.07049
333.06964
333.06855
333.06719
333.06554
333.06356
333.06117
333.05825
333.05461
333.0498
333.04284
333.03007
333.07148
333.0713
333.0709
333.07029
333.06944
333.06834
333.06698
333.06533
333.06334
333.06095
333.05803
333.05438
333.04956
333.04259
333.02978
333.07128
333.0711
333.0707
333.07008
333.06923
333.06813
333.06677
333.06511
333.06312
333.06073
333.0578
333.05414
333.04932
333.04233
333.02949
333.07107
333.07089
333.07049
333.06987
333.06902
333.06792
333.06656
333.0649
333.06291
333.0605
333.05758
333.05391
333.04908
333.04207
333.02919
333.07086
333.07068
333.07028
333.06966
333.06881
333.06771
333.06634
333.06469
333.06269
333.06028
333.05735
333.05368
333.04884
333.04181
333.02889
333.07065
333.07047
333.07007
333.06945
333.0686
333.0675
333.06613
333.06447
333.06247
333.06006
333.05712
333.05344
333.04859
333.04155
333.02859
333.07045
333.07026
333.06986
333.06924
333.06839
333.06729
333.06592
333.06426
333.06225
333.05984
333.0569
333.05321
333.04835
333.04128
333.02829
333.07024
333.07006
333.06965
333.06903
333.06818
333.06707
333.06571
333.06404
333.06203
333.05962
333.05667
333.05297
333.0481
333.04102
333.02798
333.07003
333.06985
333.06945
333.06882
333.06797
333.06686
333.06549
333.06382
333.06181
333.05939
333.05644
333.05274
333.04785
333.04075
333.02767
333.06982
333.06964
333.06924
333.06861
333.06775
333.06665
333.06528
333.06361
333.06159
333.05917
333.05621
333.0525
333.0476
333.04048
333.02736
333.06961
333.06943
333.06903
333.0684
333.06754
333.06644
333.06506
333.06339
333.06137
333.05894
333.05598
333.05226
333.04735
333.04021
333.02704
333.0694
333.06922
333.06882
333.06819
333.06733
333.06622
333.06485
333.06317
333.06115
333.05872
333.05575
333.05202
333.0471
333.03993
333.02672
333.06919
333.06901
333.06861
333.06798
333.06712
333.06601
333.06463
333.06295
333.06093
333.05849
333.05552
333.05178
333.04684
333.03966
333.0264
333.06898
333.0688
333.0684
333.06777
333.06691
333.0658
333.06442
333.06273
333.06071
333.05827
333.05528
333.05154
333.04659
333.03938
333.02607
333.06877
333.06859
333.06819
333.06756
333.06669
333.06558
333.0642
333.06252
333.06049
333.05804
333.05505
333.0513
333.04633
333.0391
333.02574
333.06856
333.06838
333.06797
333.06735
333.06648
333.06537
333.06398
333.0623
333.06026
333.05781
333.05481
333.05105
333.04607
333.03882
333.0254
333.06835
333.06817
333.06776
333.06713
333.06627
333.06515
333.06377
333.06208
333.06004
333.05758
333.05458
333.05081
333.04582
333.03853
333.02505
333.06814
333.06796
333.06755
333.06692
333.06605
333.06494
333.06355
333.06186
333.05981
333.05735
333.05434
333.05056
333.04555
333.03824
333.0247
333.06793
333.06775
333.06734
333.06671
333.06584
333.06472
333.06333
333.06163
333.05959
333.05712
333.0541
333.05031
333.04529
333.03795
333.02435
333.06772
333.06754
333.06713
333.06649
333.06563
333.06451
333.06311
333.06141
333.05936
333.05689
333.05387
333.05006
333.04502
333.03766
333.02398
333.06751
333.06732
333.06691
333.06628
333.06541
333.06429
333.06289
333.06119
333.05914
333.05666
333.05363
333.04981
333.04476
333.03736
333.0236
333.0673
333.06711
333.0667
333.06607
333.0652
333.06407
333.06267
333.06097
333.05891
333.05643
333.05339
333.04956
333.04448
333.03705
333.02321
333.06708
333.0669
333.06649
333.06585
333.06498
333.06385
333.06245
333.06074
333.05868
333.05619
333.05314
333.04931
333.04421
333.03674
333.02281
333.06687
333.06669
333.06628
333.06564
333.06476
333.06364
333.06223
333.06052
333.05845
333.05596
333.0529
333.04905
333.04393
333.03643
333.02237
333.06666
333.06647
333.06606
333.06543
333.06455
333.06342
333.06201
333.0603
333.05823
333.05572
333.05266
333.04879
333.04365
333.0361
333.0219
)
;

boundaryField
{
    water_inlet
    {
        type            fixedValue;
        value           uniform 333.15;
    }
    water_outlet
    {
        type            zeroGradient;
    }
    water_wedge1
    {
        type            wedge;
    }
    water_wedge2
    {
        type            wedge;
    }
    water_to_rock
    {
        type            compressible::turbulentTemperatureRadCoupledMixed;
        refValue        nonuniform List<scalar> 
400
(
317.74691
320.43165
321.96631
322.9498
323.64103
324.16156
324.57368
324.91207
325.1976
325.44362
325.65914
325.8505
326.02232
326.17805
326.32034
326.45128
326.57249
326.68531
326.79082
326.88991
326.98331
327.07165
327.15544
327.23513
327.3111
327.38366
327.45312
327.5197
327.58364
327.64513
327.70434
327.76142
327.81652
327.86976
327.92126
327.97111
328.01943
328.06628
328.11175
328.15592
328.19885
328.24059
328.28122
328.32077
328.3593
328.39686
328.43348
328.46921
328.50407
328.53811
328.57135
328.60383
328.63557
328.66659
328.69693
328.72661
328.75564
328.78405
328.81186
328.83908
328.86573
328.89184
328.91741
328.94246
328.967
328.99105
329.01462
329.03773
329.06038
329.08258
329.10436
329.12571
329.14665
329.16719
329.18733
329.20709
329.22647
329.24549
329.26414
329.28245
329.30041
329.31804
329.33533
329.35231
329.36897
329.38531
329.40136
329.41711
329.43256
329.44774
329.46263
329.47725
329.49159
329.50568
329.5195
329.53308
329.5464
329.55948
329.57232
329.58492
329.59729
329.60944
329.62136
329.63306
329.64455
329.65583
329.6669
329.67777
329.68844
329.69891
329.70919
329.71929
329.72919
329.73891
329.74846
329.75782
329.76701
329.77604
329.78489
329.79358
329.80211
329.81048
329.8187
329.82676
329.83467
329.84243
329.85004
329.85751
329.86484
329.87203
329.87909
329.88601
329.8928
329.89945
329.90599
329.91239
329.91867
329.92483
329.93088
329.9368
329.94261
329.94831
329.95389
329.95936
329.96473
329.96999
329.97515
329.9802
329.98515
329.99001
329.99476
329.99942
330.00399
330.00846
330.01285
330.01714
330.02134
330.02546
330.02949
330.03344
330.03731
330.04109
330.0448
330.04843
330.05198
330.05545
330.05885
330.06217
330.06543
330.06861
330.07172
330.07476
330.07774
330.08065
330.08349
330.08627
330.08898
330.09164
330.09423
330.09676
330.09923
330.10164
330.10399
330.10629
330.10852
330.11071
330.11284
330.11491
330.11694
330.11891
330.12082
330.12269
330.12451
330.12628
330.12799
330.12966
330.13129
330.13286
330.13439
330.13588
330.13732
330.13871
330.14006
330.14137
330.14263
330.14385
330.14503
330.14617
330.14727
330.14832
330.14934
330.15031
330.15125
330.15215
330.15301
330.15383
330.15461
330.15536
330.15607
330.15674
330.15737
330.15797
330.15853
330.15906
330.15955
330.16
330.16043
330.16081
330.16116
330.16148
330.16176
330.16201
330.16222
330.1624
330.16255
330.16267
330.16275
330.16279
330.16281
330.16279
330.16273
330.16265
330.16253
330.16238
330.1622
330.16198
330.16173
330.16145
330.16113
330.16078
330.1604
330.15999
330.15954
330.15906
330.15855
330.158
330.15742
330.15681
330.15616
330.15548
330.15477
330.15402
330.15323
330.15242
330.15157
330.15068
330.14976
330.1488
330.14781
330.14678
330.14572
330.14462
330.14348
330.14231
330.1411
330.13985
330.13856
330.13724
330.13588
330.13448
330.13304
330.13156
330.13004
330.12848
330.12688
330.12523
330.12355
330.12182
330.12005
330.11824
330.11638
330.11448
330.11254
330.11054
330.10851
330.10642
330.10429
330.10211
330.09988
330.09761
330.09528
330.0929
330.09047
330.08799
330.08546
330.08287
330.08023
330.07753
330.07478
330.07197
330.0691
330.06618
330.06319
330.06014
330.05704
330.05387
330.05063
330.04733
330.04397
330.04054
330.03704
330.03347
330.02983
330.02613
330.02234
330.01849
330.01456
330.01055
330.00646
330.00229
329.99805
329.99372
329.9893
329.98481
329.98022
329.97554
329.97078
329.96592
329.96096
329.95591
329.95076
329.94551
329.94016
329.9347
329.92913
329.92346
329.91767
329.91177
329.90575
329.8996
329.89334
329.88694
329.88042
329.87376
329.86697
329.86004
329.85296
329.84573
329.83834
329.8308
329.8231
329.81523
329.80718
329.79895
329.79054
329.78193
329.77312
329.76411
329.75487
329.74541
329.73572
329.72577
329.71557
329.70509
329.69433
329.68327
329.67188
329.66015
329.64806
329.63559
329.6227
329.60936
329.59554
329.58119
329.56626
329.55069
329.53441
329.51734
329.49936
329.48035
329.46013
329.43847
329.41507
329.38948
329.36105
329.32875
329.29077
329.24373
329.18065
329.08561
)
;
        refGradient     uniform 0;
        valueFraction   nonuniform List<scalar> 
400
(
0.032673807
0.028204568
0.025684431
0.024212431
0.023360125
0.022897446
0.022689133
0.022650166
0.022724426
0.022873521
0.023070448
0.023295771
0.023535206
0.023778069
0.024016252
0.024243575
0.024455385
0.024648328
0.024820224
0.024969997
0.025097595
0.025203872
0.025290422
0.025359364
0.025413115
0.025454171
0.025484927
0.02550755
0.025523909
0.025535555
0.025543726
0.025549387
0.025553265
0.025555896
0.025557664
0.025558832
0.025559578
0.02556001
0.02556019
0.025560144
0.02555988
0.025559388
0.025558652
0.025557653
0.02555637
0.025554785
0.025552882
0.025550648
0.025548073
0.025545151
0.025541879
0.025538257
0.025534286
0.025529971
0.025525318
0.025520333
0.025515025
0.025509404
0.025503478
0.02549726
0.025490758
0.025483984
0.025476953
0.025469678
0.025462175
0.025454462
0.025446553
0.025438463
0.025430201
0.025421777
0.025413197
0.025404468
0.025395592
0.025386578
0.025377431
0.025368159
0.025358767
0.025349263
0.025339651
0.025329941
0.025320136
0.025310245
0.025300273
0.025290227
0.025280112
0.025269936
0.025259703
0.025249421
0.025239095
0.025228731
0.025218334
0.025207911
0.025197467
0.025187008
0.025176538
0.025166065
0.025155592
0.025145126
0.025134673
0.025124237
0.025113825
0.025103442
0.025093095
0.025082788
0.025072528
0.025062321
0.025052175
0.025042095
0.025032088
0.025022163
0.025012326
0.025002586
0.024992951
0.024983428
0.024974028
0.024964759
0.02495563
0.024946651
0.024937831
0.02492918
0.024920708
0.024912425
0.024904339
0.02489646
0.024888798
0.02488136
0.024874156
0.024867191
0.024860474
0.024854011
0.024847807
0.024841867
0.024836194
0.024830793
0.024825664
0.02482081
0.02481623
0.024811925
0.024807893
0.024804131
0.024800638
0.024797409
0.02479444
0.024791726
0.024789261
0.024787041
0.024785058
0.024783305
0.024781775
0.024780461
0.024779354
0.024778447
0.024777732
0.0247772
0.024776843
0.024776652
0.02477662
0.024776738
0.024776997
0.024777389
0.024777907
0.024778542
0.024779287
0.024780135
0.024781077
0.024782107
0.024783219
0.024784405
0.024785659
0.024786976
0.024788351
0.024789779
0.024791257
0.02479278
0.024794343
0.024795942
0.024797571
0.024799225
0.0248009
0.024802591
0.024804294
0.024806004
0.024807718
0.024809432
0.024811143
0.024812847
0.024814542
0.024816225
0.024817893
0.024819545
0.024821179
0.024822792
0.024824385
0.024825955
0.024827502
0.024829024
0.024830521
0.024831991
0.024833435
0.024834852
0.024836239
0.024837597
0.024838925
0.024840222
0.024841486
0.024842718
0.024843916
0.02484508
0.024846209
0.024847303
0.024848362
0.024849386
0.024850375
0.02485133
0.024852251
0.024853138
0.024853993
0.024854816
0.024855609
0.024856371
0.024857104
0.024857809
0.024858485
0.024859134
0.024859756
0.024860351
0.024860919
0.024861461
0.024861976
0.024862465
0.024862928
0.024863365
0.024863777
0.024864163
0.024864524
0.024864861
0.024865174
0.024865464
0.024865732
0.024865977
0.024866202
0.024866407
0.024866593
0.024866761
0.024866912
0.024867046
0.024867164
0.024867267
0.024867357
0.024867433
0.024867496
0.024867547
0.024867587
0.024867616
0.024867634
0.024867642
0.024867641
0.024867631
0.024867611
0.024867583
0.024867546
0.0248675
0.024867446
0.024867384
0.024867314
0.024867236
0.02486715
0.024867057
0.024866957
0.02486685
0.024866737
0.024866619
0.024866497
0.024866371
0.024866242
0.024866111
0.02486598
0.024865847
0.024865715
0.024865583
0.024865452
0.024865322
0.024865193
0.024865066
0.024864939
0.024864814
0.024864689
0.024864565
0.024864441
0.024864317
0.024864192
0.024864068
0.024863943
0.024863818
0.024863693
0.024863568
0.024863443
0.024863319
0.024863196
0.024863075
0.024862955
0.024862837
0.024862722
0.024862609
0.024862499
0.024862392
0.024862288
0.024862188
0.02486209
0.024861995
0.024861903
0.024861814
0.024861727
0.024861643
0.024861562
0.024861482
0.024861406
0.024861332
0.02486126
0.02486119
0.024861123
0.024861059
0.024860997
0.024860937
0.02486088
0.024860825
0.024860772
0.024860722
0.024860673
0.024860627
0.024860583
0.024860541
0.0248605
0.024860462
0.024860425
0.02486039
0.024860357
0.024860326
0.024860296
0.024860269
0.024860243
0.024860219
0.024860197
0.024860177
0.024860159
0.024860143
0.024860128
0.024860115
0.024860104
0.024860094
0.024860085
0.024860077
0.02486007
0.024860064
0.024860059
0.024860055
0.024860052
0.02486005
0.024860048
0.024860047
0.024860047
0.024860048
0.02486005
0.024860053
0.024860056
0.024860061
0.024860066
0.024860072
0.024860079
0.024860086
0.024860094
0.024860102
0.02486011
0.024860119
0.024860127
0.024860136
0.024860144
0.024860153
0.024860161
0.02486017
0.024860178
0.024860186
0.024860195
0.024860204
0.024860213
0.024860223
0.024860233
0.024860244
0.024860256
0.024860268
0.02486028
0.024860293
0.024860306
0.024860319
0.024860332
0.024860345
0.024860357
0.024860369
0.02486038
0.02486039
)
;
        source          uniform 0;
        value           nonuniform List<scalar> 
400
(
332.63952
332.77832
332.84494
332.88097
332.902
332.91486
332.9229
332.92795
332.93109
332.93298
332.93406
332.9346
332.93482
332.93485
332.93481
332.93477
332.93478
332.93489
332.93511
332.93545
332.93593
332.93654
332.93726
332.93808
332.93899
332.93996
332.94097
332.94202
332.94309
332.94416
332.94524
332.94631
332.94737
332.94842
332.94945
332.95046
332.95146
332.95243
332.95339
332.95433
332.95525
332.95616
332.95704
332.95792
332.95877
332.95961
332.96044
332.96125
332.96205
332.96284
332.96361
332.96437
332.96512
332.96586
332.96658
332.96729
332.96799
332.96869
332.96937
332.97004
332.97069
332.97134
332.97198
332.97261
332.97323
332.97384
332.97444
332.97503
332.97561
332.97619
332.97675
332.9773
332.97785
332.97838
332.97891
332.97943
332.97994
332.98044
332.98094
332.98142
332.9819
332.98237
332.98283
332.98328
332.98373
332.98417
332.9846
332.98502
332.98543
332.98584
332.98624
332.98663
332.98702
332.9874
332.98777
332.98813
332.98849
332.98884
332.98919
332.98952
332.98985
332.99018
332.99049
332.9908
332.99111
332.9914
332.99169
332.99198
332.99226
332.99253
332.99279
332.99305
332.9933
332.99355
332.99379
332.99402
332.99425
332.99447
332.99468
332.99489
332.99509
332.99529
332.99548
332.99566
332.99584
332.99601
332.99617
332.99633
332.99648
332.99662
332.99676
332.99689
332.99702
332.99714
332.99725
332.99736
332.99746
332.99755
332.99764
332.99772
332.9978
332.99787
332.99794
332.998
332.99805
332.9981
332.99814
332.99818
332.99821
332.99823
332.99825
332.99827
332.99828
332.99829
332.99829
332.99828
332.99827
332.99826
332.99824
332.99822
332.99819
332.99816
332.99813
332.99809
332.99805
332.998
332.99795
332.9979
332.99784
332.99778
332.99772
332.99765
332.99758
332.99751
332.99743
332.99735
332.99727
332.99718
332.99709
332.997
332.99691
332.99681
332.99671
332.99661
332.99651
332.9964
332.9963
332.99619
332.99607
332.99596
332.99584
332.99572
332.9956
332.99548
332.99536
332.99523
332.9951
332.99497
332.99484
332.99471
332.99457
332.99443
332.9943
332.99416
332.99401
332.99387
332.99373
332.99358
332.99343
332.99328
332.99313
332.99298
332.99283
332.99268
332.99252
332.99236
332.99221
332.99205
332.99189
332.99172
332.99156
332.9914
332.99123
332.99106
332.9909
332.99073
332.99056
332.99039
332.99021
332.99004
332.98986
332.98969
332.98951
332.98933
332.98915
332.98897
332.98879
332.98861
332.98843
332.98824
332.98806
332.98787
332.98768
332.98749
332.9873
332.98711
332.98692
332.98673
332.98653
332.98634
332.98614
332.98594
332.98575
332.98555
332.98535
332.98514
332.98494
332.98474
332.98453
332.98432
332.98412
332.98391
332.9837
332.98349
332.98327
332.98306
332.98285
332.98263
332.98241
332.9822
332.98198
332.98176
332.98153
332.98131
332.98109
332.98086
332.98063
332.98041
332.98018
332.97995
332.97971
332.97948
332.97924
332.97901
332.97877
332.97853
332.97829
332.97805
332.9778
332.97756
332.97731
332.97706
332.97681
332.97656
332.97631
332.97605
332.9758
332.97554
332.97528
332.97502
332.97475
332.97449
332.97422
332.97395
332.97368
332.97341
332.97314
332.97286
332.97258
332.9723
332.97202
332.97174
332.97145
332.97116
332.97087
332.97058
332.97028
332.96999
332.96969
332.96938
332.96908
332.96877
332.96847
332.96815
332.96784
332.96752
332.9672
332.96688
332.96656
332.96623
332.9659
332.96557
332.96523
332.96489
332.96455
332.96421
332.96386
332.96351
332.96315
332.9628
332.96244
332.96207
332.9617
332.96133
332.96096
332.96058
332.96019
332.95981
332.95942
332.95902
332.95862
332.95822
332.95781
332.9574
332.95698
332.95656
332.95613
332.9557
332.95527
332.95482
332.95438
332.95392
332.95347
332.953
332.95253
332.95205
332.95157
332.95108
332.95058
332.95008
332.94956
332.94904
332.94851
332.94797
332.94743
332.94687
332.9463
332.94573
332.94514
332.94454
332.94392
332.94329
332.94265
332.94199
332.94131
332.94062
332.9399
332.93916
332.93839
332.9376
332.93676
332.93589
332.93497
332.93398
332.93292
332.93175
332.93042
332.92886
332.92687
332.92404
)
;
        logInterval     -1;
        writePrecision  8;
        updateHeader    1;
        writeToFile     0;
        useUserTime     1;
        kappaMethod     fluidThermo;
    }
}


// ************************************************************************* //
